20 0.0546875 0.38046875 0.04921875 0.4515625
28 0.11015625 0.38359375 0.06328125 0.47109375
28 0.16953125 0.4109375 0.0546875 0.49140625
13 0.21953125 0.42421875 0.0515625 0.43125
13 0.60546875 0.55859375 0.0546875 0.4375
11 0.27421875 0.44453125 0.059375 0.40390625
11 0.41171875 0.49453125 0.04375 0.4109375
1 0.32578125 0.44765625 0.0328125 0.4109375
1 0.36640625 0.478125 0.03515625 0.4109375
1 0.71640625 0.6046875 0.03984375 0.40703125
7 0.471875 0.50546875 0.05390625 0.4171875
7 0.8859375 0.65625 0.05703125 0.4578125
21 0.5375 0.53515625 0.0640625 0.42421875
2 0.66171875 0.5890625 0.05234375 0.40390625
8 0.76640625 0.628125 0.05390625 0.40078125
4 0.82734375 0.64453125 0.05546875 0.4140625
4 0.9453125 0.6921875 0.0625 0.44140625