20 0.05390625 0.32890625 0.053125 0.5140625
28 0.1109375 0.36484375 0.0671875 0.51015625
26 0.171875 0.37421875 0.0578125 0.5140625
13 0.2296875 0.3984375 0.05390625 0.50234375
13 0.6265625 0.55390625 0.053125 0.46484375
11 0.2859375 0.425 0.05546875 0.4875
2 0.3453125 0.44765625 0.0625 0.525
2 0.684375 0.5765625 0.05390625 0.4796875
1 0.39375 0.45546875 0.0375 0.4875
11 0.44296875 0.4765625 0.04921875 0.49140625
6 0.496875 0.4953125 0.0515625 0.4765625
21 0.5640625 0.521875 0.06796875 0.49140625
0 0.7375 0.5859375 0.05078125 0.46875
4 0.7921875 0.6046875 0.05390625 0.453125
3 0.83828125 0.62734375 0.04921875 0.43046875
3 0.88515625 0.65546875 0.05390625 0.4421875
3 0.94140625 0.67109375 0.0578125 0.434375