29 0.06875 0.2515625 0.07265625 0.3015625
28 0.1359375 0.29296875 0.05078125 0.25234375
29 0.6265625 0.6015625 0.08046875 0.30703125
16 0.19375 0.33046875 0.05 0.26953125
32 0.2453125 0.36015625 0.0390625 0.29609375
32 0.29453125 0.3875 0.04375 0.26953125
32 0.346875 0.41953125 0.04453125 0.27578125
32 0.5046875 0.5125 0.03984375 0.2609375
1 0.4015625 0.459375 0.03046875 0.25234375
26 0.4546875 0.4953125 0.04296875 0.28984375
11 0.55703125 0.546875 0.04296875 0.27265625
0 0.6953125 0.6375 0.04609375 0.246875
0 0.95703125 0.78828125 0.0421875 0.25546875
6 0.74609375 0.66328125 0.04375 0.27578125
3 0.796875 0.70078125 0.05 0.25859375
2 0.85078125 0.73828125 0.04453125 0.27578125
1 0.90390625 0.76796875 0.028125 0.25