29 0.07265625 0.2625 0.075 0.284375
28 0.13828125 0.3046875 0.053125 0.29296875
16 0.19296875 0.32734375 0.0484375 0.27578125
32 0.24375 0.36328125 0.04609375 0.2671875
32 0.29453125 0.3890625 0.04375 0.2609375
32 0.346875 0.41328125 0.04453125 0.28125
32 0.50703125 0.52265625 0.046875 0.29296875
1 0.40078125 0.45390625 0.03515625 0.27578125
1 0.903125 0.76484375 0.03046875 0.27265625
26 0.45390625 0.48984375 0.04453125 0.29609375
11 0.5578125 0.5453125 0.04921875 0.26953125
29 0.62890625 0.59140625 0.07578125 0.2875
0 0.69609375 0.62734375 0.04140625 0.27890625
0 0.95625 0.78984375 0.0453125 0.28125
6 0.74609375 0.66484375 0.04453125 0.27265625
3 0.79921875 0.69453125 0.04375 0.2875
2 0.85078125 0.73359375 0.04296875 0.284375