30 0.08359375 0.5234375 0.06484375 0.4984375
29 0.15 0.5296875 0.0828125 0.54921875
14 0.2203125 0.5265625 0.059375 0.5046875
20 0.271875 0.5234375 0.05546875 0.5234375
20 0.57265625 0.5109375 0.05703125 0.5109375
2 0.321875 0.5265625 0.05234375 0.5171875
4 0.36953125 0.5296875 0.05390625 0.54921875
1 0.41484375 0.5171875 0.04453125 0.56171875
6 0.46171875 0.5234375 0.04921875 0.53671875
11 0.51484375 0.53359375 0.059375 0.5171875
12 0.6265625 0.53671875 0.0609375 0.53671875
0 0.68203125 0.54921875 0.04921875 0.5109375
0 0.72890625 0.53359375 0.04765625 0.5171875
0 0.7765625 0.54609375 0.05 0.5171875
3 0.82578125 0.54921875 0.0515625 0.5234375
3 0.925 0.54609375 0.05078125 0.5171875
7 0.8765625 0.54296875 0.0453125 0.5109375