30 0.07734375 0.4640625 0.053125 0.3703125
29 0.14609375 0.4546875 0.08984375 0.425
14 0.21484375 0.48671875 0.0546875 0.39765625
16 0.2703125 0.478125 0.0609375 0.38828125
2 0.32890625 0.50078125 0.04296875 0.34296875
4 0.37421875 0.50546875 0.0484375 0.39765625
4 0.46953125 0.51640625 0.05078125 0.34765625
1 0.42109375 0.4984375 0.02734375 0.34765625
11 0.52421875 0.5140625 0.05390625 0.3796875
21 0.584375 0.52578125 0.06640625 0.375
0 0.64296875 0.5328125 0.04453125 0.3703125
0 0.69140625 0.5484375 0.04375 0.365625
0 0.73828125 0.56953125 0.04609375 0.3796875
5 0.78671875 0.5671875 0.040625 0.365625
9 0.83515625 0.5671875 0.04609375 0.384375
9 0.93125 0.58046875 0.0453125 0.35703125
7 0.88203125 0.5765625 0.040625 0.365625