32 0.06171875 0.375 0.05 0.53671875
9 0.1125 0.38125 0.04765625 0.5046875
4 0.16796875 0.4 0.04921875 0.5171875
4 0.43203125 0.47109375 0.0546875 0.52421875
23 0.22734375 0.40625 0.05390625 0.48984375
11 0.27890625 0.4203125 0.05078125 0.50703125
11 0.4921875 0.48203125 0.04375 0.51171875
8 0.33984375 0.43984375 0.05078125 0.4875
1 0.3890625 0.45625 0.02890625 0.5046875
1 0.7265625 0.546875 0.025 0.546875
1 0.82109375 0.5640625 0.03359375 0.496875
22 0.55390625 0.49375 0.05390625 0.509375
24 0.6140625 0.50078125 0.05546875 0.5296875
0 0.6734375 0.528125 0.0640625 0.509375
0 0.93125 0.596875 0.06328125 0.51171875
3 0.7703125 0.5578125 0.05703125 0.52421875
7 0.871875 0.57265625 0.06328125 0.5046875