32 0.0609375 0.36875 0.0515625 0.5046875
9 0.115625 0.3828125 0.05234375 0.5171875
4 0.1703125 0.40390625 0.0453125 0.51953125
4 0.4328125 0.4796875 0.046875 0.51171875
23 0.2265625 0.43125 0.05234375 0.5390625
11 0.2828125 0.4359375 0.04765625 0.509375
11 0.49140625 0.48125 0.05390625 0.5390625
8 0.340625 0.4359375 0.05 0.484375
1 0.3875 0.46015625 0.025 0.50234375
1 0.728125 0.54453125 0.0265625 0.51171875
1 0.81953125 0.56640625 0.03515625 0.496875
22 0.55234375 0.49375 0.05703125 0.52421875
24 0.61171875 0.5171875 0.05703125 0.50703125
0 0.6734375 0.5453125 0.05859375 0.5046875
0 0.93359375 0.59140625 0.065625 0.51171875
3 0.76796875 0.5484375 0.04921875 0.51484375
7 0.86875 0.56953125 0.059375 0.53671875