32 0.06796875 0.41796875 0.04375 0.51640625
9 0.11875 0.43125 0.04609375 0.509375
4 0.16796875 0.43359375 0.046875 0.540625
4 0.940625 0.59453125 0.05390625 0.53046875
4 0.70546875 0.5234375 0.04765625 0.53046875
16 0.21953125 0.41484375 0.0515625 0.503125
2 0.27109375 0.44375 0.04453125 0.51328125
8 0.3234375 0.446875 0.04765625 0.5265625
1 0.37734375 0.465625 0.03671875 0.51640625
3 0.42890625 0.47734375 0.04375 0.51328125
3 0.65 0.5265625 0.04140625 0.5234375
11 0.48359375 0.4828125 0.04765625 0.503125
21 0.53984375 0.49453125 0.04921875 0.51328125
24 0.59375 0.5265625 0.05078125 0.51640625
6 0.7625 0.546875 0.0515625 0.509375
0 0.81953125 0.5640625 0.0484375 0.54375
0 0.88046875 0.57265625 0.053125 0.546875