30 0.075 0.5171875 0.0671875 0.48125
29 0.1359375 0.51953125 0.08671875 0.453125
14 0.20625 0.51171875 0.06640625 0.45859375
17 0.2625 0.51171875 0.0671875 0.44765625
5 0.31640625 0.51171875 0.05 0.43671875
8 0.36171875 0.51171875 0.053125 0.43671875
1 0.409375 0.528125 0.05078125 0.48125
6 0.45703125 0.51171875 0.05 0.40390625
11 0.50859375 0.50546875 0.06640625 0.44765625
21 0.57578125 0.4921875 0.07578125 0.409375
0 0.63203125 0.51171875 0.04453125 0.46953125
0 0.6796875 0.51171875 0.05078125 0.503125
0 0.728125 0.4921875 0.0484375 0.48671875
9 0.77578125 0.49453125 0.04609375 0.44765625
9 0.91953125 0.48125 0.04609375 0.453125
4 0.825 0.48671875 0.046875 0.38671875
3 0.871875 0.4890625 0.05 0.44765625