5 0.3171875 0.5171875 0.046875 0.40390625
30 0.0765625 0.52265625 0.0640625 0.40390625
29 0.13671875 0.525 0.08203125 0.43125
14 0.20703125 0.525 0.06484375 0.3984375
17 0.2640625 0.52265625 0.05859375 0.45859375
8 0.365625 0.5 0.053125 0.40390625
1 0.4078125 0.48359375 0.0390625 0.40390625
6 0.4546875 0.50546875 0.046875 0.3921875
11 0.51015625 0.48359375 0.06015625 0.40390625
21 0.578125 0.48671875 0.0734375 0.38671875
0 0.634375 0.49453125 0.05078125 0.41484375
0 0.6828125 0.4921875 0.05 0.38671875
0 0.728125 0.48125 0.0484375 0.3984375
9 0.77578125 0.48359375 0.0453125 0.41484375
9 0.91953125 0.475 0.0515625 0.3984375
4 0.82421875 0.46171875 0.05 0.41484375
3 0.871875 0.4640625 0.04375 0.4421875