30 0.0765625 0.38203125 0.05703125 0.4125
29 0.14140625 0.40625 0.084375 0.4546875
14 0.2078125 0.4234375 0.05859375 0.42734375
16 0.2640625 0.4390625 0.06953125 0.44296875
2 0.31796875 0.45078125 0.0515625 0.4125
4 0.36796875 0.46953125 0.0515625 0.4203125
4 0.45546875 0.4890625 0.04921875 0.38203125
1 0.4078125 0.4734375 0.0328125 0.38203125
11 0.51015625 0.52890625 0.05234375 0.3859375
21 0.571875 0.5421875 0.071875 0.4046875
0 0.63046875 0.55 0.0515625 0.37421875
0 0.6796875 0.57109375 0.04453125 0.3625
0 0.72734375 0.58828125 0.04765625 0.38203125
5 0.778125 0.603125 0.0484375 0.38984375
9 0.8265625 0.628125 0.0453125 0.3703125
6 0.875 0.6359375 0.05234375 0.378125
3 0.9265625 0.65703125 0.05390625 0.38203125