30 0.078125 0.37578125 0.05625 0.3546875
29 0.140625 0.38359375 0.0828125 0.3703125
14 0.20625 0.4140625 0.05078125 0.3703125
16 0.2640625 0.44296875 0.06640625 0.3515625
2 0.3171875 0.46796875 0.05390625 0.34765625
4 0.36484375 0.47734375 0.05 0.35859375
4 0.45546875 0.509375 0.0484375 0.33203125
1 0.40703125 0.5 0.0328125 0.34375
11 0.509375 0.51953125 0.05078125 0.36640625
21 0.57109375 0.540625 0.07265625 0.3546875
0 0.63203125 0.5609375 0.046875 0.3359375
0 0.6796875 0.57265625 0.0453125 0.35859375
0 0.72734375 0.59921875 0.04453125 0.34375
5 0.77890625 0.60859375 0.04296875 0.3625
9 0.825 0.61875 0.04765625 0.34375
6 0.875 0.63203125 0.0515625 0.33984375
3 0.928125 0.64921875 0.0484375 0.3359375