20 0.0734375 0.32578125 0.0546875 0.34453125
20 0.546875 0.5453125 0.06015625 0.35625
15 0.12734375 0.346875 0.0546875 0.39375
11 0.18046875 0.36484375 0.0546875 0.38203125
16 0.23125 0.39609375 0.0578125 0.3703125
14 0.28515625 0.42109375 0.05078125 0.36171875
3 0.33671875 0.43984375 0.05703125 0.36484375
0 0.390625 0.47734375 0.05546875 0.34140625
6 0.44375 0.4859375 0.05546875 0.3359375
6 0.815625 0.6625 0.0625 0.353125
6 0.49921875 0.51640625 0.0578125 0.32109375
6 0.76328125 0.64375 0.05703125 0.33828125
13 0.65390625 0.57890625 0.05703125 0.35859375
1 0.7046875 0.61796875 0.04140625 0.36171875
1 0.8640625 0.69140625 0.03828125 0.3765625
2 0.921875 0.71484375 0.0578125 0.346875
18 0.60234375 0.57890625 0.0578125 0.353125