30 0.05859375 0.37734375 0.06328125 0.51328125
32 0.11640625 0.3921875 0.06015625 0.528125
16 0.16875 0.421875 0.06328125 0.5203125
15 0.22265625 0.42890625 0.059375 0.55
15 0.278125 0.4421875 0.0671875 0.54609375
0 0.33125 0.46171875 0.06171875 0.54296875
6 0.38828125 0.46953125 0.05625 0.4984375
6 0.6640625 0.54609375 0.0625 0.484375
6 0.95234375 0.5828125 0.0609375 0.49140625
2 0.49921875 0.50390625 0.05625 0.50234375
21 0.55390625 0.5078125 0.0625 0.48046875
1 0.71953125 0.54453125 0.04453125 0.48046875
1 0.834375 0.5609375 0.04921875 0.5203125
3 0.77734375 0.559375 0.05390625 0.4734375
9 0.89140625 0.5703125 0.0640625 0.4875
10 0.44453125 0.4875 0.05390625 0.528125
10 0.61015625 0.515625 0.053125 0.509375