30 0.06015625 0.3921875 0.06171875 0.4765625
32 0.115625 0.390625 0.0609375 0.4953125
16 0.16640625 0.39609375 0.06484375 0.4984375
15 0.21953125 0.403125 0.05234375 0.49140625
15 0.2765625 0.425 0.06484375 0.4765625
0 0.33203125 0.44765625 0.05859375 0.484375
6 0.38984375 0.45625 0.06015625 0.48046875
6 0.95234375 0.57421875 0.0640625 0.52421875
6 0.665625 0.5296875 0.06328125 0.50234375
2 0.4984375 0.484375 0.053125 0.4765625
21 0.5515625 0.496875 0.0625 0.4953125
1 0.72109375 0.54453125 0.04375 0.5171875
1 0.8375 0.56484375 0.046875 0.49140625
3 0.77890625 0.559375 0.05390625 0.50234375
9 0.89375 0.56484375 0.06015625 0.4984375
10 0.44609375 0.48046875 0.046875 0.5203125
10 0.609375 0.5171875 0.05234375 0.49140625