32 0.06640625 0.4734375 0.0453125 0.66953125
9 0.1140625 0.46328125 0.04296875 0.63984375
4 0.16796875 0.46328125 0.04765625 0.6140625
4 0.43828125 0.46953125 0.05078125 0.61875
23 0.21953125 0.46484375 0.04609375 0.6359375
11 0.2734375 0.46484375 0.04765625 0.64375
8 0.328125 0.46953125 0.05234375 0.6359375
1 0.3859375 0.48203125 0.03515625 0.6609375
10 0.4953125 0.49453125 0.04921875 0.61875
22 0.55 0.4984375 0.05078125 0.61875
24 0.6046875 0.5046875 0.05546875 0.63984375
0 0.6625 0.503125 0.05 0.65234375
0 0.7796875 0.51796875 0.05546875 0.63984375
2 0.7203125 0.51328125 0.046875 0.60625
7 0.8390625 0.51953125 0.05234375 0.6609375
7 0.9609375 0.521875 0.05078125 0.6734375
6 0.9015625 0.53203125 0.05 0.62734375