2 0.8875 0.50390625 0.0546875 0.6234375
19 0.0625 0.49921875 0.05859375 0.6515625
22 0.11796875 0.5015625 0.06015625 0.61875
10 0.17734375 0.5109375 0.0578125 0.609375
18 0.2328125 0.5015625 0.04921875 0.609375
16 0.290625 0.50859375 0.06015625 0.5953125
5 0.3453125 0.50390625 0.04921875 0.5953125
5 0.4 0.5109375 0.0515625 0.609375
3 0.4515625 0.51328125 0.0484375 0.5859375
3 0.503125 0.5109375 0.04375 0.590625
9 0.553125 0.51328125 0.046875 0.5765625
5 0.94296875 0.4875 0.0578125 0.58125
7 0.61015625 0.50859375 0.053125 0.5953125
7 0.7203125 0.515625 0.05078125 0.609375
0 0.6625 0.50625 0.05078125 0.58125
0 0.7765625 0.49921875 0.04921875 0.5953125
0 0.83203125 0.51328125 0.0546875 0.6140625