19 0.0625 0.48984375 0.05546875 0.6421875
22 0.1203125 0.48046875 0.05703125 0.6140625
10 0.17890625 0.4921875 0.0578125 0.609375
18 0.23203125 0.47578125 0.04375 0.5953125
16 0.28984375 0.5109375 0.0578125 0.6
5 0.34609375 0.49453125 0.05 0.5953125
5 0.4015625 0.50625 0.04765625 0.609375
5 0.94140625 0.4828125 0.04921875 0.571875
3 0.45 0.49453125 0.0453125 0.6046875
3 0.5046875 0.50390625 0.0453125 0.5953125
9 0.55546875 0.5109375 0.04921875 0.58125
7 0.609375 0.48984375 0.0515625 0.6046875
7 0.7203125 0.5015625 0.05078125 0.65625
0 0.6609375 0.4921875 0.05 0.6
0 0.77421875 0.50625 0.0546875 0.6
0 0.83359375 0.50390625 0.05 0.6046875
2 0.88671875 0.49921875 0.0515625 0.6140625