4 0.9078125 0.59765625 0.0453125 0.41953125
30 0.0671875 0.4328125 0.0625 0.51796875
29 0.1453125 0.4328125 0.09296875 0.48203125
14 0.221875 0.44609375 0.05625 0.4640625
14 0.28125 0.459375 0.05234375 0.45546875
2 0.33515625 0.47734375 0.04296875 0.41953125
2 0.8171875 0.57578125 0.0453125 0.44609375
8 0.38515625 0.48671875 0.0453125 0.45546875
1 0.434375 0.49765625 0.03046875 0.4421875
1 0.48203125 0.5109375 0.03515625 0.4328125
11 0.53984375 0.51953125 0.05703125 0.41484375
21 0.60625 0.51796875 0.0703125 0.41015625
12 0.67265625 0.546875 0.05546875 0.41484375
0 0.72265625 0.56015625 0.04296875 0.42421875
0 0.76875 0.56875 0.0453125 0.45078125
0 0.953125 0.5953125 0.04375 0.37890625
1 0.8609375 0.59140625 0.0328125 0.396875