31 0.05546875 0.44296875 0.05703125 0.6359375
4 0.11328125 0.4453125 0.05234375 0.590625
19 0.1703125 0.44765625 0.0578125 0.60546875
8 0.21953125 0.44296875 0.0484375 0.615625
7 0.26875 0.440625 0.04765625 0.5703125
6 0.31796875 0.44765625 0.05234375 0.615625
2 0.37109375 0.47578125 0.04921875 0.6203125
2 0.94453125 0.49765625 0.05390625 0.5953125
13 0.43125 0.46796875 0.053125 0.57578125
0 0.48828125 0.50078125 0.04296875 0.56015625
21 0.55078125 0.478125 0.0640625 0.58515625
11 0.61796875 0.4828125 0.05234375 0.57578125
3 0.67421875 0.49296875 0.05 0.58515625
1 0.7265625 0.49765625 0.03828125 0.60546875
1 0.778125 0.48515625 0.03359375 0.58046875
9 0.8328125 0.50078125 0.0484375 0.58046875
9 0.8890625 0.49765625 0.0484375 0.5953125