32 0.06796875 0.31015625 0.05390625 0.39921875
9 0.12109375 0.3390625 0.0515625 0.4109375
4 0.17421875 0.35390625 0.046875 0.378125
4 0.4328125 0.4734375 0.04921875 0.40703125
4 0.8828125 0.69140625 0.05234375 0.409375
23 0.228125 0.375 0.05390625 0.378125
11 0.28359375 0.4140625 0.05625 0.40546875
11 0.4890625 0.5015625 0.05390625 0.39765625
8 0.34140625 0.42734375 0.05234375 0.3859375
1 0.38984375 0.44921875 0.034375 0.3625
1 0.83359375 0.66875 0.03984375 0.3953125
22 0.55 0.5265625 0.0625 0.409375
24 0.60703125 0.54609375 0.05625 0.425
0 0.6640625 0.58359375 0.05625 0.42265625
2 0.72421875 0.61484375 0.05859375 0.39921875
6 0.7859375 0.63203125 0.05390625 0.39921875
3 0.94296875 0.7015625 0.053125 0.39140625