32 0.06875 0.30234375 0.05546875 0.403125
9 0.1234375 0.3296875 0.05 0.3765625
4 0.17421875 0.35078125 0.0453125 0.37265625
4 0.43203125 0.46796875 0.04765625 0.38203125
4 0.8828125 0.68359375 0.053125 0.3703125
23 0.2296875 0.3703125 0.0546875 0.3765625
11 0.28359375 0.40078125 0.0515625 0.378125
11 0.49140625 0.4921875 0.05 0.38359375
8 0.34140625 0.43125 0.0515625 0.378125
1 0.39453125 0.4640625 0.02890625 0.378125
22 0.54765625 0.51796875 0.06015625 0.3875
1 0.8375 0.6640625 0.03515625 0.3859375
24 0.6078125 0.546875 0.0546875 0.4109375
0 0.66484375 0.57890625 0.05390625 0.37421875
2 0.72265625 0.60234375 0.05390625 0.40546875
6 0.78671875 0.63828125 0.05703125 0.3875
3 0.94375 0.70390625 0.05703125 0.403125