32 0.078125 0.33515625 0.05390625 0.40078125
9 0.1296875 0.35625 0.0515625 0.38828125
4 0.17890625 0.38828125 0.04609375 0.3703125
4 0.3328125 0.4390625 0.04375 0.35546875
4 0.70078125 0.59453125 0.04921875 0.3828125
12 0.23125 0.39921875 0.04765625 0.37265625
2 0.28125 0.43359375 0.0484375 0.3859375
2 0.65 0.58125 0.053125 0.40078125
1 0.3875 0.45390625 0.0328125 0.35546875
11 0.4375 0.478125 0.053125 0.378125
11 0.48828125 0.5046875 0.0546875 0.38046875
22 0.54453125 0.525 0.05546875 0.35
24 0.59765625 0.54375 0.05703125 0.37265625
8 0.75703125 0.6046875 0.0546875 0.3828125
8 0.815625 0.63203125 0.05078125 0.3859375
8 0.86875 0.65546875 0.0546875 0.378125
0 0.925 0.67890625 0.04765625 0.39296875