0 0.925 0.675 0.053125 0.390625
32 0.08125 0.3359375 0.053125 0.41328125
9 0.13125 0.3703125 0.04921875 0.36015625
4 0.18125 0.3890625 0.04453125 0.378125
4 0.3375 0.453125 0.05078125 0.36796875
4 0.70390625 0.6 0.04375 0.37265625
12 0.23359375 0.403125 0.05234375 0.3703125
2 0.28359375 0.42265625 0.0453125 0.36796875
2 0.64921875 0.56796875 0.053125 0.38046875
1 0.3921875 0.465625 0.0296875 0.36796875
11 0.4375 0.4765625 0.04921875 0.36015625
11 0.490625 0.5046875 0.0515625 0.365625
22 0.5453125 0.5109375 0.05390625 0.3625
24 0.5953125 0.5390625 0.05 0.3578125
8 0.75859375 0.61484375 0.0515625 0.37265625
8 0.81328125 0.64296875 0.05390625 0.378125
8 0.86875 0.65234375 0.05625 0.36015625