30 0.0484375 0.61015625 0.0546875 0.41015625
29 0.1171875 0.5875 0.08671875 0.3953125
8 0.18828125 0.57734375 0.05390625 0.365625
32 0.2421875 0.5484375 0.0546875 0.41484375
32 0.29609375 0.5359375 0.05546875 0.41953125
32 0.3515625 0.52109375 0.06015625 0.41015625
32 0.51875 0.49140625 0.053125 0.4296875
12 0.40859375 0.50859375 0.05234375 0.375
19 0.459375 0.50859375 0.05703125 0.425
22 0.571875 0.446875 0.0546875 0.41015625
16 0.63125 0.47890625 0.06171875 0.434375
0 0.68359375 0.45390625 0.046875 0.41484375
0 0.73671875 0.43203125 0.04609375 0.38984375
0 0.7859375 0.425 0.0484375 0.41484375
0 0.8375 0.4078125 0.0421875 0.4
9 0.890625 0.3921875 0.05078125 0.3703125
3 0.94375 0.4 0.04765625 0.45390625