32 0.075 0.40703125 0.04609375 0.6234375
9 0.125 0.42734375 0.05390625 0.5609375
4 0.17890625 0.425 0.0484375 0.5578125
4 0.44375 0.49140625 0.04609375 0.55
23 0.23046875 0.453125 0.03984375 0.53203125
11 0.2828125 0.45625 0.05078125 0.5171875
8 0.3390625 0.4765625 0.05078125 0.51328125
1 0.3953125 0.4984375 0.040625 0.4984375
11 0.49921875 0.496875 0.05078125 0.52421875
22 0.5515625 0.5171875 0.046875 0.528125
24 0.60625 0.528125 0.04921875 0.51328125
0 0.66171875 0.54453125 0.05390625 0.53203125
0 0.94296875 0.61796875 0.0609375 0.509375
2 0.7171875 0.56484375 0.046875 0.4984375
2 0.83046875 0.60859375 0.0484375 0.51328125
8 0.88671875 0.6046875 0.0453125 0.50625
6 0.775 0.5796875 0.04921875 0.528125