32 0.075 0.4109375 0.03984375 0.55
9 0.125 0.40546875 0.05078125 0.4875
4 0.17734375 0.4140625 0.05078125 0.51328125
4 0.44296875 0.496875 0.053125 0.4953125
23 0.2296875 0.43125 0.05 0.52421875
11 0.28203125 0.45625 0.05078125 0.5171875
8 0.33671875 0.45625 0.0453125 0.50234375
8 0.8859375 0.5921875 0.05546875 0.4953125
1 0.39296875 0.4671875 0.025 0.4953125
11 0.49453125 0.51171875 0.046875 0.509375
22 0.5546875 0.51328125 0.05 0.49140625
24 0.60390625 0.5265625 0.046875 0.53203125
0 0.66171875 0.54609375 0.05 0.49140625
0 0.9421875 0.61796875 0.04375 0.4953125
2 0.71875 0.5828125 0.0546875 0.53515625
2 0.83046875 0.59375 0.04453125 0.50625
2 0.771875 0.57578125 0.0453125 0.4765625