20 0.05703125 0.5234375 0.04765625 0.6296875
28 0.11484375 0.53203125 0.06484375 0.61328125
28 0.17265625 0.50859375 0.06484375 0.6
13 0.23359375 0.521875 0.05703125 0.575
11 0.296875 0.528125 0.05390625 0.61328125
11 0.47578125 0.52578125 0.053125 0.62578125
11 0.35703125 0.5171875 0.05703125 0.6
4 0.4171875 0.49609375 0.05703125 0.6171875
5 0.5296875 0.49765625 0.05390625 0.59609375
21 0.58984375 0.50625 0.0671875 0.61328125
13 0.6546875 0.49765625 0.05703125 0.61328125
1 0.70234375 0.5046875 0.03671875 0.575
3 0.7421875 0.49140625 0.05390625 0.59140625
5 0.7875 0.48125 0.04921875 0.5703125
8 0.8421875 0.47890625 0.04921875 0.5234375
3 0.89375 0.48125 0.05234375 0.553125
7 0.9421875 0.48984375 0.05234375 0.5703125