20 0.0515625 0.53828125 0.0546875 0.60859375
28 0.11171875 0.52578125 0.0609375 0.575
28 0.17578125 0.53203125 0.06171875 0.5875
13 0.2328125 0.53203125 0.0546875 0.57890625
13 0.65234375 0.5 0.05390625 0.58359375
11 0.29609375 0.51484375 0.05546875 0.5703125
2 0.3578125 0.52578125 0.06328125 0.575
4 0.41484375 0.50234375 0.0546875 0.5453125
11 0.471875 0.50859375 0.0515625 0.5578125
5 0.52890625 0.49140625 0.0515625 0.56640625
5 0.790625 0.48359375 0.053125 0.53203125
21 0.58828125 0.50234375 0.06171875 0.553125
1 0.69921875 0.48515625 0.0296875 0.53671875
3 0.7421875 0.48359375 0.04453125 0.5578125
3 0.89296875 0.4875 0.0484375 0.53203125
8 0.84140625 0.4765625 0.04375 0.48515625
7 0.94453125 0.50234375 0.0484375 0.53671875