30 0.075 0.42421875 0.06171875 0.4328125
29 0.1484375 0.4328125 0.0890625 0.3828125
14 0.22109375 0.45546875 0.05546875 0.40390625
16 0.2796875 0.46796875 0.06796875 0.41171875
2 0.3421875 0.51015625 0.05546875 0.35390625
2 0.8515625 0.63671875 0.05546875 0.3578125
4 0.384375 0.5078125 0.046875 0.34921875
4 0.48046875 0.52890625 0.05 0.36640625
1 0.43203125 0.5203125 0.04296875 0.36640625
1 0.89609375 0.65546875 0.03671875 0.37890625
11 0.5375 0.5578125 0.053125 0.39921875
22 0.59921875 0.565625 0.06015625 0.37421875
0 0.6515625 0.578125 0.04296875 0.3328125
0 0.70234375 0.60546875 0.0484375 0.35390625
0 0.74921875 0.60546875 0.04609375 0.3703125
7 0.79921875 0.62421875 0.04296875 0.37421875
5 0.94375 0.653125 0.04609375 0.37421875