30 0.0734375 0.42265625 0.06328125 0.40390625
29 0.15078125 0.44296875 0.0890625 0.46171875
14 0.21875 0.44921875 0.05859375 0.4078125
16 0.2796875 0.47265625 0.0625 0.3703125
2 0.3359375 0.49765625 0.0484375 0.35390625
2 0.846875 0.628125 0.05 0.37421875
4 0.38671875 0.52890625 0.0515625 0.36640625
4 0.48203125 0.53671875 0.04921875 0.3828125
1 0.43125 0.52890625 0.0359375 0.36640625
11 0.53828125 0.53671875 0.05546875 0.39140625
22 0.6 0.5578125 0.06171875 0.39140625
0 0.65234375 0.5765625 0.0484375 0.3953125
0 0.7015625 0.5828125 0.04375 0.34921875
0 0.75078125 0.5953125 0.04921875 0.3828125
7 0.79765625 0.6078125 0.05 0.36640625
1 0.89375 0.63671875 0.0484375 0.34921875
5 0.946875 0.653125 0.0546875 0.37421875