30 0.0875 0.46875 0.0515625 0.48828125
30 0.546875 0.54140625 0.053125 0.49921875
29 0.15390625 0.47734375 0.06875 0.5609375
8 0.2203125 0.46875 0.03828125 0.4546875
10 0.27734375 0.49921875 0.05234375 0.46015625
12 0.33359375 0.5109375 0.04921875 0.47109375
2 0.38515625 0.5390625 0.040625 0.415625
2 0.8515625 0.6171875 0.03984375 0.40390625
22 0.434375 0.52734375 0.04609375 0.44921875
17 0.4890625 0.546875 0.04921875 0.42109375
22 0.59765625 0.55234375 0.04765625 0.42109375
19 0.6515625 0.5640625 0.0484375 0.465625
1 0.7015625 0.58671875 0.03125 0.4546875
0 0.7515625 0.60859375 0.0328125 0.43203125
0 0.9 0.60859375 0.04375 0.43203125
6 0.803125 0.578125 0.0453125 0.46015625
4 0.95 0.63671875 0.04140625 0.42109375