30 0.08515625 0.465625 0.0453125 0.4375
29 0.1515625 0.4828125 0.06875 0.44921875
30 0.54453125 0.54140625 0.046875 0.44296875
8 0.2203125 0.5109375 0.04609375 0.40390625
10 0.2765625 0.51875 0.053125 0.43203125
12 0.33359375 0.52734375 0.0484375 0.4375
2 0.3859375 0.546875 0.046875 0.409375
2 0.8515625 0.62578125 0.0421875 0.42109375
22 0.43671875 0.5328125 0.046875 0.4375
17 0.490625 0.54140625 0.046875 0.3984375
22 0.59765625 0.55859375 0.04921875 0.43203125
19 0.65 0.56953125 0.04765625 0.409375
1 0.7046875 0.61171875 0.0328125 0.39296875
0 0.75390625 0.61171875 0.034375 0.39296875
0 0.9 0.628125 0.04375 0.4265625
6 0.803125 0.6203125 0.04375 0.43203125
4 0.95234375 0.6421875 0.04375 0.3875