30 0.0625 0.44296875 0.05390625 0.62421875
29 0.13125 0.44296875 0.08125 0.5375
8 0.2015625 0.4828125 0.04375 0.515625
10 0.25859375 0.48671875 0.05390625 0.56640625
12 0.32265625 0.5015625 0.05078125 0.61015625
2 0.37734375 0.5015625 0.040625 0.5953125
2 0.9046875 0.56640625 0.04609375 0.56640625
22 0.42890625 0.515625 0.046875 0.62421875
22 0.59140625 0.5046875 0.053125 0.64609375
17 0.48359375 0.50859375 0.04609375 0.56640625
3 0.53671875 0.53359375 0.0390625 0.559375
19 0.64453125 0.540625 0.0453125 0.603125
1 0.69453125 0.5484375 0.0390625 0.58828125
0 0.746875 0.5484375 0.0359375 0.54453125
4 0.8015625 0.55234375 0.0453125 0.62421875
4 0.8515625 0.559375 0.04375 0.58125
5 0.95078125 0.56640625 0.03984375 0.55234375