30 0.06484375 0.4046875 0.06640625 0.44765625
29 0.12265625 0.409375 0.07890625 0.41328125
14 0.190625 0.42421875 0.06171875 0.40078125
15 0.234375 0.4265625 0.05 0.44765625
12 0.2921875 0.43671875 0.06484375 0.409375
4 0.3484375 0.471875 0.05 0.3921875
1 0.38828125 0.46328125 0.04453125 0.4265625
1 0.7734375 0.5578125 0.04765625 0.44375
6 0.43984375 0.478125 0.05078125 0.421875
6 0.8828125 0.57734375 0.059375 0.44765625
11 0.496875 0.50625 0.06484375 0.409375
22 0.559375 0.51640625 0.0703125 0.45625
0 0.615625 0.546875 0.053125 0.44765625
0 0.6671875 0.553125 0.05625 0.48671875
0 0.71953125 0.53828125 0.05703125 0.45625
5 0.82421875 0.5703125 0.05859375 0.44375
8 0.9359375 0.5921875 0.06484375 0.44375