30 0.06875 0.33515625 0.06484375 0.41015625
29 0.13203125 0.35546875 0.08984375 0.390625
14 0.20078125 0.378125 0.06328125 0.3953125
20 0.25546875 0.390625 0.05859375 0.390625
2 0.30703125 0.42578125 0.0453125 0.35078125
4 0.353125 0.41796875 0.0484375 0.37578125
1 0.3984375 0.43046875 0.040625 0.390625
1 0.7828125 0.60546875 0.03828125 0.38046875
6 0.44921875 0.47265625 0.0484375 0.3453125
11 0.50625 0.49296875 0.0640625 0.33515625
21 0.57109375 0.52578125 0.0734375 0.38046875
0 0.63046875 0.53828125 0.05234375 0.35546875
0 0.68203125 0.578125 0.046875 0.33515625
0 0.73359375 0.5953125 0.04921875 0.33046875
7 0.8328125 0.6234375 0.05546875 0.365625
5 0.8875 0.66328125 0.0515625 0.325
9 0.93984375 0.678125 0.0515625 0.37578125