30 0.06953125 0.33046875 0.06484375 0.36015625
29 0.13203125 0.365625 0.0875 0.38046875
14 0.2015625 0.3953125 0.06328125 0.3703125
20 0.25625 0.3953125 0.0578125 0.390625
2 0.3078125 0.428125 0.04765625 0.35546875
4 0.35546875 0.45078125 0.04765625 0.33046875
1 0.39921875 0.46015625 0.040625 0.33046875
1 0.784375 0.6109375 0.03984375 0.340625
6 0.4484375 0.4828125 0.04765625 0.315625
11 0.50390625 0.503125 0.0625 0.3453125
21 0.57265625 0.528125 0.075 0.325
0 0.63125 0.55078125 0.04765625 0.31015625
0 0.68046875 0.578125 0.0515625 0.325
0 0.73203125 0.59296875 0.0484375 0.33515625
7 0.834375 0.63046875 0.0453125 0.33046875
7 0.8875 0.65546875 0.04609375 0.36015625
9 0.9390625 0.678125 0.0515625 0.3453125