30 0.065625 0.59765625 0.06796875 0.5
29 0.13984375 0.5890625 0.0953125 0.5
14 0.2171875 0.58203125 0.059375 0.47734375
14 0.278125 0.5625 0.0640625 0.48203125
14 0.546875 0.5 0.0578125 0.44609375
3 0.33203125 0.54921875 0.0515625 0.48203125
8 0.3796875 0.5375 0.0515625 0.46875
1 0.42734375 0.53984375 0.03828125 0.48203125
10 0.4890625 0.50859375 0.06484375 0.47265625
21 0.609375 0.47734375 0.07265625 0.44609375
12 0.67265625 0.46640625 0.06171875 0.47734375
0 0.72421875 0.45546875 0.05078125 0.4375
0 0.76953125 0.4375 0.046875 0.50859375
2 0.8125 0.4375 0.0515625 0.48203125
4 0.85703125 0.4328125 0.04453125 0.48203125
7 0.8984375 0.428125 0.053125 0.48203125
1 0.9421875 0.41015625 0.04609375 0.53515625