7 0.89609375 0.42578125 0.04609375 0.4328125
7 0.06875 0.60703125 0.0703125 0.50859375
29 0.14140625 0.5890625 0.09140625 0.51796875
14 0.2171875 0.56875 0.06328125 0.4953125
14 0.2765625 0.5578125 0.05703125 0.5
14 0.54609375 0.5 0.0609375 0.4640625
3 0.33203125 0.5625 0.05 0.51796875
8 0.384375 0.5421875 0.05078125 0.47734375
1 0.43046875 0.52890625 0.03671875 0.4953125
10 0.48828125 0.5109375 0.0609375 0.459375
21 0.60703125 0.48203125 0.0734375 0.490625
12 0.6734375 0.49296875 0.06171875 0.50390625
0 0.72109375 0.46640625 0.04609375 0.46875
0 0.765625 0.4484375 0.04765625 0.45078125
2 0.81015625 0.43984375 0.0515625 0.4421875
4 0.85703125 0.44375 0.046875 0.4421875
1 0.9421875 0.4171875 0.04375 0.42421875