30 0.09140625 0.4203125 0.05078125 0.49765625
32 0.13671875 0.41796875 0.0484375 0.46171875
16 0.18359375 0.42578125 0.04375 0.49375
15 0.23203125 0.4484375 0.05703125 0.48984375
15 0.28203125 0.4578125 0.05 0.46953125
0 0.33046875 0.46171875 0.04765625 0.478125
6 0.38046875 0.4640625 0.05078125 0.47421875
6 0.478125 0.4859375 0.0453125 0.4859375
10 0.42890625 0.48203125 0.0484375 0.4859375
10 0.57734375 0.51015625 0.04453125 0.49375
21 0.5296875 0.49375 0.05390625 0.46953125
3 0.628125 0.53359375 0.05234375 0.49375
1 0.67578125 0.51953125 0.04375 0.47421875
1 0.8296875 0.54375 0.0328125 0.465625
2 0.72890625 0.53125 0.0484375 0.48984375
4 0.7796875 0.5453125 0.05390625 0.49375
5 0.884375 0.54921875 0.0578125 0.4859375