9 0.8390625 0.4296875 0.06171875 0.4984375
20 0.046875 0.57421875 0.05546875 0.5796875
28 0.10078125 0.56015625 0.0609375 0.5890625
26 0.159375 0.56484375 0.05625 0.55078125
13 0.22109375 0.54609375 0.05859375 0.55078125
13 0.63046875 0.484375 0.06328125 0.54140625
11 0.278125 0.54609375 0.05234375 0.52265625
11 0.4359375 0.51015625 0.06015625 0.5078125
2 0.34140625 0.55546875 0.065625 0.52265625
1 0.390625 0.5296875 0.04296875 0.4984375
1 0.6828125 0.47265625 0.0453125 0.5078125
7 0.49453125 0.534375 0.06171875 0.53671875
7 0.89453125 0.42265625 0.06171875 0.54140625
21 0.56640625 0.50546875 0.08203125 0.5078125
8 0.7296875 0.46796875 0.05703125 0.4890625
5 0.7859375 0.4484375 0.06015625 0.52734375
5 0.95 0.39921875 0.06328125 0.55078125