7 0.884375 0.446875 0.05703125 0.453125
20 0.06640625 0.575 0.05390625 0.45703125
28 0.115625 0.5671875 0.0546875 0.43359375
28 0.1703125 0.5734375 0.05390625 0.453125
13 0.225 0.5515625 0.0484375 0.44140625
13 0.61875 0.5046875 0.053125 0.496875
11 0.27890625 0.55546875 0.0453125 0.48046875
11 0.4296875 0.5359375 0.04609375 0.44921875
2 0.3359375 0.55390625 0.05078125 0.4296875
2 0.4875 0.5359375 0.05625 0.45703125
1 0.38515625 0.5296875 0.03515625 0.4296875
1 0.78203125 0.47109375 0.03984375 0.46875
1 0.93984375 0.446875 0.04609375 0.4609375
2 0.67578125 0.490625 0.05546875 0.4609375
21 0.55390625 0.51015625 0.06953125 0.453125
21 0.73359375 0.46875 0.05234375 0.47265625
5 0.8296875 0.45078125 0.046875 0.4453125