30 0.0734375 0.3140625 0.05625 0.3296875
29 0.13671875 0.34453125 0.08515625 0.37734375
14 0.203125 0.371875 0.05234375 0.34296875
15 0.25625 0.39375 0.0515625 0.31953125
12 0.31015625 0.41484375 0.06484375 0.3328125
4 0.36796875 0.45703125 0.0515625 0.315625
4 0.78671875 0.65546875 0.0546875 0.29921875
1 0.41484375 0.47578125 0.0390625 0.3265625
12 0.46875 0.49453125 0.05703125 0.315625
11 0.52734375 0.525 0.05703125 0.309375
22 0.5875 0.55078125 0.0546875 0.3125
0 0.6421875 0.57734375 0.0453125 0.353125
0 0.68828125 0.59296875 0.04921875 0.36328125
0 0.73671875 0.6203125 0.04375 0.33671875
0 0.8796875 0.68828125 0.04609375 0.32265625
0 0.92890625 0.70703125 0.05078125 0.29921875
2 0.83203125 0.66953125 0.04609375 0.353125