30 0.06796875 0.31484375 0.06796875 0.3453125
29 0.1328125 0.34375 0.08125 0.33671875
14 0.19921875 0.37734375 0.06328125 0.3203125
16 0.25625 0.3984375 0.0640625 0.33984375
3 0.30859375 0.4359375 0.04921875 0.309375
4 0.3609375 0.46796875 0.05390625 0.32890625
4 0.45390625 0.50390625 0.05234375 0.33984375
4 0.89296875 0.69609375 0.0609375 0.35078125
1 0.4046875 0.4828125 0.0328125 0.3421875
1 0.7296875 0.625 0.04140625 0.33671875
1 0.94765625 0.72109375 0.0390625 0.35625
11 0.5078125 0.5140625 0.05703125 0.3484375
22 0.57109375 0.546875 0.0640625 0.35390625
0 0.62890625 0.5875 0.05234375 0.36171875
0 0.6796875 0.59765625 0.0546875 0.3421875
2 0.784375 0.66171875 0.053125 0.33671875
7 0.840625 0.68515625 0.05390625 0.3453125