30 0.06875 0.31640625 0.059375 0.33125
29 0.13359375 0.34375 0.08203125 0.3484375
14 0.2 0.37421875 0.05703125 0.33125
16 0.25625 0.39375 0.06171875 0.31484375
3 0.3125 0.434375 0.05 0.30078125
4 0.35625 0.45546875 0.0484375 0.33125
4 0.45390625 0.49140625 0.05234375 0.3203125
4 0.89296875 0.69765625 0.06171875 0.3203125
1 0.40546875 0.475 0.03828125 0.3421875
1 0.73046875 0.6296875 0.0421875 0.3171875
11 0.5078125 0.52890625 0.0578125 0.3453125
22 0.56875 0.5515625 0.065625 0.33984375
0 0.62734375 0.578125 0.0515625 0.3203125
0 0.67734375 0.6171875 0.05390625 0.3203125
2 0.78515625 0.665625 0.05390625 0.3453125
1 0.9484375 0.7171875 0.0453125 0.35390625
7 0.83984375 0.68203125 0.053125 0.36171875