32 0.0671875 0.3828125 0.05234375 0.459375
9 0.1125 0.384375 0.04765625 0.46328125
4 0.16015625 0.378125 0.0421875 0.5078125
4 0.30625 0.42265625 0.04375 0.48203125
4 0.8015625 0.58125 0.05703125 0.49140625
19 0.209375 0.40859375 0.04921875 0.49140625
2 0.25859375 0.4296875 0.03984375 0.48203125
2 0.684375 0.54140625 0.05390625 0.5015625
2 0.74140625 0.55546875 0.0578125 0.5046875
1 0.359375 0.4421875 0.034375 0.45
12 0.40859375 0.459375 0.046875 0.48515625
11 0.459375 0.46953125 0.05078125 0.47890625
22 0.5171875 0.48671875 0.05078125 0.48203125
24 0.57265625 0.4984375 0.05234375 0.5171875
3 0.625 0.5203125 0.05 0.49140625
7 0.86640625 0.56171875 0.059375 0.5234375
7 0.9296875 0.5859375 0.05234375 0.5265625