6 0.8453125 0.503125 0.04765625 0.578125
32 0.1015625 0.51328125 0.04375 0.56875
9 0.1515625 0.51484375 0.04296875 0.571875
4 0.20390625 0.51640625 0.0515625 0.59921875
4 0.44765625 0.50859375 0.04765625 0.578125
23 0.25546875 0.4953125 0.04296875 0.55703125
11 0.309375 0.50703125 0.04296875 0.56328125
11 0.49921875 0.50703125 0.0453125 0.55078125
8 0.3609375 0.50546875 0.0484375 0.5421875
8 0.74296875 0.503125 0.04140625 0.56015625
8 0.89609375 0.51171875 0.04375 0.55390625
1 0.40625 0.50703125 0.02734375 0.55078125
1 0.70390625 0.51015625 0.0296875 0.5453125
22 0.5546875 0.4984375 0.05 0.55078125
24 0.60390625 0.503125 0.05390625 0.584375
0 0.65546875 0.4984375 0.053125 0.55078125
5 0.79375 0.51171875 0.04453125 0.55390625