32 0.10234375 0.50859375 0.05078125 0.60234375
9 0.15234375 0.51015625 0.04375 0.575
4 0.203125 0.50859375 0.04765625 0.584375
23 0.2546875 0.4984375 0.05625 0.5875
4 0.44140625 0.51640625 0.04375 0.56875
11 0.3078125 0.5 0.046875 0.58984375
11 0.49765625 0.51015625 0.04765625 0.56328125
8 0.359375 0.51015625 0.0484375 0.59296875
8 0.7421875 0.50546875 0.05 0.55390625
8 0.8953125 0.50546875 0.05078125 0.5484375
1 0.4046875 0.51484375 0.02734375 0.56640625
1 0.70234375 0.50859375 0.025 0.5421875
22 0.55 0.503125 0.04765625 0.578125
24 0.60390625 0.50703125 0.05234375 0.56328125
0 0.659375 0.4984375 0.04921875 0.56875
5 0.7953125 0.503125 0.04375 0.56640625
6 0.84140625 0.50546875 0.0515625 0.571875