20 0.05 0.2875 0.03828125 0.36171875
28 0.096875 0.30703125 0.05 0.3734375
26 0.146875 0.334375 0.053125 0.36484375
13 0.2 0.3515625 0.0453125 0.34765625
11 0.253125 0.371875 0.04609375 0.353125
11 0.40234375 0.425 0.0515625 0.3734375
2 0.30625 0.403125 0.0546875 0.3703125
2 0.64375 0.54296875 0.0640625 0.390625
2 0.83515625 0.6328125 0.06328125 0.35859375
1 0.35703125 0.4203125 0.0296875 0.353125
1 0.89453125 0.64453125 0.03828125 0.39296875
5 0.45546875 0.4546875 0.05234375 0.3875
21 0.521875 0.4921875 0.07265625 0.36484375
13 0.584375 0.5140625 0.053125 0.3734375
7 0.7109375 0.57421875 0.0578125 0.37890625
0 0.771875 0.59453125 0.05546875 0.34453125
6 0.946875 0.6734375 0.05703125 0.353125