30 0.08125 0.5140625 0.06171875 0.50234375
29 0.1515625 0.50703125 0.0875 0.50703125
14 0.21953125 0.496875 0.0546875 0.50703125
16 0.278125 0.50234375 0.06796875 0.496875
3 0.334375 0.5359375 0.05234375 0.50703125
4 0.38046875 0.51640625 0.0515625 0.47734375
4 0.475 0.5046875 0.04921875 0.51171875
1 0.4265625 0.52109375 0.03671875 0.47734375
11 0.53125 0.51640625 0.05625 0.50703125
21 0.59296875 0.5046875 0.0734375 0.4828125
0 0.6546875 0.52109375 0.046875 0.4578125
0 0.70234375 0.509375 0.05 0.47265625
0 0.74921875 0.51640625 0.05 0.46796875
0 0.7984375 0.51875 0.046875 0.47265625
3 0.8453125 0.5265625 0.05 0.4484375
8 0.89453125 0.51640625 0.04765625 0.4875
7 0.94296875 0.509375 0.0578125 0.4921875