30 0.08125 0.509375 0.06328125 0.4921875
29 0.14609375 0.50703125 0.08515625 0.4875
14 0.2171875 0.4921875 0.05859375 0.496875
16 0.2765625 0.509375 0.06953125 0.50234375
3 0.334375 0.51171875 0.04453125 0.5265625
3 0.846875 0.51640625 0.04765625 0.47734375
4 0.38046875 0.4921875 0.04765625 0.47734375
4 0.47578125 0.51171875 0.046875 0.46796875
1 0.42734375 0.50234375 0.0328125 0.46796875
11 0.53046875 0.51875 0.05 0.46328125
21 0.5921875 0.51640625 0.06953125 0.47734375
0 0.653125 0.50234375 0.05 0.47734375
0 0.70078125 0.51171875 0.05078125 0.46796875
0 0.7484375 0.50234375 0.0515625 0.46796875
0 0.79765625 0.50703125 0.04921875 0.46796875
8 0.8953125 0.52109375 0.04921875 0.46796875
7 0.94375 0.5234375 0.05078125 0.4828125