30 0.06875 0.509375 0.0609375 0.46328125
29 0.14140625 0.496875 0.08671875 0.46796875
14 0.21484375 0.50234375 0.05390625 0.47734375
17 0.2734375 0.49921875 0.06328125 0.47265625
5 0.32890625 0.50703125 0.046875 0.46796875
8 0.37734375 0.5046875 0.04609375 0.46328125
1 0.42421875 0.50234375 0.0375 0.4484375
6 0.4765625 0.5046875 0.05 0.453125
11 0.53125 0.496875 0.0578125 0.47734375
22 0.59140625 0.49921875 0.06015625 0.47265625
0 0.64453125 0.5046875 0.046875 0.453125
0 0.69375 0.49921875 0.046875 0.47265625
1 0.740625 0.49921875 0.03359375 0.46328125
2 0.79140625 0.496875 0.04609375 0.4578125
2 0.83984375 0.49453125 0.0484375 0.42421875
9 0.8890625 0.50234375 0.046875 0.47734375
3 0.93828125 0.496875 0.04375 0.46796875