20 0.065625 0.5 0.0453125 0.6
28 0.1171875 0.48125 0.0578125 0.57890625
28 0.17734375 0.4875 0.05546875 0.56640625
13 0.2359375 0.48984375 0.05625 0.5703125
13 0.6265625 0.50859375 0.05546875 0.5578125
11 0.29921875 0.5 0.05 0.5234375
1 0.3515625 0.51328125 0.04375 0.5578125
1 0.3921875 0.5046875 0.03515625 0.5234375
11 0.440625 0.49765625 0.04765625 0.51953125
9 0.49609375 0.51484375 0.04921875 0.528125
9 0.7796875 0.534375 0.04453125 0.540625
21 0.56171875 0.51953125 0.06484375 0.528125
2 0.68671875 0.540625 0.05390625 0.51953125
2 0.93359375 0.5578125 0.05 0.50234375
1 0.734375 0.521875 0.034375 0.5578125
3 0.83203125 0.53671875 0.04453125 0.51953125
5 0.8828125 0.546875 0.04296875 0.49765625