5 0.8796875 0.553125 0.04765625 0.553125
20 0.0640625 0.48125 0.05234375 0.621875
28 0.11640625 0.48515625 0.059375 0.59609375
28 0.18046875 0.4875 0.05703125 0.5578125
13 0.2390625 0.4875 0.05078125 0.54921875
11 0.30078125 0.50234375 0.0546875 0.5703125
11 0.44453125 0.52578125 0.05390625 0.575
1 0.353125 0.50859375 0.0421875 0.54921875
1 0.39375 0.5109375 0.0359375 0.56171875
1 0.73671875 0.5296875 0.03515625 0.5234375
9 0.496875 0.51953125 0.04609375 0.51953125
9 0.78203125 0.5296875 0.04609375 0.53203125
21 0.5640625 0.51953125 0.06484375 0.528125
13 0.6296875 0.5296875 0.046875 0.53203125
2 0.6875 0.54296875 0.0546875 0.53203125
2 0.93359375 0.5515625 0.05 0.5234375
3 0.8328125 0.546875 0.03984375 0.5234375