20 0.06875 0.52265625 0.04375 0.6609375
28 0.12109375 0.5203125 0.05859375 0.628125
28 0.18203125 0.5109375 0.06171875 0.6375
13 0.2421875 0.515625 0.05625 0.646875
13 0.66171875 0.51796875 0.05546875 0.6140625
11 0.3015625 0.5203125 0.04921875 0.6375
11 0.4796875 0.52734375 0.0484375 0.6046875
2 0.36171875 0.5296875 0.05859375 0.6
2 0.85703125 0.515625 0.05234375 0.590625
4 0.4234375 0.52265625 0.05234375 0.6140625
5 0.53359375 0.51796875 0.0515625 0.6515625
21 0.59609375 0.52265625 0.06484375 0.6234375
1 0.70546875 0.515625 0.03125 0.6
3 0.75 0.5203125 0.03828125 0.6
5 0.803125 0.50859375 0.046875 0.6328125
1 0.9046875 0.51796875 0.03671875 0.5765625
0 0.94765625 0.51796875 0.05078125 0.5671875