18 0.05859375 0.46640625 0.05 0.41328125
21 0.11015625 0.4546875 0.05859375 0.3796875
32 0.16328125 0.48125 0.05625 0.4328125
11 0.2109375 0.47109375 0.05078125 0.40390625
20 0.26796875 0.49296875 0.05625 0.428125
1 0.3203125 0.49296875 0.02890625 0.39921875
1 0.58984375 0.5265625 0.03203125 0.428125
1 0.87265625 0.584375 0.02265625 0.39921875
4 0.37734375 0.5171875 0.04140625 0.40859375
32 0.43046875 0.51484375 0.046875 0.4421875
5 0.48828125 0.52890625 0.04609375 0.4421875
5 0.76171875 0.5796875 0.0453125 0.4375
0 0.53984375 0.52890625 0.04375 0.41328125
2 0.65234375 0.5703125 0.0453125 0.4375
7 0.70546875 0.5703125 0.0421875 0.41875
8 0.81875 0.584375 0.04765625 0.41875
9 0.9328125 0.615625 0.04765625 0.41328125