1 0.3546875 0.5046875 0.03671875 0.5640625
1 0.39765625 0.509375 0.0296875 0.57265625
1 0.6875 0.51328125 0.03203125 0.5390625
20 0.05078125 0.4859375 0.05390625 0.6015625
28 0.11171875 0.49453125 0.06171875 0.61875
28 0.175 0.4984375 0.0578125 0.61875
13 0.23984375 0.48828125 0.05078125 0.5640625
13 0.63984375 0.51328125 0.04609375 0.5390625
11 0.29921875 0.4921875 0.0546875 0.55546875
11 0.446875 0.49453125 0.05546875 0.56015625
6 0.50546875 0.5046875 0.046875 0.5390625
21 0.5734375 0.51328125 0.06484375 0.53046875
5 0.7328125 0.51328125 0.04609375 0.546875
2 0.7890625 0.53203125 0.053125 0.54296875
2 0.84453125 0.53671875 0.053125 0.52578125
2 0.89921875 0.53203125 0.053125 0.51796875
5 0.95390625 0.540625 0.04453125 0.52578125