20 0.053125 0.47734375 0.04765625 0.58515625
28 0.1109375 0.48203125 0.06328125 0.58515625
28 0.175 0.48359375 0.05859375 0.60625
13 0.23828125 0.48828125 0.06015625 0.59765625
13 0.640625 0.5046875 0.053125 0.55546875
11 0.30234375 0.503125 0.0546875 0.56796875
11 0.4484375 0.5046875 0.04921875 0.57265625
1 0.35703125 0.496875 0.0484375 0.58046875
1 0.39765625 0.4921875 0.03671875 0.58046875
6 0.5046875 0.50078125 0.05390625 0.5640625
21 0.5734375 0.49453125 0.06796875 0.56015625
1 0.68828125 0.51953125 0.03359375 0.534375
5 0.7328125 0.515625 0.04375 0.56015625
5 0.95390625 0.546875 0.04765625 0.5640625
2 0.7875 0.51953125 0.05 0.56015625
2 0.8421875 0.53203125 0.0484375 0.54296875
2 0.8984375 0.53671875 0.04921875 0.509375