1 0.93515625 0.3546875 0.0390625 0.38359375
30 0.06015625 0.65234375 0.05390625 0.36171875
29 0.128125 0.61953125 0.075 0.375
8 0.19609375 0.6109375 0.04453125 0.365625
32 0.25078125 0.58828125 0.05078125 0.38359375
32 0.30390625 0.5734375 0.04921875 0.353125
32 0.35625 0.54921875 0.04921875 0.38359375
12 0.4125 0.5265625 0.0515625 0.3921875
32 0.5203125 0.50078125 0.05234375 0.38359375
19 0.4640625 0.50234375 0.0453125 0.36171875
22 0.57421875 0.4671875 0.05078125 0.37890625
16 0.6296875 0.440625 0.05234375 0.396875
0 0.68203125 0.4296875 0.04765625 0.375
0 0.7328125 0.41015625 0.04140625 0.38828125
7 0.784375 0.41015625 0.0453125 0.37890625
6 0.8328125 0.37265625 0.0484375 0.4015625
7 0.884375 0.3640625 0.0453125 0.4015625