30 0.059375 0.64609375 0.0484375 0.3921875
29 0.12734375 0.63515625 0.0734375 0.4234375
8 0.1953125 0.60859375 0.04765625 0.396875
32 0.25 0.584375 0.05078125 0.38359375
32 0.30625 0.56015625 0.0484375 0.38828125
32 0.35546875 0.5421875 0.0515625 0.396875
32 0.5171875 0.4828125 0.05390625 0.38359375
12 0.4125 0.53359375 0.053125 0.38828125
19 0.46640625 0.52265625 0.05546875 0.3921875
22 0.5734375 0.48046875 0.0546875 0.38828125
16 0.63203125 0.4453125 0.05390625 0.37890625
0 0.6828125 0.44296875 0.04609375 0.38359375
0 0.73203125 0.40546875 0.0453125 0.3703125
7 0.78125 0.396875 0.0453125 0.37890625
7 0.8828125 0.36796875 0.0453125 0.4015625
6 0.8328125 0.4015625 0.04609375 0.3703125
1 0.93359375 0.35703125 0.0359375 0.3703125