20 0.05859375 0.41796875 0.05625 0.484375
15 0.115625 0.4234375 0.06328125 0.421875
23 0.16875 0.4328125 0.05390625 0.4984375
8 0.21953125 0.453125 0.05390625 0.45859375
3 0.27265625 0.45859375 0.05703125 0.46953125
10 0.32734375 0.48203125 0.0546875 0.4953125
23 0.3828125 0.4984375 0.0578125 0.49140625
14 0.4359375 0.5078125 0.0484375 0.465625
4 0.48984375 0.5265625 0.0578125 0.509375
21 0.5421875 0.540625 0.0546875 0.45078125
1 0.5953125 0.55 0.04140625 0.4546875
19 0.65 0.58671875 0.0609375 0.46171875
0 0.70546875 0.60703125 0.05546875 0.4875
4 0.7609375 0.61640625 0.05859375 0.49140625
2 0.8140625 0.621875 0.05625 0.465625
3 0.86953125 0.62890625 0.0484375 0.45078125
6 0.92734375 0.6453125 0.06171875 0.4546875