6 0.88515625 0.51328125 0.0484375 0.4359375
30 0.0765625 0.47109375 0.05703125 0.4171875
29 0.1390625 0.47109375 0.08203125 0.4265625
14 0.2078125 0.46640625 0.05625 0.4078125
13 0.26484375 0.48515625 0.05546875 0.4078125
11 0.3265625 0.496875 0.05625 0.4125
11 0.54140625 0.49453125 0.0578125 0.4171875
4 0.38046875 0.5015625 0.05234375 0.403125
1 0.425 0.5015625 0.03203125 0.403125
12 0.4796875 0.50625 0.0578125 0.403125
18 0.5953125 0.4921875 0.0484375 0.43125
0 0.6390625 0.515625 0.04375 0.421875
0 0.68984375 0.50859375 0.04453125 0.4078125
0 0.73671875 0.515625 0.04453125 0.4125
1 0.784375 0.515625 0.034375 0.39375
1 0.9359375 0.51796875 0.04375 0.4453125
6 0.83359375 0.5203125 0.04375 0.403125