5 0.853125 0.54296875 0.05234375 0.51484375
30 0.11328125 0.41953125 0.04375 0.4578125
32 0.15703125 0.43359375 0.040625 0.47421875
16 0.196875 0.4359375 0.03984375 0.4703125
15 0.23828125 0.4296875 0.0453125 0.4828125
15 0.2828125 0.425 0.046875 0.48046875
0 0.325 0.4625 0.04296875 0.46796875
6 0.3703125 0.4625 0.0390625 0.46796875
6 0.4609375 0.47421875 0.04375 0.44375
10 0.41328125 0.45390625 0.046875 0.44375
10 0.55625 0.4859375 0.04609375 0.45078125
21 0.509375 0.48828125 0.04921875 0.45546875
3 0.60234375 0.48984375 0.04375 0.4515625
1 0.64765625 0.48828125 0.046875 0.4953125
1 0.8015625 0.5171875 0.03671875 0.4578125
2 0.696875 0.50625 0.05625 0.49921875
4 0.74765625 0.5 0.059375 0.51171875