9 0.9421875 0.59140625 0.053125 0.51328125
9 0.775 0.5796875 0.05078125 0.4828125
27 0.05546875 0.43671875 0.06328125 0.4796875
5 0.1140625 0.4515625 0.05625 0.4953125
31 0.1703125 0.4390625 0.0546875 0.4921875
23 0.225 0.45390625 0.06328125 0.5078125
12 0.284375 0.46015625 0.0609375 0.51328125
12 0.546875 0.5265625 0.06015625 0.471875
8 0.34375 0.490625 0.0515625 0.5078125
8 0.828125 0.57578125 0.05703125 0.4984375
1 0.390625 0.496875 0.03515625 0.47734375
1 0.42265625 0.4859375 0.034375 0.4984375
10 0.47421875 0.515625 0.08671875 0.49296875
20 0.60390625 0.5375 0.0625 0.4859375
0 0.66328125 0.54765625 0.05234375 0.46484375
6 0.7203125 0.5578125 0.04921875 0.4984375
3 0.8859375 0.60703125 0.05078125 0.48984375