27 0.0578125 0.440625 0.06484375 0.571875
27 0.1140625 0.4390625 0.05546875 0.51171875
31 0.1671875 0.45625 0.05625 0.53125
23 0.22421875 0.465625 0.05546875 0.565625
12 0.28515625 0.4828125 0.0609375 0.54921875
8 0.34296875 0.471875 0.0515625 0.4984375
8 0.82890625 0.5609375 0.05 0.51015625
1 0.38984375 0.4921875 0.03671875 0.459375
1 0.421875 0.48203125 0.03359375 0.4609375
10 0.478125 0.4953125 0.0828125 0.4796875
12 0.54609375 0.4984375 0.06171875 0.53671875
20 0.60703125 0.53125 0.0578125 0.515625
0 0.6671875 0.54453125 0.0546875 0.50703125
6 0.72109375 0.5453125 0.0546875 0.47890625
9 0.775 0.5734375 0.05703125 0.48515625
9 0.9453125 0.596875 0.059375 0.50234375
3 0.88671875 0.59140625 0.05078125 0.49609375