20 0.071875 0.621875 0.06328125 0.5109375
15 0.13046875 0.60859375 0.059375 0.50234375
23 0.18671875 0.59375 0.05390625 0.4640625
23 0.41015625 0.521875 0.04921875 0.48984375
8 0.2390625 0.58359375 0.0453125 0.49375
3 0.28828125 0.5703125 0.04296875 0.46796875
3 0.88359375 0.4 0.03984375 0.4515625
10 0.35078125 0.54296875 0.07109375 0.4640625
14 0.4671875 0.521875 0.06015625 0.48984375
4 0.5203125 0.51953125 0.05390625 0.4515625
4 0.79921875 0.41953125 0.046875 0.43828125
21 0.5828125 0.4875 0.08203125 0.45546875
1 0.64453125 0.47265625 0.0296875 0.4765625
19 0.70078125 0.4578125 0.065625 0.48125
0 0.75546875 0.453125 0.040625 0.4296875
2 0.840625 0.41328125 0.04375 0.44296875
6 0.928125 0.39765625 0.04375 0.45546875