20 0.06796875 0.62578125 0.07109375 0.528125
15 0.128125 0.628125 0.06015625 0.53203125
23 0.1875 0.60703125 0.05546875 0.54921875
23 0.4109375 0.53671875 0.05390625 0.51953125
8 0.24140625 0.58125 0.05078125 0.48984375
3 0.28984375 0.575 0.04453125 0.49375
3 0.8828125 0.41328125 0.040625 0.44296875
10 0.35234375 0.53828125 0.06484375 0.4640625
14 0.46875 0.5296875 0.06015625 0.49765625
4 0.51953125 0.52578125 0.05234375 0.48984375
4 0.7984375 0.434375 0.04921875 0.46015625
21 0.584375 0.49765625 0.084375 0.48515625
1 0.64609375 0.48125 0.03125 0.46796875
19 0.7 0.46171875 0.06875 0.45546875
0 0.75546875 0.44921875 0.04375 0.45546875
2 0.84296875 0.41953125 0.0390625 0.45546875
6 0.92578125 0.39375 0.04453125 0.4640625