5 0.0890625 0.48203125 0.0484375 0.5296875
5 0.790625 0.58125 0.046875 0.43984375
5 0.834375 0.59296875 0.05 0.4578125
5 0.9234375 0.5875 0.0453125 0.4515625
22 0.15078125 0.47734375 0.0734375 0.52109375
23 0.21640625 0.46796875 0.05625 0.503125
14 0.26953125 0.48359375 0.04765625 0.503125
2 0.31875 0.490625 0.04765625 0.51171875
4 0.36640625 0.496875 0.04375 0.49375
10 0.42421875 0.51015625 0.06875 0.47890625
15 0.484375 0.51953125 0.05234375 0.50859375
8 0.534375 0.5296875 0.04765625 0.4578125
19 0.58671875 0.540625 0.059375 0.4484375
8 0.69609375 0.5703125 0.05 0.4546875
17 0.64609375 0.55078125 0.0640625 0.43359375
0 0.74609375 0.575 0.05234375 0.4515625
3 0.87890625 0.5828125 0.05 0.46640625