5 0.08984375 0.48203125 0.04609375 0.5296875
5 0.790625 0.578125 0.046875 0.47578125
5 0.834375 0.5796875 0.04375 0.490625
5 0.92265625 0.5828125 0.04375 0.4484375
22 0.1515625 0.4875 0.06796875 0.5
23 0.21796875 0.490625 0.05625 0.49375
14 0.271875 0.49375 0.04609375 0.5359375
2 0.31875 0.5015625 0.0421875 0.503125
4 0.36484375 0.50546875 0.04609375 0.4640625
10 0.4234375 0.51328125 0.0640625 0.4609375
15 0.484375 0.5296875 0.05078125 0.47578125
8 0.53359375 0.5375 0.046875 0.4609375
8 0.6984375 0.56328125 0.04765625 0.4578125
19 0.58828125 0.5421875 0.05234375 0.4578125
17 0.64453125 0.546875 0.06171875 0.4609375
0 0.74453125 0.56875 0.0484375 0.48203125
3 0.8796875 0.58125 0.0484375 0.4640625