3 0.93359375 0.52109375 0.05078125 0.6546875
32 0.06796875 0.53203125 0.04921875 0.62421875
9 0.11796875 0.53828125 0.04375 0.603125
4 0.16953125 0.52734375 0.04296875 0.615625
23 0.21875 0.51640625 0.0484375 0.6203125
11 0.27109375 0.5296875 0.04921875 0.6546875
8 0.3234375 0.51484375 0.0484375 0.64140625
1 0.378125 0.52734375 0.03203125 0.6328125
1 0.88046875 0.5078125 0.040625 0.64609375
4 0.4296875 0.51875 0.04921875 0.62421875
10 0.48828125 0.51484375 0.053125 0.60703125
22 0.53828125 0.51640625 0.05546875 0.62890625
24 0.59296875 0.5015625 0.05390625 0.64140625
0 0.6484375 0.52578125 0.05390625 0.62890625
2 0.7078125 0.5234375 0.0515625 0.65859375
2 0.821875 0.52109375 0.053125 0.6375
8 0.7640625 0.51875 0.0484375 0.6328125