32 0.06875 0.52578125 0.04609375 0.6375
9 0.11796875 0.52734375 0.04296875 0.615625
4 0.165625 0.51640625 0.04296875 0.59453125
4 0.4296875 0.52734375 0.0453125 0.58984375
23 0.2171875 0.49765625 0.04609375 0.5984375
11 0.27109375 0.51875 0.05 0.615625
8 0.3234375 0.51484375 0.0484375 0.60703125
8 0.76328125 0.51484375 0.04921875 0.62421875
1 0.37890625 0.51484375 0.0265625 0.58984375
1 0.878125 0.51015625 0.03125 0.615625
10 0.48671875 0.5125 0.04765625 0.603125
22 0.53828125 0.51640625 0.053125 0.62890625
24 0.5953125 0.5125 0.053125 0.6375
0 0.6515625 0.51640625 0.0484375 0.6203125
2 0.70625 0.52578125 0.05234375 0.6203125
2 0.8203125 0.5296875 0.05546875 0.6546875
3 0.934375 0.52109375 0.05078125 0.6375