32 0.0765625 0.37734375 0.04765625 0.5609375
9 0.128125 0.39296875 0.046875 0.52421875
4 0.18046875 0.41015625 0.04140625 0.54140625
4 0.428125 0.4671875 0.04296875 0.54140625
23 0.2328125 0.41875 0.05 0.52421875
11 0.28671875 0.421875 0.04453125 0.546875
11 0.48046875 0.4796875 0.05 0.54453125
8 0.3421875 0.44765625 0.0484375 0.54140625
8 0.81640625 0.57421875 0.05390625 0.55
1 0.3890625 0.45546875 0.0265625 0.55234375
22 0.5375 0.496875 0.05234375 0.5328125
24 0.590625 0.5125 0.05078125 0.55859375
0 0.6484375 0.51875 0.05078125 0.5296875
0 0.9296875 0.6 0.05234375 0.55546875
2 0.70390625 0.534375 0.0484375 0.5609375
7 0.7625 0.5484375 0.05078125 0.5671875
3 0.8703125 0.584375 0.04453125 0.5359375