32 0.078125 0.3859375 0.05234375 0.58984375
9 0.12890625 0.3890625 0.04375 0.54453125
4 0.18125 0.4015625 0.040625 0.55234375
4 0.428125 0.47265625 0.0453125 0.546875
23 0.2328125 0.41328125 0.05 0.5296875
11 0.28515625 0.41875 0.05234375 0.55859375
11 0.48359375 0.4828125 0.04609375 0.55546875
8 0.3421875 0.47421875 0.053125 0.53828125
8 0.81953125 0.5609375 0.046875 0.56953125
22 0.5390625 0.4953125 0.053125 0.54140625
24 0.590625 0.5046875 0.046875 0.54140625
1 0.390625 0.45859375 0.03125 0.546875
0 0.6453125 0.52265625 0.04375 0.53828125
0 0.9265625 0.59375 0.05234375 0.55
2 0.70078125 0.55234375 0.0578125 0.546875
7 0.7609375 0.53984375 0.05390625 0.53828125
3 0.871875 0.58125 0.04609375 0.54140625