20 0.04453125 0.4546875 0.04609375 0.52265625
28 0.10078125 0.48359375 0.05703125 0.50625
28 0.15390625 0.47734375 0.05625 0.51875
13 0.209375 0.48984375 0.0515625 0.46875
13 0.6078125 0.54140625 0.053125 0.48984375
11 0.2640625 0.50234375 0.04921875 0.45234375
11 0.4203125 0.5140625 0.05 0.45234375
2 0.321875 0.5125 0.05390625 0.4734375
2 0.7703125 0.56171875 0.0625 0.48125
2 0.9546875 0.57578125 0.06328125 0.47734375
1 0.3734375 0.50390625 0.034375 0.49765625
1 0.659375 0.54140625 0.0375 0.46484375
4 0.47578125 0.5203125 0.05390625 0.48125
21 0.540625 0.51875 0.06484375 0.4859375
8 0.709375 0.5390625 0.053125 0.46875
5 0.8296875 0.559375 0.05546875 0.46875
7 0.8875 0.5640625 0.05703125 0.4859375