24 0.096875 0.6046875 0.0484375 0.43828125
27 0.15234375 0.58984375 0.0453125 0.43828125
21 0.209375 0.6046875 0.05234375 0.43828125
19 0.26796875 0.58984375 0.05 0.43828125
14 0.3265625 0.5875 0.04609375 0.47265625
5 0.37578125 0.5921875 0.04375 0.46328125
29 0.428125 0.56015625 0.0640625 0.43828125
7 0.4875 0.54375 0.040625 0.4140625
7 0.896875 0.44609375 0.0421875 0.453125
10 0.53671875 0.540625 0.0453125 0.42890625
0 0.5859375 0.53125 0.040625 0.409375
0 0.690625 0.5046875 0.04296875 0.4046875
0 0.946875 0.4359375 0.03984375 0.4046875
4 0.63984375 0.51640625 0.04296875 0.409375
9 0.7421875 0.4875 0.03828125 0.409375
5 0.79375 0.4703125 0.040625 0.42421875
5 0.8453125 0.453125 0.0421875 0.42890625