5 0.37421875 0.57265625 0.04375 0.42421875
5 0.79140625 0.475 0.04140625 0.4140625
5 0.84453125 0.46015625 0.0390625 0.43359375
24 0.09296875 0.61640625 0.05 0.4140625
27 0.14921875 0.609375 0.04375 0.42890625
21 0.2109375 0.60703125 0.053125 0.4140625
19 0.26953125 0.6046875 0.04453125 0.43828125
14 0.32421875 0.58984375 0.04453125 0.43828125
29 0.4296875 0.56015625 0.053125 0.41875
7 0.48828125 0.540625 0.040625 0.39921875
7 0.89609375 0.44140625 0.03828125 0.4140625
10 0.53828125 0.5359375 0.04375 0.43828125
0 0.5875 0.53359375 0.03984375 0.43359375
0 0.68984375 0.49453125 0.04453125 0.43359375
0 0.94609375 0.43125 0.03984375 0.42421875
4 0.63828125 0.50234375 0.04140625 0.41875
9 0.7421875 0.4875 0.03984375 0.409375