1 0.6640625 0.54609375 0.03125 0.54609375
1 0.38828125 0.4953125 0.03125 0.56171875
32 0.0625 0.4421875 0.04765625 0.6046875
9 0.1140625 0.45390625 0.04921875 0.5421875
4 0.16875 0.44609375 0.04765625 0.55
12 0.221875 0.45390625 0.05390625 0.534375
2 0.2734375 0.48125 0.04375 0.565625
5 0.33046875 0.4796875 0.04921875 0.55390625
10 0.4390625 0.503125 0.0484375 0.56953125
11 0.49296875 0.5046875 0.04296875 0.565625
22 0.55078125 0.51640625 0.05 0.55
24 0.6078125 0.51640625 0.0609375 0.58125
6 0.7171875 0.54765625 0.04453125 0.58125
6 0.94296875 0.60234375 0.04609375 0.565625
8 0.77109375 0.559375 0.05 0.565625
9 0.828125 0.56953125 0.0484375 0.54609375
9 0.88671875 0.590625 0.04609375 0.5421875