20 0.09453125 0.52578125 0.06328125 0.52421875
15 0.15234375 0.54765625 0.05625 0.528125
11 0.2140625 0.5203125 0.06640625 0.48046875
16 0.28125 0.5203125 0.071875 0.46484375
14 0.34453125 0.51796875 0.059375 0.46875
3 0.3953125 0.521875 0.0453125 0.4765625
0 0.4453125 0.51796875 0.05 0.46875
6 0.4921875 0.50625 0.04453125 0.4609375
3 0.8359375 0.50078125 0.04453125 0.48046875
5 0.5375 0.5140625 0.046875 0.4921875
20 0.58828125 0.51796875 0.05625 0.4921875
18 0.6359375 0.52578125 0.034375 0.4765625
13 0.68828125 0.5203125 0.0671875 0.45703125
1 0.74140625 0.50859375 0.0265625 0.46484375
1 0.790625 0.51640625 0.03515625 0.45703125
2 0.88515625 0.50625 0.04609375 0.4296875
4 0.9296875 0.50625 0.05 0.46875