4 0.9328125 0.50625 0.05390625 0.453125
20 0.09453125 0.5296875 0.065625 0.51640625
15 0.1515625 0.53359375 0.0625 0.50859375
11 0.21484375 0.5296875 0.065625 0.50078125
16 0.27890625 0.5203125 0.07421875 0.46484375
14 0.346875 0.5140625 0.0609375 0.46875
3 0.39296875 0.5140625 0.05 0.484375
3 0.83515625 0.50625 0.04765625 0.4765625
0 0.44453125 0.5125 0.04609375 0.44140625
6 0.49140625 0.5046875 0.0484375 0.496875
5 0.5390625 0.51640625 0.04453125 0.48828125
20 0.58984375 0.521875 0.0546875 0.4921875
18 0.6359375 0.50234375 0.03671875 0.46875
13 0.6890625 0.51015625 0.06796875 0.453125
1 0.74375 0.51796875 0.040625 0.46875
1 0.7875 0.4921875 0.0375 0.48828125
2 0.88359375 0.50625 0.05234375 0.4375