20 0.09296875 0.52421875 0.06328125 0.5046875
15 0.1515625 0.5140625 0.06015625 0.4921875
11 0.2109375 0.53359375 0.06328125 0.4921875
16 0.28046875 0.53203125 0.075 0.5125
14 0.34453125 0.521875 0.0578125 0.4765625
3 0.39375 0.521875 0.0515625 0.4609375
0 0.44375 0.52578125 0.05078125 0.4609375
6 0.49296875 0.5125 0.04921875 0.45703125
5 0.5375 0.4984375 0.04765625 0.4453125
20 0.5875 0.5046875 0.0609375 0.47265625
18 0.634375 0.51015625 0.03984375 0.4375
13 0.68984375 0.51015625 0.06875 0.46875
1 0.74609375 0.4984375 0.0375 0.4453125
1 0.7890625 0.50859375 0.0359375 0.44140625
3 0.83515625 0.50078125 0.04140625 0.44921875
2 0.8828125 0.49453125 0.0515625 0.453125
4 0.9328125 0.50078125 0.0546875 0.42578125