20 0.0484375 0.65390625 0.053125 0.47890625
28 0.10546875 0.6453125 0.06484375 0.4890625
28 0.1671875 0.61015625 0.065625 0.47265625
13 0.23359375 0.5875 0.0609375 0.45546875
11 0.2953125 0.559375 0.0578125 0.4453125
11 0.44375 0.51953125 0.05546875 0.4484375
1 0.3515625 0.54375 0.03671875 0.43515625
1 0.39453125 0.521875 0.03671875 0.425
7 0.50234375 0.49296875 0.053125 0.44140625
21 0.575 0.46875 0.06875 0.4078125
13 0.63984375 0.43125 0.0515625 0.44140625
2 0.69765625 0.428125 0.05625 0.42109375
3 0.75 0.40625 0.0484375 0.425
8 0.80625 0.37734375 0.05078125 0.4078125
4 0.8609375 0.36484375 0.04375 0.390625
1 0.9109375 0.33671875 0.034375 0.40078125
7 0.95625 0.32421875 0.0515625 0.4109375