7 0.93125 0.66328125 0.04765625 0.3890625
21 0.09375 0.39375 0.07109375 0.43125
30 0.15703125 0.41015625 0.06328125 0.4078125
12 0.21015625 0.41953125 0.06015625 0.3984375
1 0.2609375 0.4546875 0.046875 0.421875
1 0.7375 0.6140625 0.04453125 0.39375
21 0.575 0.5578125 0.07265625 0.43125
23 0.30859375 0.4734375 0.05 0.421875
10 0.3625 0.47578125 0.06328125 0.4171875
11 0.4171875 0.5015625 0.053125 0.39375
8 0.46875 0.5109375 0.0484375 0.384375
8 0.83359375 0.64453125 0.05390625 0.4078125
0 0.515625 0.52265625 0.046875 0.3984375
0 0.68671875 0.5765625 0.05 0.375
0 0.88359375 0.66328125 0.04921875 0.4265625
19 0.6390625 0.58359375 0.053125 0.4453125
9 0.784375 0.63046875 0.04609375 0.3796875