21 0.09453125 0.37265625 0.07109375 0.4078125
21 0.57421875 0.534375 0.0640625 0.4125
30 0.1546875 0.39609375 0.05625 0.4078125
12 0.2109375 0.4171875 0.0640625 0.39375
1 0.26015625 0.44765625 0.05390625 0.3984375
1 0.73671875 0.609375 0.0453125 0.43125
23 0.309375 0.44765625 0.0484375 0.3703125
10 0.3625 0.48046875 0.06328125 0.3609375
11 0.415625 0.48046875 0.0546875 0.4078125
8 0.4671875 0.51328125 0.05 0.3984375
8 0.83359375 0.6328125 0.0515625 0.384375
0 0.51484375 0.5203125 0.05078125 0.4125
0 0.6875 0.5859375 0.053125 0.39375
0 0.88125 0.64921875 0.046875 0.3890625
19 0.6359375 0.56015625 0.05703125 0.4078125
9 0.7828125 0.62578125 0.05078125 0.4171875
7 0.93359375 0.67265625 0.04921875 0.3984375