30 0.08046875 0.3484375 0.0625 0.38359375
29 0.14296875 0.36171875 0.084375 0.375
14 0.2078125 0.39453125 0.05546875 0.3703125
15 0.25625 0.41796875 0.05078125 0.365625
12 0.3125 0.4375 0.06484375 0.33515625
12 0.45546875 0.49453125 0.06484375 0.3265625
12 0.6421875 0.56875 0.05703125 0.33515625
4 0.36328125 0.453125 0.05390625 0.3484375
1 0.40703125 0.48125 0.04375 0.34453125
1 0.7375 0.596875 0.0421875 0.375
1 0.7828125 0.63203125 0.03828125 0.35703125
11 0.515625 0.52734375 0.0625 0.33125
21 0.5796875 0.5359375 0.0734375 0.365625
0 0.69296875 0.59921875 0.04765625 0.33515625
8 0.8328125 0.646875 0.04765625 0.34453125
2 0.87890625 0.67109375 0.0515625 0.33984375
3 0.92265625 0.68203125 0.05078125 0.33515625