30 0.08046875 0.34453125 0.05703125 0.3484375
29 0.14296875 0.35078125 0.07890625 0.353125
14 0.20859375 0.38125 0.05390625 0.3265625
15 0.2546875 0.40078125 0.04921875 0.35703125
12 0.3109375 0.4359375 0.05625 0.33125
12 0.46015625 0.490625 0.06171875 0.309375
12 0.6421875 0.57265625 0.059375 0.353125
10 0.3640625 0.4640625 0.0515625 0.33515625
1 0.4046875 0.47890625 0.040625 0.365625
1 0.73828125 0.625 0.040625 0.34453125
1 0.784375 0.6296875 0.03828125 0.3265625
11 0.5140625 0.5140625 0.0625 0.33125
21 0.57890625 0.55546875 0.06875 0.3703125
8 0.83125 0.6515625 0.04921875 0.34453125
2 0.88203125 0.6796875 0.0484375 0.33125
3 0.92578125 0.690625 0.04765625 0.353125
0 0.69453125 0.596875 0.04609375 0.33125