3 0.5359375 0.48515625 0.05 0.4890625
20 0.05390625 0.6109375 0.0546875 0.55546875
28 0.1140625 0.6 0.065625 0.5484375
28 0.1765625 0.56875 0.06484375 0.5296875
13 0.24296875 0.55546875 0.06171875 0.5109375
13 0.66015625 0.4609375 0.05390625 0.51484375
11 0.3046875 0.54296875 0.05234375 0.51484375
11 0.48203125 0.48671875 0.05546875 0.53671875
2 0.36640625 0.540625 0.06484375 0.51875
2 0.89921875 0.4 0.05234375 0.46640625
4 0.42734375 0.509375 0.05625 0.49296875
21 0.596875 0.459375 0.0671875 0.5109375
4 0.84921875 0.4 0.0515625 0.5109375
1 0.70625 0.45 0.04296875 0.5296875
0 0.746875 0.4484375 0.04609375 0.5109375
9 0.79765625 0.43515625 0.0515625 0.51484375
9 0.94921875 0.39296875 0.05078125 0.49609375