20 0.05703125 0.59609375 0.0515625 0.55546875
28 0.11328125 0.58515625 0.06484375 0.55546875
28 0.17890625 0.578125 0.0671875 0.5109375
13 0.2421875 0.55703125 0.0609375 0.51484375
13 0.6578125 0.45390625 0.05078125 0.4703125
11 0.30625 0.5484375 0.0546875 0.5109375
2 0.36484375 0.54453125 0.0640625 0.5484375
4 0.425 0.50546875 0.05625 0.48515625
4 0.85 0.3984375 0.04921875 0.4484375
11 0.484375 0.48671875 0.05 0.49296875
3 0.5359375 0.47578125 0.0453125 0.5
21 0.5953125 0.459375 0.06484375 0.4890625
1 0.703125 0.4390625 0.03515625 0.51484375
0 0.746875 0.43515625 0.04609375 0.4703125
9 0.79921875 0.4203125 0.0484375 0.46328125
9 0.9484375 0.39296875 0.04453125 0.44453125
2 0.89921875 0.3984375 0.0515625 0.46328125