7 0.76953125 0.51015625 0.04921875 0.521875
7 0.928125 0.52734375 0.053125 0.51015625
20 0.059375 0.478125 0.04765625 0.5328125
28 0.11015625 0.4890625 0.06640625 0.51796875
28 0.171875 0.4953125 0.0578125 0.54453125
13 0.23046875 0.49296875 0.053125 0.4953125
13 0.6125 0.51953125 0.05 0.51015625
11 0.28828125 0.496875 0.05234375 0.525
11 0.4265625 0.496875 0.05078125 0.54765625
1 0.3390625 0.50234375 0.04140625 0.5140625
1 0.37890625 0.50234375 0.0359375 0.5140625
30 0.48359375 0.5046875 0.05859375 0.5328125
21 0.54609375 0.50859375 0.06484375 0.50234375
2 0.665625 0.51953125 0.05390625 0.50234375
2 0.8734375 0.51953125 0.05390625 0.51796875
5 0.715625 0.51796875 0.05 0.49140625
5 0.82265625 0.53125 0.04609375 0.525