20 0.06015625 0.4859375 0.0484375 0.56328125
28 0.11171875 0.4890625 0.059375 0.56328125
28 0.1703125 0.4875 0.0578125 0.5515625
13 0.2296875 0.4859375 0.053125 0.54765625
13 0.60859375 0.4859375 0.04921875 0.55546875
11 0.2875 0.4890625 0.0578125 0.54765625
11 0.42421875 0.48359375 0.04921875 0.53671875
1 0.340625 0.49296875 0.04140625 0.55546875
1 0.38125 0.49921875 0.03984375 0.559375
30 0.48359375 0.4890625 0.05703125 0.55546875
21 0.5484375 0.5046875 0.0671875 0.55546875
2 0.6625 0.4890625 0.0578125 0.57109375
2 0.87421875 0.4859375 0.05546875 0.55546875
5 0.71875 0.50625 0.0484375 0.5671875
5 0.82265625 0.4765625 0.04375 0.5515625
7 0.76953125 0.4953125 0.05078125 0.53671875
7 0.9265625 0.51953125 0.04921875 0.50234375