30 0.0703125 0.65390625 0.05546875 0.35859375
29 0.13671875 0.62734375 0.08671875 0.38984375
14 0.20703125 0.6171875 0.06171875 0.3703125
16 0.2640625 0.59453125 0.06640625 0.39375
2 0.32109375 0.59453125 0.053125 0.3546875
4 0.365625 0.57109375 0.0484375 0.33984375
4 0.46015625 0.54609375 0.05390625 0.37421875
1 0.41171875 0.55 0.03203125 0.38203125
11 0.5125 0.52109375 0.0578125 0.378125
21 0.57578125 0.50703125 0.075 0.37421875
0 0.6359375 0.48203125 0.05078125 0.378125
0 0.68359375 0.48203125 0.04609375 0.3703125
0 0.73125 0.47265625 0.05 0.37421875
0 0.88046875 0.403125 0.0421875 0.40546875
5 0.78203125 0.43984375 0.0484375 0.39375
8 0.82890625 0.4265625 0.04765625 0.38203125
3 0.928125 0.403125 0.053125 0.37421875