9 0.8640625 0.634375 0.040625 0.32734375
30 0.059375 0.38671875 0.05 0.36328125
29 0.134375 0.41015625 0.0765625 0.35234375
8 0.20234375 0.43125 0.04375 0.30234375
32 0.25703125 0.4515625 0.04375 0.35625
32 0.3125 0.4640625 0.03984375 0.35234375
32 0.36640625 0.47265625 0.04765625 0.35625
12 0.425 0.5 0.05078125 0.3234375
19 0.47734375 0.50859375 0.04140625 0.34921875
32 0.53203125 0.525 0.0484375 0.33828125
21 0.59375 0.54140625 0.0640625 0.34140625
16 0.6578125 0.56953125 0.05703125 0.334375
0 0.7125 0.58828125 0.03828125 0.3203125
2 0.76171875 0.596875 0.040625 0.3234375
5 0.81171875 0.61484375 0.04296875 0.30234375
5 0.91328125 0.6453125 0.05 0.3203125
1 0.965625 0.6671875 0.03671875 0.29140625