30 0.06171875 0.38125 0.0484375 0.359375
29 0.13359375 0.40078125 0.078125 0.34921875
32 0.2578125 0.43125 0.046875 0.35234375
32 0.31328125 0.4640625 0.0515625 0.3234375
32 0.36640625 0.475 0.0515625 0.3453125
32 0.5328125 0.51640625 0.053125 0.35625
8 0.2015625 0.428125 0.04453125 0.3234375
12 0.425 0.4875 0.04765625 0.32734375
19 0.4765625 0.50546875 0.04765625 0.35625
21 0.59375 0.54296875 0.06328125 0.33046875
16 0.6578125 0.5609375 0.0515625 0.33046875
0 0.7109375 0.58046875 0.04140625 0.2984375
2 0.7625 0.61328125 0.04375 0.3203125
5 0.81171875 0.61640625 0.04375 0.32734375
5 0.9125 0.64375 0.046875 0.30234375
1 0.965625 0.66328125 0.0265625 0.284375
9 0.8640625 0.6328125 0.04609375 0.30234375