0 0.96015625 0.5953125 0.05390625 0.5578125
32 0.05859375 0.40625 0.0484375 0.5765625
9 0.1125 0.41015625 0.04375 0.5234375
4 0.165625 0.4125 0.04453125 0.5265625
4 0.83671875 0.5515625 0.05390625 0.54609375
12 0.221875 0.4375 0.05390625 0.5609375
2 0.2734375 0.45234375 0.046875 0.5234375
5 0.3265625 0.45234375 0.04296875 0.48515625
1 0.38046875 0.48125 0.03046875 0.5265625
1 0.6671875 0.534375 0.0296875 0.534375
10 0.43828125 0.49453125 0.05 0.5
11 0.4921875 0.4984375 0.04609375 0.54609375
22 0.54921875 0.5 0.05 0.51171875
24 0.60625 0.515625 0.05 0.51953125
6 0.721875 0.5328125 0.04921875 0.5234375
9 0.78046875 0.54765625 0.0421875 0.53046875
8 0.9 0.578125 0.05078125 0.55390625