32 0.0609375 0.41015625 0.0515625 0.5765625
9 0.1125 0.4140625 0.046875 0.54609375
9 0.78125 0.56328125 0.053125 0.5609375
4 0.165625 0.4234375 0.04765625 0.5578125
4 0.8375 0.5609375 0.05625 0.55
12 0.2203125 0.43359375 0.04921875 0.54609375
2 0.27265625 0.46015625 0.04765625 0.54609375
5 0.32890625 0.46171875 0.0515625 0.55
1 0.38125 0.4734375 0.02734375 0.5265625
1 0.66640625 0.53828125 0.0296875 0.51171875
10 0.434375 0.4890625 0.05859375 0.51171875
11 0.4890625 0.4984375 0.05390625 0.5609375
22 0.546875 0.50234375 0.05 0.53828125
24 0.6046875 0.51171875 0.05859375 0.534375
6 0.7203125 0.5421875 0.0484375 0.56484375
8 0.9 0.575 0.04765625 0.5609375
0 0.9578125 0.59375 0.053125 0.5609375