5 0.8875 0.659375 0.06015625 0.4109375
30 0.05859375 0.28515625 0.0515625 0.37890625
32 0.10859375 0.3078125 0.046875 0.390625
16 0.15546875 0.315625 0.04921875 0.37578125
15 0.20625 0.34609375 0.05078125 0.39609375
14 0.2546875 0.3765625 0.04765625 0.3875
0 0.30546875 0.3921875 0.05390625 0.37890625
0 0.66484375 0.5484375 0.05078125 0.38515625
4 0.353125 0.4046875 0.0515625 0.39375
10 0.40390625 0.43828125 0.0515625 0.3734375
10 0.55703125 0.509375 0.0546875 0.3703125
3 0.45546875 0.46171875 0.04921875 0.38515625
21 0.50390625 0.47734375 0.05390625 0.42265625
8 0.61015625 0.5328125 0.04765625 0.3703125
6 0.71640625 0.5859375 0.05390625 0.38515625
4 0.77265625 0.625 0.05390625 0.38203125
1 0.828125 0.63515625 0.05078125 0.425