30 0.06171875 0.275 0.04765625 0.35859375
32 0.10859375 0.2984375 0.04921875 0.37578125
16 0.15625 0.30546875 0.046875 0.37890625
15 0.20625 0.34140625 0.05 0.38203125
14 0.25703125 0.371875 0.05234375 0.37890625
0 0.3046875 0.40546875 0.05234375 0.3703125
0 0.6640625 0.546875 0.05078125 0.3703125
4 0.3546875 0.41640625 0.04765625 0.36484375
10 0.403125 0.4453125 0.05390625 0.36484375
10 0.55625 0.521875 0.05390625 0.390625
21 0.50390625 0.49609375 0.05625 0.39609375
3 0.45390625 0.465625 0.0484375 0.35859375
8 0.61015625 0.53984375 0.05078125 0.40234375
6 0.7171875 0.5828125 0.0515625 0.37890625
1 0.8265625 0.646875 0.04375 0.390625
4 0.7734375 0.61484375 0.05703125 0.37890625
5 0.884375 0.65078125 0.0578125 0.3875