30 0.071875 0.36796875 0.04375 0.384375
29 0.1453125 0.39375 0.075 0.43515625
8 0.2125 0.41640625 0.04296875 0.3609375
8 0.9078125 0.6828125 0.04296875 0.403125
12 0.26875 0.4421875 0.04453125 0.375
18 0.321875 0.471875 0.03828125 0.3796875
4 0.371875 0.48359375 0.04375 0.35625
4 0.8015625 0.64609375 0.04296875 0.365625
1 0.4234375 0.50703125 0.0296875 0.346875
32 0.47890625 0.5140625 0.04375 0.3890625
0 0.53203125 0.54140625 0.034375 0.3609375
13 0.5859375 0.55546875 0.04921875 0.3984375
19 0.6421875 0.58828125 0.04375 0.3703125
2 0.6953125 0.60625 0.0375 0.3796875
2 0.85546875 0.6640625 0.0390625 0.403125
3 0.746875 0.62265625 0.0421875 0.375
1 0.959375 0.70859375 0.02734375 0.3609375