8 0.90625 0.6875 0.03828125 0.403125
8 0.21328125 0.428125 0.04140625 0.384375
30 0.07109375 0.36796875 0.0484375 0.41171875
29 0.14765625 0.384375 0.07421875 0.41640625
12 0.27109375 0.4421875 0.0484375 0.403125
18 0.32109375 0.46796875 0.0421875 0.3796875
4 0.37109375 0.5 0.04375 0.3703125
4 0.8015625 0.65546875 0.0421875 0.346875
1 0.42578125 0.52109375 0.03203125 0.403125
1 0.9625 0.715625 0.028125 0.403125
32 0.47734375 0.53671875 0.04609375 0.3984375
0 0.5328125 0.56015625 0.04296875 0.3703125
13 0.584375 0.5625 0.04765625 0.384375
19 0.6421875 0.59453125 0.04375 0.39375
2 0.6953125 0.61328125 0.03984375 0.39375
2 0.85625 0.66640625 0.040625 0.3890625
3 0.74765625 0.63671875 0.03515625 0.375