20 0.05859375 0.5078125 0.05 0.63203125
28 0.11640625 0.49921875 0.06328125 0.64921875
28 0.17890625 0.496875 0.0625 0.64453125
13 0.24140625 0.5078125 0.05546875 0.57109375
13 0.63359375 0.48828125 0.053125 0.56640625
11 0.30078125 0.503125 0.05390625 0.60546875
11 0.46640625 0.50546875 0.0546875 0.5578125
7 0.78984375 0.49453125 0.05390625 0.54453125
7 0.88515625 0.49453125 0.05703125 0.57109375
7 0.94140625 0.509375 0.0515625 0.54921875
2 0.36171875 0.52734375 0.0625 0.59296875
1 0.41640625 0.490625 0.03828125 0.553125
1 0.51640625 0.5078125 0.034375 0.553125
1 0.68359375 0.50078125 0.03359375 0.5578125
1 0.83515625 0.490625 0.040625 0.51875
21 0.57109375 0.496875 0.06015625 0.52265625
8 0.7328125 0.50078125 0.0484375 0.52265625