3 0.11796875 0.42734375 0.0390625 0.5125
31 0.06640625 0.4328125 0.05234375 0.53515625
29 0.178125 0.4328125 0.075 0.5015625
29 0.4671875 0.453125 0.0765625 0.50703125
10 0.24140625 0.421875 0.05625 0.4671875
25 0.29921875 0.44140625 0.053125 0.51875
14 0.353125 0.45 0.0515625 0.48984375
2 0.40390625 0.45 0.04453125 0.45546875
2 0.53046875 0.4671875 0.04453125 0.44453125
20 0.5828125 0.45859375 0.04375 0.4953125
11 0.6359375 0.48125 0.05390625 0.5296875
0 0.6875 0.484375 0.05625 0.47890625
0 0.73671875 0.4984375 0.0515625 0.51875
0 0.79140625 0.52421875 0.05390625 0.55859375
0 0.8390625 0.52734375 0.04609375 0.484375
0 0.8921875 0.54453125 0.053125 0.47265625
5 0.94765625 0.54453125 0.05078125 0.4953125