30 0.06484375 0.3375 0.06171875 0.41875
29 0.12578125 0.35625 0.07890625 0.38046875
14 0.190625 0.3828125 0.0546875 0.37734375
15 0.2375 0.4 0.04765625 0.384375
12 0.2890625 0.42265625 0.059375 0.3875
12 0.43828125 0.4796875 0.0625 0.35625
12 0.63046875 0.5625 0.059375 0.35625
4 0.34140625 0.4484375 0.04375 0.35625
1 0.3828125 0.4640625 0.0328125 0.34609375
1 0.7359375 0.60234375 0.03984375 0.3671875
1 0.78671875 0.628125 0.03515625 0.36328125
11 0.4984375 0.5015625 0.053125 0.353125
21 0.56328125 0.53984375 0.07265625 0.36015625
0 0.6875 0.596875 0.05078125 0.36328125
8 0.83828125 0.65078125 0.05390625 0.36015625
2 0.89140625 0.66640625 0.05078125 0.3703125
3 0.94453125 0.68671875 0.05546875 0.36328125