30 0.05859375 0.66953125 0.046875 0.475
30 0.47265625 0.54296875 0.053125 0.50625
29 0.12890625 0.6390625 0.0734375 0.4875
8 0.19609375 0.6265625 0.04296875 0.4875
10 0.253125 0.6171875 0.04921875 0.49375
22 0.309375 0.59296875 0.04921875 0.51875
4 0.365625 0.59296875 0.04296875 0.51875
22 0.41796875 0.55859375 0.04765625 0.5125
2 0.52578125 0.53671875 0.046875 0.48125
21 0.58671875 0.50625 0.0625 0.51875
17 0.6453125 0.490625 0.046875 0.525
0 0.6984375 0.484375 0.0359375 0.475
6 0.7515625 0.4875 0.0421875 0.46953125
5 0.8 0.46953125 0.04140625 0.50625
6 0.85234375 0.45390625 0.03828125 0.475
3 0.90703125 0.45390625 0.0421875 0.4875
9 0.95859375 0.43828125 0.03515625 0.45703125