24 0.05859375 0.4984375 0.053125 0.5796875
27 0.1125 0.51015625 0.05390625 0.59375
21 0.171875 0.5125 0.06328125 0.6078125
19 0.2265625 0.50546875 0.05078125 0.584375
14 0.27578125 0.52265625 0.04375 0.5984375
5 0.3265625 0.515625 0.05234375 0.603125
29 0.39296875 0.5125 0.078125 0.56015625
7 0.46015625 0.5203125 0.053125 0.603125
10 0.51484375 0.534375 0.05234375 0.57421875
0 0.57109375 0.5203125 0.04765625 0.56484375
0 0.6796875 0.5171875 0.0484375 0.55078125
0 0.946875 0.54609375 0.046875 0.55078125
2 0.6265625 0.53203125 0.04453125 0.55078125
2 0.8921875 0.55078125 0.04375 0.5796875
6 0.73125 0.5296875 0.0421875 0.53671875
6 0.78515625 0.53203125 0.04453125 0.55078125
8 0.8390625 0.53203125 0.0453125 0.54140625