1 0.95546875 0.67734375 0.02578125 0.33984375
30 0.078125 0.3625 0.046875 0.34375
29 0.1484375 0.378125 0.08125 0.31328125
8 0.2140625 0.41015625 0.04453125 0.29375
8 0.85078125 0.653125 0.0421875 0.2828125
32 0.265625 0.42578125 0.04375 0.33203125
32 0.31953125 0.446875 0.04765625 0.3515625
32 0.37109375 0.46015625 0.04375 0.34765625
32 0.53359375 0.52890625 0.04609375 0.33984375
12 0.42734375 0.4890625 0.04375 0.31328125
19 0.478125 0.50390625 0.0484375 0.3359375
22 0.5890625 0.55390625 0.05625 0.3359375
16 0.64296875 0.56484375 0.05 0.328125
0 0.69609375 0.59375 0.03984375 0.29375
0 0.746875 0.6125 0.0421875 0.29375
4 0.796875 0.628125 0.0390625 0.29375
3 0.903125 0.67421875 0.04609375 0.3171875