30 0.075 0.3453125 0.04765625 0.32421875
29 0.14765625 0.3796875 0.07734375 0.34765625
8 0.21328125 0.41640625 0.046875 0.3359375
32 0.26640625 0.4203125 0.05 0.32109375
32 0.3171875 0.44140625 0.05234375 0.33203125
32 0.36953125 0.465625 0.0453125 0.3359375
32 0.53203125 0.525 0.04921875 0.34765625
12 0.42578125 0.4984375 0.04921875 0.33203125
19 0.47890625 0.509375 0.0453125 0.33984375
22 0.5875 0.540625 0.05234375 0.309375
16 0.64453125 0.5859375 0.05 0.3703125
0 0.69765625 0.603125 0.0375 0.328125
0 0.74609375 0.61640625 0.04296875 0.309375
4 0.79921875 0.6296875 0.04375 0.35859375
8 0.8515625 0.64375 0.04296875 0.3171875
3 0.90078125 0.66640625 0.05 0.3015625
1 0.95546875 0.6875 0.028125 0.29765625