8 0.8296875 0.33046875 0.06015625 0.31328125
20 0.06484375 0.68515625 0.053125 0.3640625
28 0.1109375 0.67734375 0.06171875 0.3421875
26 0.16640625 0.66328125 0.05625 0.3390625
13 0.225 0.6265625 0.06328125 0.3359375
13 0.28359375 0.615625 0.06328125 0.3390625
2 0.340625 0.59375 0.065625 0.33203125
2 0.88671875 0.30390625 0.06953125 0.32890625
2 0.94609375 0.26875 0.0703125 0.3484375
1 0.38828125 0.56328125 0.040625 0.31640625
11 0.4328125 0.54453125 0.05703125 0.31640625
6 0.490625 0.5140625 0.05546875 0.31328125
21 0.553125 0.490625 0.08203125 0.31640625
13 0.6171875 0.44765625 0.06796875 0.31953125
1 0.665625 0.41796875 0.04375 0.31015625
9 0.71015625 0.40234375 0.0625 0.32890625
7 0.76484375 0.36875 0.05625 0.32578125