20 0.06328125 0.68515625 0.053125 0.3390625
28 0.11015625 0.67421875 0.05703125 0.3609375
26 0.165625 0.64765625 0.0609375 0.3515625
13 0.225 0.6171875 0.0609375 0.32265625
13 0.284375 0.609375 0.05859375 0.31328125
2 0.340625 0.5875 0.06328125 0.30703125
1 0.3890625 0.55546875 0.04453125 0.31328125
1 0.6625 0.41328125 0.04921875 0.33203125
2 0.94609375 0.28046875 0.071875 0.3390625
2 0.88671875 0.29453125 0.06015625 0.3671875
11 0.43359375 0.54921875 0.05859375 0.32578125
6 0.490625 0.5125 0.0625 0.32265625
21 0.55625 0.4796875 0.08203125 0.3390625
13 0.61640625 0.44609375 0.06484375 0.3421875
9 0.71015625 0.40703125 0.06328125 0.33203125
7 0.76328125 0.365625 0.0640625 0.3453125
8 0.82734375 0.33359375 0.0640625 0.31953125