20 0.0453125 0.51015625 0.04375 0.546875
28 0.096875 0.4953125 0.0625 0.52578125
26 0.1546875 0.5078125 0.0515625 0.54296875
13 0.21171875 0.51015625 0.05234375 0.5125
13 0.61171875 0.5125 0.053125 0.52578125
11 0.26875 0.5125 0.053125 0.51640625
11 0.428125 0.51484375 0.04921875 0.5125
2 0.33203125 0.5078125 0.05703125 0.54296875
2 0.6703125 0.51015625 0.059375 0.5125
2 0.79296875 0.5125 0.0515625 0.49921875
2 0.853125 0.51015625 0.05390625 0.50390625
1 0.38046875 0.5234375 0.0328125 0.48671875
1 0.90390625 0.5078125 0.03671875 0.51640625
1 0.94765625 0.49921875 0.03359375 0.5078125
5 0.4828125 0.51484375 0.04609375 0.50390625
21 0.546875 0.51640625 0.065625 0.51640625
21 0.73203125 0.51484375 0.053125 0.5125