21 0.58515625 0.55 0.07109375 0.3890625
30 0.078125 0.41796875 0.05859375 0.41171875
29 0.14375 0.41953125 0.08671875 0.3703125
14 0.2125 0.440625 0.05703125 0.3890625
20 0.2625 0.453125 0.0515625 0.378125
22 0.31484375 0.48203125 0.05546875 0.3890625
4 0.36796875 0.50625 0.0515625 0.34765625
1 0.4140625 0.515625 0.034375 0.37421875
1 0.8796875 0.6390625 0.03515625 0.3625
11 0.46484375 0.51015625 0.05859375 0.39296875
11 0.52265625 0.52890625 0.0546875 0.4078125
0 0.64296875 0.57421875 0.04375 0.34765625
0 0.68984375 0.5765625 0.04609375 0.38203125
0 0.73671875 0.59140625 0.04609375 0.37421875
0 0.8328125 0.60859375 0.05078125 0.3703125
2 0.78203125 0.61953125 0.05078125 0.3625
6 0.92578125 0.65 0.046875 0.35546875