32 0.06484375 0.34375 0.053125 0.48671875
9 0.1171875 0.365625 0.04921875 0.4703125
9 0.9421875 0.63671875 0.05 0.47734375
4 0.17265625 0.38125 0.04296875 0.48203125
4 0.4421875 0.4703125 0.05078125 0.475
23 0.2328125 0.3921875 0.05546875 0.44921875
11 0.2890625 0.41796875 0.0546875 0.48671875
11 0.4984375 0.4890625 0.05390625 0.475
8 0.34921875 0.44921875 0.0515625 0.4703125
8 0.7703125 0.5859375 0.05390625 0.47734375
8 0.40078125 0.45546875 0.02890625 0.45390625
8 0.72734375 0.571875 0.0296875 0.46328125
22 0.56328125 0.51484375 0.05078125 0.4515625
24 0.6171875 0.52734375 0.05703125 0.47265625
0 0.6796875 0.55703125 0.0515625 0.4703125
5 0.82890625 0.6 0.05 0.47734375
6 0.8859375 0.61015625 0.04609375 0.484375