9 0.93046875 0.53828125 0.0453125 0.546875
9 0.1203125 0.47890625 0.046875 0.546875
32 0.065625 0.46875 0.04140625 0.6140625
4 0.17265625 0.47890625 0.04296875 0.546875
4 0.4265625 0.50546875 0.05234375 0.540625
23 0.22734375 0.48671875 0.046875 0.55546875
11 0.28515625 0.48515625 0.04765625 0.55234375
11 0.484375 0.5 0.0484375 0.546875
8 0.33984375 0.4984375 0.0390625 0.5671875
1 0.38828125 0.50546875 0.02421875 0.55859375
22 0.54140625 0.50390625 0.046875 0.56171875
24 0.5984375 0.50546875 0.0453125 0.57578125
24 0.6515625 0.525 0.05390625 0.55
2 0.70859375 0.52734375 0.03984375 0.55
2 0.765625 0.53359375 0.05234375 0.56171875
0 0.81875 0.5453125 0.05 0.55546875
3 0.87578125 0.55234375 0.04765625 0.55859375