3 0.728125 0.58359375 0.03984375 0.49375
30 0.06484375 0.39296875 0.05390625 0.51640625
29 0.1359375 0.384375 0.0734375 0.4546875
8 0.203125 0.415625 0.03515625 0.4375
8 0.88828125 0.60625 0.04296875 0.4265625
12 0.25859375 0.43515625 0.04921875 0.4546875
18 0.3125 0.44609375 0.03515625 0.465625
4 0.3578125 0.47734375 0.04375 0.40390625
4 0.7828125 0.58359375 0.04375 0.4265625
1 0.41171875 0.49921875 0.028125 0.4265625
1 0.9421875 0.628125 0.02890625 0.4265625
32 0.46640625 0.49375 0.040625 0.5046875
0 0.51796875 0.5046875 0.0359375 0.44921875
13 0.57109375 0.51875 0.04921875 0.44296875
19 0.62578125 0.54140625 0.0421875 0.48828125
2 0.67890625 0.5640625 0.0390625 0.4546875
2 0.83203125 0.59765625 0.03984375 0.44296875