0 0.8984375 0.49296875 0.0484375 0.5578125
0 0.94765625 0.4890625 0.05 0.57578125
20 0.0515625 0.52421875 0.05078125 0.646875
28 0.109375 0.51953125 0.06328125 0.63828125
28 0.16953125 0.5265625 0.05703125 0.615625
13 0.23046875 0.5375 0.0578125 0.62890625
13 0.64453125 0.50859375 0.0546875 0.60703125
11 0.28984375 0.53359375 0.05078125 0.59375
11 0.4671875 0.515625 0.05390625 0.59375
2 0.34921875 0.53359375 0.06171875 0.6109375
2 0.79609375 0.50390625 0.05078125 0.59765625
4 0.40859375 0.515625 0.05703125 0.59375
6 0.51796875 0.52421875 0.05078125 0.57578125
21 0.58125 0.50859375 0.0734375 0.60703125
1 0.69140625 0.50390625 0.0421875 0.58046875
7 0.74140625 0.50625 0.0546875 0.60234375
9 0.84765625 0.4953125 0.0546875 0.5625