1 0.39921875 0.45 0.03671875 0.4765625
1 0.71484375 0.58203125 0.0421875 0.4421875
20 0.09140625 0.325 0.05390625 0.4390625
16 0.146875 0.3515625 0.0515625 0.4171875
29 0.19921875 0.359375 0.05625 0.4328125
13 0.24609375 0.3890625 0.05546875 0.4171875
11 0.296875 0.4140625 0.05546875 0.4234375
14 0.3515625 0.425 0.05546875 0.4265625
9 0.45234375 0.4828125 0.053125 0.4484375
30 0.5046875 0.49921875 0.05625 0.4328125
21 0.559375 0.51953125 0.06015625 0.4421875
18 0.61171875 0.52890625 0.05546875 0.4359375
6 0.6640625 0.57265625 0.05546875 0.4359375
5 0.77109375 0.60703125 0.05078125 0.4296875
9 0.8203125 0.63359375 0.05625 0.4203125
2 0.87890625 0.67265625 0.05546875 0.4609375
7 0.93359375 0.66171875 0.0546875 0.4578125