20 0.0515625 0.66171875 0.05390625 0.43671875
28 0.1015625 0.6484375 0.05859375 0.47578125
28 0.1609375 0.63359375 0.06015625 0.453125
13 0.22421875 0.60859375 0.06171875 0.44296875
13 0.61796875 0.47109375 0.05703125 0.453125
11 0.2796875 0.590625 0.0609375 0.41328125
11 0.425 0.54375 0.0578125 0.43984375
1 0.33203125 0.56015625 0.0421875 0.43984375
1 0.375 0.55078125 0.04296875 0.43984375
1 0.90078125 0.3640625 0.040625 0.43671875
30 0.48359375 0.515625 0.06484375 0.4234375
21 0.54921875 0.47578125 0.07890625 0.43671875
2 0.678125 0.453125 0.05859375 0.41640625
3 0.73203125 0.4234375 0.0546875 0.45625
8 0.78984375 0.3984375 0.05703125 0.44609375
4 0.85234375 0.3703125 0.06015625 0.4296875
3 0.94453125 0.34921875 0.0546875 0.453125