3 0.94296875 0.32890625 0.0546875 0.44609375
3 0.7328125 0.425 0.05703125 0.4203125
20 0.05234375 0.66484375 0.0515625 0.46953125
28 0.10234375 0.64296875 0.0609375 0.43359375
28 0.16171875 0.63984375 0.05859375 0.44609375
13 0.22265625 0.61171875 0.059375 0.41015625
13 0.61640625 0.47421875 0.05859375 0.43359375
11 0.28203125 0.5953125 0.053125 0.403125
11 0.42265625 0.5390625 0.05859375 0.43671875
1 0.33359375 0.5671875 0.040625 0.43359375
1 0.37578125 0.55546875 0.040625 0.4234375
30 0.48203125 0.5140625 0.0609375 0.41328125
21 0.55078125 0.49140625 0.06953125 0.43359375
2 0.67578125 0.453125 0.0640625 0.41015625
8 0.790625 0.40859375 0.05390625 0.41328125
4 0.85234375 0.38828125 0.05546875 0.4265625
1 0.90078125 0.3625 0.040625 0.4