30 0.07890625 0.4421875 0.05859375 0.46796875
29 0.14765625 0.45390625 0.0859375 0.490625
14 0.21640625 0.45859375 0.0546875 0.42578125
18 0.2625 0.4765625 0.040625 0.43515625
12 0.3140625 0.48359375 0.0609375 0.43046875
8 0.36796875 0.4953125 0.04765625 0.3796875
1 0.41484375 0.528125 0.0375 0.3984375
1 0.83515625 0.6015625 0.03515625 0.41640625
12 0.47109375 0.49765625 0.06171875 0.42109375
13 0.53125 0.52578125 0.05703125 0.43046875
22 0.5921875 0.55078125 0.05703125 0.42578125
0 0.64609375 0.56015625 0.04375 0.43515625
0 0.69296875 0.56484375 0.04453125 0.3984375
0 0.73984375 0.571875 0.0453125 0.403125
2 0.7875 0.596875 0.05078125 0.42578125
2 0.9328125 0.6203125 0.04921875 0.41640625
4 0.8828125 0.61796875 0.04921875 0.41171875