30 0.078125 0.43046875 0.05390625 0.42578125
29 0.15 0.4609375 0.084375 0.42109375
14 0.21640625 0.46953125 0.0546875 0.44921875
18 0.2640625 0.4765625 0.04375 0.42578125
12 0.31484375 0.48828125 0.06015625 0.43046875
8 0.37109375 0.50234375 0.0453125 0.365625
1 0.4140625 0.509375 0.03046875 0.3890625
1 0.83515625 0.615625 0.0359375 0.3984375
12 0.46875 0.54375 0.0640625 0.43046875
13 0.53203125 0.53203125 0.0609375 0.40703125
22 0.5921875 0.55546875 0.05390625 0.3984375
0 0.646875 0.56953125 0.04375 0.3609375
0 0.69453125 0.57890625 0.0421875 0.3890625
0 0.74140625 0.58359375 0.04296875 0.3890625
2 0.7890625 0.61328125 0.04765625 0.41171875
2 0.93203125 0.62734375 0.0484375 0.41171875
4 0.88359375 0.60625 0.04765625 0.3890625