4 0.95390625 0.63359375 0.05234375 0.409375
30 0.059375 0.421875 0.05625 0.44375
29 0.12890625 0.4265625 0.090625 0.42421875
29 0.2671875 0.46328125 0.08671875 0.4484375
14 0.19609375 0.44375 0.05078125 0.41875
17 0.33515625 0.475 0.06015625 0.39453125
8 0.3875 0.4921875 0.04140625 0.35078125
8 0.859375 0.6140625 0.0453125 0.3609375
1 0.81171875 0.6015625 0.0328125 0.375
1 0.43203125 0.50703125 0.034375 0.35078125
19 0.490625 0.51875 0.0515625 0.375
11 0.54453125 0.540625 0.05390625 0.409375
21 0.6078125 0.54375 0.0734375 0.4046875
0 0.66796875 0.56015625 0.04609375 0.3703125
0 0.71484375 0.584375 0.04921875 0.38984375
0 0.76328125 0.609375 0.05 0.3703125
2 0.9078125 0.6359375 0.0515625 0.365625