30 0.05625 0.41171875 0.06015625 0.4046875
29 0.12890625 0.4265625 0.0890625 0.453125
14 0.196875 0.45546875 0.053125 0.4140625
29 0.26484375 0.46328125 0.0890625 0.39921875
17 0.33515625 0.4921875 0.06015625 0.42890625
8 0.38984375 0.50234375 0.0484375 0.38046875
8 0.85703125 0.61875 0.05078125 0.35078125
1 0.4328125 0.5140625 0.02890625 0.4140625
19 0.48984375 0.51640625 0.05859375 0.42890625
11 0.5453125 0.53125 0.05390625 0.42890625
21 0.60859375 0.54375 0.0765625 0.38515625
0 0.66796875 0.5703125 0.04765625 0.3609375
0 0.7171875 0.58203125 0.04765625 0.35546875
0 0.76328125 0.5875 0.04921875 0.3359375
1 0.8125 0.60703125 0.034375 0.34609375
2 0.90703125 0.61875 0.05390625 0.409375
4 0.95390625 0.62109375 0.053125 0.44375