30 0.046875 0.70078125 0.0421875 0.35703125
29 0.11171875 0.67578125 0.06796875 0.40625
8 0.16796875 0.65390625 0.04140625 0.35234375
8 0.79453125 0.428125 0.0484375 0.41015625
8 0.85390625 0.396875 0.0515625 0.44609375
10 0.21875 0.63359375 0.05 0.38359375
12 0.27578125 0.615625 0.04921875 0.365625
4 0.32578125 0.6 0.04453125 0.37890625
22 0.38203125 0.57109375 0.0484375 0.4015625
30 0.4375 0.5421875 0.05234375 0.41484375
9 0.49140625 0.54921875 0.04296875 0.365625
4 0.9765625 0.3953125 0.04609375 0.40625
21 0.55625 0.521875 0.06328125 0.41015625
17 0.6203125 0.5 0.05625 0.39296875
0 0.67890625 0.4953125 0.05 0.4015625
5 0.734375 0.47109375 0.0453125 0.40625
2 0.91640625 0.40859375 0.05 0.4328125