9 0.9109375 0.49609375 0.0484375 0.49765625
20 0.0625 0.51015625 0.05234375 0.53359375
28 0.11015625 0.51171875 0.06015625 0.55390625
28 0.16796875 0.51171875 0.05859375 0.5296875
13 0.22890625 0.515625 0.059375 0.49765625
13 0.6015625 0.5 0.05390625 0.48984375
11 0.4203125 0.5078125 0.05390625 0.48203125
11 0.2828125 0.51015625 0.05234375 0.52578125
1 0.33671875 0.51015625 0.04453125 0.5015625
1 0.375 0.5140625 0.04375 0.51796875
7 0.471875 0.50546875 0.05390625 0.51796875
21 0.540625 0.5140625 0.0734375 0.49375
2 0.65625 0.50390625 0.06328125 0.48984375
3 0.703125 0.5015625 0.05 0.4859375
8 0.75703125 0.4921875 0.05546875 0.45
4 0.8109375 0.4875 0.0453125 0.47421875
7 0.85625 0.4921875 0.05546875 0.5140625