9 0.95078125 0.7546875 0.0421875 0.38203125
5 0.896875 0.725 0.03828125 0.3890625
2 0.84375 0.6921875 0.0421875 0.39296875
6 0.7921875 0.66796875 0.04296875 0.3546875
0 0.7390625 0.640625 0.04140625 0.359375
0 0.68828125 0.615625 0.03984375 0.409375
17 0.6375 0.59296875 0.04375 0.4046875
22 0.5828125 0.5625 0.0421875 0.4140625
22 0.42109375 0.4625 0.053125 0.41484375
22 0.3140625 0.43203125 0.05 0.36328125
30 0.475 0.515625 0.04609375 0.409375
30 0.06796875 0.30859375 0.05 0.3859375
29 0.1390625 0.35703125 0.06875 0.41328125
8 0.20234375 0.390625 0.04296875 0.359375
10 0.2546875 0.409375 0.04921875 0.396875
4 0.36328125 0.4578125 0.04296875 0.37421875
3 0.53359375 0.53984375 0.04296875 0.3984375