32 0.06171875 0.50078125 0.0390625 0.6296875
9 0.10546875 0.49609375 0.03671875 0.59375
9 0.7484375 0.49453125 0.05625 0.60859375
4 0.153125 0.48671875 0.0453125 0.6015625
4 0.3078125 0.51015625 0.0453125 0.57734375
19 0.20859375 0.49609375 0.05390625 0.59375
2 0.25625 0.525 0.0453125 0.5703125
2 0.68671875 0.48984375 0.05078125 0.6171875
2 0.8703125 0.48671875 0.05078125 0.646875
3 0.80859375 0.46796875 0.0515625 0.63125
3 0.63125 0.471875 0.03984375 0.60546875
1 0.359375 0.48984375 0.04375 0.60703125
12 0.409375 0.49921875 0.05078125 0.5546875
11 0.46328125 0.48359375 0.046875 0.63125
22 0.5140625 0.48203125 0.0546875 0.60078125
24 0.5734375 0.46875 0.04921875 0.59296875
7 0.9296875 0.46953125 0.05703125 0.64765625