7 0.9328125 0.4671875 0.04921875 0.69609375
19 0.20703125 0.50546875 0.046875 0.57578125
32 0.05703125 0.5078125 0.05 0.58125
9 0.11171875 0.50625 0.04296875 0.5515625
4 0.15625 0.50234375 0.0453125 0.52578125
4 0.30625 0.5046875 0.0390625 0.565625
2 0.2546875 0.49765625 0.04296875 0.5796875
2 0.690625 0.4875 0.0546875 0.621875
2 0.8734375 0.4796875 0.06171875 0.6953125
1 0.36015625 0.4953125 0.040625 0.5734375
12 0.4125 0.490625 0.05078125 0.5828125
11 0.46484375 0.5046875 0.0515625 0.6109375
22 0.5203125 0.4890625 0.05 0.59765625
24 0.578125 0.49296875 0.0515625 0.578125
3 0.6296875 0.4953125 0.04921875 0.61875
3 0.81015625 0.46015625 0.04921875 0.65546875
9 0.74921875 0.48359375 0.05703125 0.62734375