32 0.06015625 0.50078125 0.0390625 0.58515625
9 0.10859375 0.51015625 0.04453125 0.5671875
9 0.74765625 0.4921875 0.05546875 0.603125
4 0.1546875 0.49140625 0.0390625 0.59296875
4 0.3078125 0.47578125 0.04296875 0.5796875
2 0.25703125 0.50703125 0.05078125 0.60703125
19 0.2046875 0.48671875 0.04453125 0.521875
1 0.3625 0.5 0.02890625 0.575
12 0.41015625 0.4984375 0.0515625 0.5890625
11 0.46484375 0.48984375 0.04453125 0.57265625
22 0.52109375 0.47578125 0.0578125 0.5890625
24 0.57734375 0.4890625 0.0609375 0.59765625
3 0.6296875 0.49375 0.04375 0.5984375
2 0.6890625 0.4859375 0.05 0.6265625
2 0.8703125 0.49140625 0.053125 0.6375
3 0.809375 0.4796875 0.0484375 0.60546875
7 0.93359375 0.46796875 0.05078125 0.64140625