32 0.0546875 0.52421875 0.0515625 0.53671875
9 0.109375 0.5390625 0.04453125 0.53359375
9 0.74765625 0.4984375 0.05546875 0.55546875
4 0.153125 0.54609375 0.040625 0.53984375
12 0.2015625 0.534375 0.05390625 0.5234375
2 0.2546875 0.55 0.0421875 0.53125
5 0.30390625 0.5234375 0.0453125 0.534375
1 0.35859375 0.53828125 0.025 0.515625
1 0.63125 0.50234375 0.03046875 0.51640625
10 0.409375 0.53203125 0.0546875 0.52734375
11 0.46328125 0.51015625 0.05234375 0.53125
22 0.51875 0.5140625 0.05234375 0.5234375
24 0.57734375 0.5078125 0.05234375 0.5359375
6 0.6890625 0.490625 0.06171875 0.58046875
4 0.8109375 0.496875 0.05390625 0.49765625
7 0.8703125 0.4828125 0.05390625 0.596875
7 0.9296875 0.48046875 0.04765625 0.59140625