30 0.0578125 0.16015625 0.0484375 0.20546875
29 0.1203125 0.20859375 0.065625 0.22421875
8 0.1796875 0.26015625 0.04453125 0.2
8 0.96171875 0.7828125 0.04375 0.21640625
18 0.22734375 0.28671875 0.04140625 0.18828125
10 0.27578125 0.33046875 0.0484375 0.22109375
4 0.33203125 0.36484375 0.04375 0.18828125
22 0.38359375 0.3859375 0.05 0.2171875
25 0.43671875 0.4296875 0.0515625 0.2078125
6 0.49140625 0.45859375 0.0484375 0.209375
21 0.5484375 0.5046875 0.06484375 0.225
17 0.6140625 0.5515625 0.053125 0.221875
4 0.6734375 0.59296875 0.0484375 0.19921875
0 0.7296875 0.62734375 0.046875 0.20703125
2 0.7859375 0.66640625 0.04609375 0.2078125
2 0.9015625 0.7453125 0.0453125 0.21171875
3 0.84140625 0.7078125 0.04375 0.20859375