30 0.05625 0.17421875 0.04453125 0.21015625
29 0.1203125 0.2171875 0.0609375 0.2140625
8 0.18046875 0.2609375 0.034375 0.1734375
8 0.96171875 0.78125 0.03828125 0.2171875
18 0.228125 0.29296875 0.0390625 0.16953125
10 0.27578125 0.32578125 0.04765625 0.19296875
4 0.33125 0.35234375 0.0515625 0.1828125
4 0.6734375 0.5859375 0.0421875 0.2
22 0.38359375 0.3953125 0.05078125 0.1875
25 0.43671875 0.428125 0.04453125 0.18671875
6 0.48515625 0.45625 0.04140625 0.18984375
21 0.5515625 0.50546875 0.0578125 0.21171875
17 0.615625 0.5453125 0.053125 0.215625
2 0.7859375 0.65859375 0.0421875 0.20546875
0 0.7296875 0.625 0.0390625 0.20078125
2 0.903125 0.74375 0.05 0.2328125
3 0.84296875 0.70234375 0.04453125 0.18359375