11 0.48515625 0.5125 0.053125 0.57265625
11 0.27265625 0.46953125 0.05234375 0.58203125
8 0.828125 0.5765625 0.05078125 0.57109375
22 0.5421875 0.5234375 0.05390625 0.57890625
9 0.10078125 0.440625 0.0484375 0.5703125
32 0.04296875 0.42265625 0.04921875 0.58515625
1 0.37734375 0.48984375 0.0265625 0.57265625
0 0.66796875 0.55078125 0.05390625 0.57109375
4 0.15546875 0.45390625 0.0484375 0.575
8 0.33125 0.4859375 0.0515625 0.56953125
6 0.76484375 0.56796875 0.04921875 0.57265625
4 0.425 0.4953125 0.04765625 0.575
3 0.8890625 0.58984375 0.046875 0.571875
24 0.60546875 0.53125 0.05234375 0.57109375
23 0.21484375 0.4609375 0.05390625 0.58203125
3 0.946875 0.59609375 0.0515625 0.56796875
1 0.7203125 0.55546875 0.0328125 0.5796875