13 0.2328125 0.5890625 0.05859375 0.50234375
1 0.41171875 0.53828125 0.03671875 0.48359375
9 0.515625 0.50390625 0.05078125 0.47421875
11 0.45859375 0.5203125 0.0484375 0.48359375
1 0.69296875 0.44296875 0.03046875 0.47109375
13 0.64765625 0.45546875 0.05390625 0.484375
28 0.11015625 0.6328125 0.0671875 0.53671875
20 0.05390625 0.6484375 0.05625 0.54140625
6 0.80234375 0.40390625 0.053125 0.45703125
2 0.3578125 0.55234375 0.0578125 0.484375
4 0.96328125 0.3453125 0.0484375 0.47421875
11 0.29765625 0.56953125 0.05625 0.49453125
21 0.5828125 0.4765625 0.065625 0.47421875
8 0.74296875 0.42734375 0.0546875 0.4578125
26 0.17265625 0.5921875 0.06484375 0.51640625
4 0.85390625 0.3859375 0.05078125 0.42890625
6 0.90703125 0.359375 0.05078125 0.41796875