13 0.2328125 0.58828125 0.05859375 0.50390625
9 0.515625 0.503125 0.0515625 0.4765625
1 0.41171875 0.53515625 0.03515625 0.484375
11 0.45859375 0.51875 0.04921875 0.48359375
1 0.69296875 0.44296875 0.03125 0.47265625
28 0.109375 0.63359375 0.0671875 0.53671875
20 0.05390625 0.6484375 0.0578125 0.54296875
13 0.646875 0.4546875 0.053125 0.484375
6 0.80234375 0.40234375 0.05234375 0.4609375
2 0.35703125 0.55 0.05859375 0.48515625
4 0.9671875 0.3453125 0.05546875 0.47734375
11 0.29765625 0.56953125 0.05625 0.4953125
21 0.58359375 0.47734375 0.06484375 0.475
8 0.7453125 0.42734375 0.05078125 0.46015625
26 0.175 0.61484375 0.05078125 0.52421875
4 0.853125 0.3875 0.05703125 0.42421875
6 0.909375 0.3765625 0.05390625 0.47734375