2 0.93515625 0.50234375 0.04765625 0.46484375
14 0.3109375 0.521875 0.053125 0.4875
1 0.884375 0.503125 0.034375 0.46875
0 0.696875 0.503125 0.046875 0.46953125
21 0.58125 0.50234375 0.06875 0.46953125
0 0.74140625 0.5015625 0.0421875 0.4671875
14 0.203125 0.53046875 0.05546875 0.4890625
5 0.79140625 0.4984375 0.04375 0.471875
30 0.06640625 0.53828125 0.059375 0.48984375
0 0.83828125 0.50234375 0.04375 0.471875
29 0.13203125 0.5328125 0.08125 0.496875
12 0.45625 0.5171875 0.05859375 0.48046875
11 0.51796875 0.51171875 0.053125 0.47265625
1 0.40390625 0.51875 0.0375 0.48046875
12 0.646875 0.50625 0.059375 0.47109375
4 0.3578125 0.52578125 0.0484375 0.44453125
15 0.25390625 0.528125 0.05078125 0.48203125