2 0.93515625 0.5 0.04921875 0.46953125
1 0.884375 0.5015625 0.03515625 0.4734375
14 0.3109375 0.52734375 0.0515625 0.48671875
30 0.06796875 0.54453125 0.0546875 0.49375
0 0.83828125 0.50078125 0.0453125 0.4765625
21 0.58046875 0.5015625 0.06875 0.47265625
0 0.740625 0.50078125 0.04375 0.4734375
14 0.203125 0.53046875 0.05546875 0.49140625
29 0.1328125 0.53515625 0.078125 0.4953125
0 0.69609375 0.50234375 0.046875 0.475
5 0.79140625 0.49765625 0.04453125 0.4765625
1 0.40390625 0.5234375 0.0375 0.48125
11 0.51796875 0.5109375 0.05390625 0.47578125
12 0.45625 0.51796875 0.05859375 0.48515625
12 0.646875 0.50625 0.06015625 0.475
4 0.35703125 0.51171875 0.05 0.41640625
15 0.2515625 0.52265625 0.046875 0.45