2 0.68046875 0.5609375 0.04765625 0.39921875
9 0.83671875 0.58828125 0.05 0.4046875
3 0.94375 0.60859375 0.05078125 0.4046875
10 0.6296875 0.54375 0.05625 0.409375
7 0.78515625 0.5796875 0.04609375 0.40390625
5 0.890625 0.596875 0.04609375 0.4046875
3 0.73671875 0.56875 0.0453125 0.40234375
21 0.0734375 0.41015625 0.0796875 0.4640625
30 0.1359375 0.4453125 0.0671875 0.4640625
1 0.19140625 0.4640625 0.05 0.46015625
26 0.23359375 0.45 0.053125 0.41875
15 0.28984375 0.4671875 0.05078125 0.4375
6 0.33828125 0.48203125 0.0578125 0.4953125
9 0.390625 0.50625 0.04921875 0.446875
9 0.49921875 0.528125 0.04453125 0.4203125
28 0.4421875 0.4796875 0.05546875 0.4484375
21 0.5625 0.55234375 0.07109375 0.42578125