24 0.59609375 0.51015625 0.0484375 0.5546875
8 0.8140625 0.540625 0.04609375 0.54921875
11 0.490625 0.496875 0.04921875 0.553125
1 0.3828125 0.48671875 0.0296875 0.5484375
3 0.6484375 0.521875 0.0484375 0.55
9 0.12421875 0.478125 0.04453125 0.553125
32 0.075 0.478125 0.04453125 0.5609375
4 0.3328125 0.48515625 0.0484375 0.5640625
0 0.8703125 0.54921875 0.04375 0.540625
2 0.703125 0.5296875 0.046875 0.54921875
2 0.28125 0.48203125 0.046875 0.56328125
4 0.1765625 0.471875 0.0453125 0.55078125
12 0.434375 0.49296875 0.04921875 0.54921875
3 0.925 0.553125 0.04296875 0.54609375
22 0.54453125 0.50625 0.0515625 0.5546875
6 0.75625 0.53515625 0.04765625 0.54765625
19 0.22734375 0.47890625 0.04609375 0.56015625