8 0.8140625 0.53984375 0.04609375 0.55
11 0.490625 0.496875 0.04921875 0.55390625
24 0.59609375 0.51015625 0.04765625 0.5546875
1 0.3828125 0.4875 0.0296875 0.55
3 0.6484375 0.521875 0.0484375 0.55234375
9 0.12421875 0.4765625 0.04453125 0.5515625
4 0.3328125 0.4859375 0.0484375 0.565625
32 0.07421875 0.47578125 0.04453125 0.55859375
0 0.8703125 0.54921875 0.04453125 0.540625
2 0.28125 0.4828125 0.046875 0.56484375
4 0.1765625 0.4734375 0.04453125 0.5546875
2 0.703125 0.5296875 0.04609375 0.5515625
12 0.434375 0.49375 0.04921875 0.55
3 0.92578125 0.553125 0.0421875 0.546875
6 0.75625 0.53515625 0.04765625 0.54921875
22 0.5453125 0.50078125 0.05234375 0.55390625
19 0.22578125 0.48359375 0.0484375 0.5578125