2 0.25546875 0.5234375 0.046875 0.59296875
2 0.74296875 0.503125 0.04921875 0.640625
1 0.6875 0.5140625 0.0296875 0.64140625
22 0.52109375 0.5109375 0.0484375 0.6234375
4 0.15859375 0.5234375 0.0453125 0.5875
9 0.1078125 0.52890625 0.0421875 0.58125
11 0.46796875 0.5078125 0.04921875 0.61796875
3 0.63515625 0.50390625 0.0453125 0.625
32 0.05859375 0.53359375 0.04453125 0.5859375
6 0.803125 0.50078125 0.0515625 0.6390625
0 0.92109375 0.4890625 0.05546875 0.6546875
4 0.31015625 0.52421875 0.04765625 0.60078125
0 0.4125 0.5171875 0.05078125 0.603125
1 0.8609375 0.5 0.03203125 0.61953125
1 0.36171875 0.5078125 0.0296875 0.57109375
19 0.20625 0.52265625 0.04609375 0.575
24 0.57421875 0.51171875 0.05078125 0.59765625