30 0.0703125 0.121875 0.05703125 0.1546875
29 0.1375 0.175 0.065625 0.13203125
8 0.19140625 0.22734375 0.0421875 0.1140625
32 0.240625 0.271875 0.04921875 0.11796875
32 0.290625 0.31796875 0.0546875 0.11328125
32 0.33828125 0.35546875 0.04609375 0.121875
32 0.49375 0.4890625 0.05546875 0.13125
12 0.39453125 0.396875 0.0515625 0.1015625
19 0.44453125 0.446875 0.05078125 0.1109375
22 0.5484375 0.534375 0.06796875 0.11484375
16 0.60625 0.59296875 0.0578125 0.128125
0 0.66015625 0.62109375 0.04765625 0.10859375
0 0.71328125 0.671875 0.04375 0.09921875
9 0.76328125 0.715625 0.05390625 0.1203125
5 0.821875 0.7671875 0.05078125 0.109375
2 0.8734375 0.8109375 0.059375 0.12265625
6 0.93359375 0.85703125 0.05703125 0.10859375