0 0.66328125 0.59765625 0.05 0.30234375
14 0.196875 0.34921875 0.0578125 0.35234375
29 0.12890625 0.3140625 0.0859375 0.359375
0 0.71015625 0.62421875 0.0484375 0.2984375
30 0.05546875 0.28359375 0.065625 0.33984375
1 0.81015625 0.6859375 0.034375 0.29140625
0 0.76015625 0.64921875 0.05 0.29609375
29 0.265625 0.39140625 0.0875 0.34765625
21 0.6078125 0.5640625 0.0703125 0.325
7 0.91015625 0.734375 0.05390625 0.30703125
11 0.54375 0.53515625 0.053125 0.31328125
1 0.43046875 0.484375 0.034375 0.309375
17 0.3328125 0.421875 0.05625 0.34140625
8 0.3859375 0.440625 0.0515625 0.29296875
19 0.48515625 0.49453125 0.059375 0.32421875
3 0.8578125 0.70546875 0.06328125 0.29765625
1 0.95859375 0.7453125 0.04453125 0.275