14 0.20234375 0.3765625 0.053125 0.36484375
1 0.93515625 0.73203125 0.03046875 0.31796875
29 0.134375 0.33828125 0.08515625 0.36953125
1 0.73515625 0.63203125 0.02890625 0.33203125
5 0.31640625 0.4265625 0.04375 0.33046875
1 0.40703125 0.47265625 0.034375 0.3390625
0 0.6859375 0.60703125 0.04921875 0.328125
1 0.78046875 0.65234375 0.03359375 0.33515625
0 0.6375 0.57890625 0.0453125 0.3296875
30 0.06484375 0.3171875 0.05390625 0.3515625
8 0.359375 0.4546875 0.04609375 0.328125
6 0.45390625 0.4984375 0.046875 0.328125
11 0.509375 0.52265625 0.0546875 0.33828125
17 0.2609375 0.3984375 0.059375 0.34375
21 0.57265625 0.5421875 0.07578125 0.371875
3 0.83125 0.68046875 0.046875 0.34453125
9 0.88203125 0.70625 0.04453125 0.29296875