14 0.203125 0.3765625 0.05390625 0.3640625
1 0.934375 0.73125 0.03125 0.31640625
29 0.13359375 0.3375 0.08671875 0.36796875
1 0.734375 0.63203125 0.0296875 0.33125
0 0.68515625 0.60703125 0.04921875 0.32578125
1 0.40625 0.47109375 0.03515625 0.3390625
5 0.315625 0.42734375 0.04453125 0.33203125
11 0.50859375 0.521875 0.0546875 0.3390625
1 0.7796875 0.65390625 0.0328125 0.33203125
8 0.359375 0.4546875 0.04609375 0.328125
0 0.63671875 0.5796875 0.04609375 0.328125
30 0.06484375 0.31640625 0.0546875 0.3484375
6 0.45390625 0.49765625 0.04765625 0.32578125
9 0.88203125 0.7078125 0.0484375 0.3234375
21 0.57265625 0.559375 0.0734375 0.3921875
17 0.2578125 0.39296875 0.05546875 0.36328125
3 0.8296875 0.68828125 0.04921875 0.33828125