2 0.6984375 0.5 0.05625 0.6390625
11 0.46953125 0.4734375 0.0515625 0.60234375
0 0.64140625 0.49375 0.053125 0.63125
4 0.15625 0.44453125 0.04609375 0.56953125
24 0.58125 0.48671875 0.05625 0.63046875
2 0.88671875 0.5265625 0.05859375 0.68984375
22 0.52421875 0.48046875 0.05390625 0.6125
32 0.0578125 0.43203125 0.04765625 0.5640625
11 0.25234375 0.453125 0.04921875 0.584375
8 0.31015625 0.4625 0.0515625 0.58515625
23 0.20390625 0.446875 0.04453125 0.57265625
7 0.9546875 0.5328125 0.06171875 0.703125
2 0.8203125 0.51484375 0.0546875 0.665625
4 0.4140625 0.471875 0.05 0.59140625
1 0.36328125 0.47734375 0.0296875 0.60078125
9 0.10546875 0.4375 0.0421875 0.5671875
6 0.7578125 0.5109375 0.05390625 0.64765625