2 0.2640625 0.59609375 0.04921875 0.4953125
4 0.16171875 0.61484375 0.04375 0.490625
32 0.06015625 0.63515625 0.05078125 0.5171875
22 0.53359375 0.51171875 0.04609375 0.5140625
9 0.11015625 0.6234375 0.0421875 0.496875
1 0.953125 0.3796875 0.034375 0.55390625
4 0.3203125 0.58671875 0.04296875 0.49453125
6 0.8859375 0.390625 0.05078125 0.534375
1 0.70390625 0.45703125 0.028125 0.51015625
3 0.64375 0.47578125 0.04140625 0.4984375
3 0.75859375 0.43671875 0.046875 0.52578125
1 0.36875 0.56015625 0.03359375 0.4875
1 0.82578125 0.41640625 0.03125 0.53046875
11 0.47734375 0.534375 0.04765625 0.50078125
12 0.42421875 0.54453125 0.0546875 0.49765625
24 0.58671875 0.49453125 0.0515625 0.49140625
19 0.2125 0.58828125 0.0515625 0.47421875