2 0.26328125 0.59375 0.046875 0.50625
4 0.16171875 0.61328125 0.04296875 0.5046875
1 0.95078125 0.37890625 0.034375 0.56171875
9 0.11015625 0.62109375 0.04375 0.50546875
3 0.64453125 0.471875 0.040625 0.51328125
4 0.3203125 0.58671875 0.0421875 0.50234375
22 0.534375 0.51171875 0.046875 0.5171875
32 0.059375 0.63515625 0.05 0.52265625
3 0.76171875 0.43203125 0.0484375 0.53125
1 0.36875 0.5578125 0.0328125 0.4953125
1 0.703125 0.45703125 0.02890625 0.521875
6 0.8859375 0.39140625 0.04921875 0.54140625
1 0.82578125 0.41484375 0.02890625 0.5328125
11 0.47421875 0.53359375 0.04765625 0.50390625
19 0.2125 0.5875 0.0578125 0.471875
12 0.42265625 0.51953125 0.0484375 0.50625
24 0.584375 0.4984375 0.05546875 0.5484375