2 0.2640625 0.5953125 0.04921875 0.49453125
4 0.16171875 0.61484375 0.04375 0.48828125
32 0.06015625 0.63515625 0.05 0.5125
22 0.53359375 0.51171875 0.04609375 0.50859375
9 0.11015625 0.6234375 0.0421875 0.49453125
1 0.95078125 0.38046875 0.03359375 0.5484375
6 0.88671875 0.3921875 0.05 0.53046875
4 0.3203125 0.58671875 0.04296875 0.49140625
1 0.70390625 0.45859375 0.02734375 0.503125
3 0.64375 0.4765625 0.040625 0.49140625
3 0.75859375 0.4375 0.04609375 0.52109375
1 0.3703125 0.5609375 0.03046875 0.49296875
1 0.82578125 0.41796875 0.03046875 0.52578125
11 0.47421875 0.5453125 0.05234375 0.5
12 0.421875 0.54921875 0.05078125 0.4890625
24 0.5859375 0.50234375 0.05078125 0.49765625
19 0.21015625 0.5828125 0.05390625 0.46328125