2 0.66484375 0.45546875 0.040625 0.59609375
30 0.06875 0.56953125 0.05234375 0.553125
2 0.925 0.42578125 0.046875 0.59453125
25 0.615625 0.4671875 0.04375 0.58046875
7 0.87109375 0.41328125 0.040625 0.61875
2 0.51015625 0.48046875 0.04375 0.5640625
29 0.1375 0.56015625 0.0734375 0.5625
11 0.25078125 0.5453125 0.04609375 0.56328125
3 0.35390625 0.53203125 0.040625 0.55546875
1 0.30390625 0.54140625 0.03203125 0.5625
17 0.40546875 0.51484375 0.04765625 0.5640625
5 0.7671875 0.4375 0.04296875 0.58515625
0 0.56328125 0.4765625 0.040625 0.5625
1 0.7078125 0.44765625 0.04140625 0.60703125
6 0.8171875 0.46484375 0.04921875 0.60390625
19 0.46171875 0.484375 0.05390625 0.58046875
7 0.20546875 0.54375 0.046875 0.58671875