5 0.884375 0.5015625 0.05 0.51640625
2 0.828125 0.51328125 0.05625 0.50703125
0 0.72109375 0.50703125 0.05390625 0.50703125
16 0.1890625 0.5125 0.05625 0.52421875
8 0.66640625 0.509375 0.05546875 0.503125
10 0.61640625 0.5109375 0.05078125 0.51015625
5 0.5109375 0.509375 0.0546875 0.52265625
10 0.4546875 0.51015625 0.04921875 0.5171875
4 0.4046875 0.5109375 0.0578125 0.5171875
0 0.3484375 0.50859375 0.0546875 0.5234375
32 0.1296875 0.50390625 0.05390625 0.5390625
6 0.77265625 0.509375 0.05546875 0.51171875
15 0.2421875 0.50703125 0.05234375 0.54140625
30 0.0765625 0.50703125 0.05390625 0.54296875
21 0.56328125 0.51015625 0.0578125 0.5171875
14 0.29609375 0.50859375 0.0546875 0.53359375
4 0.93359375 0.5 0.06328125 0.52421875