5 0.7859375 0.48984375 0.040625 0.55234375
8 0.09921875 0.53515625 0.03984375 0.540625
3 0.72890625 0.4953125 0.04375 0.5453125
1 0.671875 0.49609375 0.0296875 0.54765625
7 0.9515625 0.496875 0.04140625 0.54765625
7 0.83828125 0.4921875 0.04140625 0.55
10 0.33984375 0.50859375 0.04296875 0.5328125
9 0.890625 0.49375 0.0453125 0.54453125
25 0.61796875 0.49765625 0.04765625 0.5375
11 0.28046875 0.51015625 0.053125 0.5328125
1 0.44453125 0.51015625 0.03359375 0.54765625
14 0.55859375 0.51015625 0.04765625 0.5390625
1 0.496875 0.48984375 0.03515625 0.49921875
18 0.3890625 0.5265625 0.0375 0.52109375
15 0.21875 0.5015625 0.0421875 0.52265625
22 0.15859375 0.52890625 0.046875 0.50078125
32 0.0453125 0.53203125 0.0625 0.5578125