25 0.2890625 0.525 0.053125 0.70390625
2 0.50703125 0.515625 0.04453125 0.6609375
8 0.45078125 0.51484375 0.046875 0.66875
5 0.78203125 0.503125 0.04140625 0.6625
2 0.9515625 0.4796875 0.04453125 0.69765625
20 0.05625 0.54140625 0.05546875 0.625
21 0.11484375 0.54609375 0.05859375 0.6546875
21 0.22890625 0.5390625 0.05546875 0.64140625
16 0.171875 0.53203125 0.05 0.6171875
16 0.39375 0.52578125 0.0484375 0.6046875
1 0.340625 0.53125 0.040625 0.63671875
1 0.6140625 0.4953125 0.046875 0.66640625
0 0.67265625 0.52109375 0.04296875 0.61484375
0 0.8375 0.5109375 0.0453125 0.646875
6 0.8921875 0.50390625 0.04453125 0.62265625
4 0.72890625 0.5171875 0.05 0.659375
22 0.56328125 0.5203125 0.05 0.6546875