20 0.04375 0.1 0.05546875 0.1359375
25 0.10625 0.15859375 0.059375 0.1296875
5 0.15859375 0.18828125 0.05078125 0.125
10 0.2078125 0.25078125 0.06171875 0.12421875
10 0.31484375 0.33984375 0.05390625 0.1421875
10 0.60234375 0.58359375 0.06328125 0.146875
3 0.26875 0.28984375 0.05390625 0.11015625
14 0.38125 0.38984375 0.05859375 0.1265625
14 0.440625 0.4390625 0.0640625 0.12578125
4 0.49609375 0.48671875 0.053125 0.115625
20 0.54453125 0.53828125 0.0484375 0.13671875
2 0.6640625 0.640625 0.06171875 0.12734375
5 0.721875 0.6859375 0.05859375 0.1296875
0 0.77734375 0.73046875 0.0546875 0.12109375
3 0.8375 0.78125 0.05703125 0.12265625
0 0.89609375 0.83125 0.05625 0.1203125
9 0.95390625 0.88671875 0.0546875 0.11953125