2 0.26171875 0.56953125 0.0453125 0.5203125
2 0.63671875 0.490625 0.0453125 0.5515625
9 0.1125 0.59296875 0.04375 0.51953125
4 0.16328125 0.571875 0.04453125 0.5265625
5 0.91796875 0.43828125 0.04921875 0.57578125
11 0.471875 0.5125 0.04921875 0.53515625
32 0.06171875 0.60234375 0.04609375 0.540625
22 0.52265625 0.509375 0.05078125 0.53671875
10 0.41796875 0.515625 0.04765625 0.5375
5 0.68671875 0.47109375 0.046875 0.55078125
3 0.80390625 0.45234375 0.04765625 0.55078125
3 0.74296875 0.4609375 0.046875 0.55078125
8 0.86328125 0.440625 0.04765625 0.565625
4 0.31640625 0.54765625 0.04375 0.52265625
1 0.36328125 0.53046875 0.03046875 0.5234375
12 0.2140625 0.56796875 0.0484375 0.52890625
24 0.575 0.4890625 0.06328125 0.55703125