2 0.26171875 0.57109375 0.04453125 0.528125
2 0.63671875 0.49140625 0.04453125 0.55703125
5 0.91953125 0.43359375 0.05 0.57578125
9 0.1125 0.59375 0.04296875 0.52109375
4 0.16328125 0.5734375 0.04375 0.5296875
32 0.0609375 0.603125 0.046875 0.53828125
22 0.52265625 0.51015625 0.05078125 0.53984375
11 0.471875 0.5140625 0.04921875 0.5375
5 0.6875 0.4765625 0.04921875 0.55234375
3 0.8046875 0.4515625 0.046875 0.5546875
3 0.74375 0.46015625 0.0453125 0.55625
1 0.3640625 0.534375 0.0296875 0.53125
10 0.41875 0.51796875 0.046875 0.5390625
4 0.315625 0.55 0.0421875 0.53046875
12 0.21484375 0.56875 0.0484375 0.53203125
8 0.86328125 0.43984375 0.046875 0.5671875
24 0.5765625 0.490625 0.05625 0.54453125