12 0.41484375 0.48984375 0.05 0.42578125
29 0.12109375 0.4359375 0.07421875 0.446875
8 0.19296875 0.45703125 0.0421875 0.41640625
32 0.24453125 0.46640625 0.046875 0.44140625
9 0.8078125 0.578125 0.04375 0.39609375
32 0.303125 0.47421875 0.046875 0.4421875
30 0.05 0.42578125 0.0515625 0.4578125
19 0.47265625 0.50546875 0.0515625 0.4375
0 0.703125 0.5484375 0.0421875 0.4078125
21 0.5875 0.51796875 0.065625 0.428125
1 0.96875 0.60546875 0.03515625 0.3765625
32 0.52265625 0.51171875 0.046875 0.42734375
3 0.909375 0.59609375 0.0453125 0.3890625
3 0.753125 0.5609375 0.04453125 0.4015625
32 0.35703125 0.48046875 0.0484375 0.43828125
0 0.859375 0.58359375 0.0421875 0.37890625
16 0.64921875 0.53046875 0.05 0.43515625