12 0.41484375 0.48828125 0.04921875 0.42578125
29 0.12109375 0.43515625 0.07265625 0.4515625
8 0.19296875 0.45625 0.04140625 0.42109375
32 0.2453125 0.465625 0.04609375 0.44453125
9 0.8078125 0.5765625 0.04296875 0.3984375
32 0.303125 0.46953125 0.04765625 0.43828125
0 0.703125 0.546875 0.04140625 0.409375
30 0.05 0.42578125 0.05078125 0.46328125
19 0.47265625 0.50234375 0.05 0.43828125
3 0.909375 0.59453125 0.04453125 0.3921875
32 0.52265625 0.509375 0.0453125 0.43125
21 0.5875 0.5140625 0.06640625 0.42890625
1 0.96796875 0.6015625 0.0328125 0.3859375
3 0.753125 0.5609375 0.04296875 0.403125
32 0.35546875 0.48046875 0.04375 0.43046875
16 0.64921875 0.5328125 0.05 0.4296875
0 0.85703125 0.57734375 0.03671875 0.36640625