4 0.37265625 0.55703125 0.05234375 0.3375
11 0.54140625 0.4984375 0.0609375 0.3390625
29 0.1390625 0.61796875 0.0859375 0.35546875
30 0.06953125 0.65234375 0.0546875 0.34609375
14 0.2078125 0.6078125 0.05703125 0.3515625
1 0.42265625 0.54296875 0.03828125 0.328125
0 0.80390625 0.4125 0.0484375 0.3296875
0 0.7546875 0.42734375 0.046875 0.33203125
7 0.9 0.371875 0.04453125 0.34453125
0 0.70703125 0.4421875 0.04609375 0.3328125
11 0.31953125 0.56796875 0.059375 0.334375
12 0.478125 0.5171875 0.06328125 0.3375
7 0.9515625 0.35859375 0.04375 0.34921875
20 0.596875 0.4828125 0.053125 0.33359375
12 0.65390625 0.45703125 0.0609375 0.33984375
15 0.26015625 0.58125 0.05 0.33046875
8 0.8515625 0.40703125 0.046875 0.321875