2 0.94453125 0.58359375 0.05234375 0.44296875
0 0.78984375 0.5578125 0.04453125 0.42890625
11 0.525 0.5140625 0.05390625 0.4453125
14 0.19921875 0.446875 0.0515625 0.44765625
1 0.40625 0.4921875 0.03671875 0.4328125
0 0.69296875 0.540625 0.04765625 0.43671875
0 0.73671875 0.5484375 0.046875 0.43671875
8 0.35625 0.48515625 0.04296875 0.42890625
30 0.06171875 0.421875 0.0609375 0.465625
29 0.128125 0.43828125 0.08203125 0.459375
6 0.890625 0.5734375 0.04609375 0.4421875
8 0.8390625 0.5625 0.04921875 0.43515625
0 0.64140625 0.5328125 0.046875 0.44375
13 0.46171875 0.4984375 0.05546875 0.434375
11 0.30625 0.4671875 0.05390625 0.434375
22 0.58984375 0.52109375 0.05703125 0.45234375
18 0.24921875 0.44765625 0.04375 0.42890625