2 0.66953125 0.47421875 0.05234375 0.46640625
5 0.725 0.459375 0.0515625 0.46796875
28 0.11015625 0.559375 0.059375 0.5078125
13 0.23359375 0.53828125 0.05703125 0.48515625
21 0.55 0.4921875 0.0640625 0.47734375
1 0.34375 0.525 0.0359375 0.47265625
20 0.0578125 0.5703125 0.05390625 0.515625
11 0.29375 0.53125 0.0515625 0.47734375
13 0.615625 0.47578125 0.0515625 0.46953125
5 0.8296875 0.43515625 0.05 0.46328125
28 0.1734375 0.553125 0.0578125 0.50390625
1 0.384375 0.51953125 0.03125 0.47578125
7 0.77734375 0.4484375 0.04921875 0.47109375
6 0.93359375 0.41015625 0.05390625 0.44140625
3 0.8796875 0.43046875 0.04765625 0.46015625
0 0.48828125 0.50078125 0.05234375 0.46796875
11 0.42890625 0.5046875 0.05703125 0.4828125