2 0.6703125 0.4765625 0.0546875 0.4765625
5 0.725 0.46171875 0.05078125 0.4703125
28 0.11015625 0.559375 0.05859375 0.5078125
21 0.55 0.4921875 0.065625 0.48125
11 0.29453125 0.53125 0.05234375 0.47890625
13 0.615625 0.4828125 0.053125 0.4734375
13 0.234375 0.53828125 0.0578125 0.4859375
20 0.05859375 0.57109375 0.053125 0.509375
1 0.34453125 0.525 0.03828125 0.47578125
5 0.8296875 0.43828125 0.04921875 0.4671875
28 0.1734375 0.553125 0.05859375 0.50390625
1 0.384375 0.51875 0.03203125 0.478125
7 0.77734375 0.45234375 0.04921875 0.4671875
11 0.43125 0.50703125 0.05078125 0.47421875
6 0.93515625 0.4109375 0.05390625 0.44609375
0 0.48828125 0.50078125 0.05234375 0.47109375
3 0.88359375 0.4328125 0.04453125 0.45859375