11 0.4265625 0.490625 0.05078125 0.4609375
11 0.28125 0.4546875 0.0515625 0.4484375
13 0.6015625 0.5375 0.05078125 0.4609375
28 0.10859375 0.41015625 0.05859375 0.46796875
21 0.534375 0.52265625 0.071875 0.46953125
2 0.66484375 0.5640625 0.0578125 0.4625
13 0.22578125 0.44375 0.0578125 0.44765625
5 0.725 0.57265625 0.0515625 0.47109375
20 0.05078125 0.39765625 0.05234375 0.4796875
1 0.334375 0.4765625 0.0390625 0.45859375
1 0.83515625 0.6078125 0.0359375 0.4671875
1 0.478125 0.50859375 0.03359375 0.459375
28 0.16875 0.42734375 0.0578125 0.45703125
1 0.37578125 0.4828125 0.0359375 0.45390625
5 0.8890625 0.621875 0.04921875 0.459375
6 0.78125 0.584375 0.05078125 0.47578125
3 0.9484375 0.63203125 0.0515625 0.4609375