14 0.20703125 0.5203125 0.05390625 0.49140625
1 0.93671875 0.46796875 0.0328125 0.50390625
1 0.41484375 0.5015625 0.03828125 0.47578125
1 0.73984375 0.475 0.0328125 0.49375
9 0.8859375 0.47109375 0.04375 0.4875
30 0.06875 0.540625 0.05625 0.4828125
6 0.46640625 0.496875 0.04921875 0.48359375
29 0.140625 0.52265625 0.08359375 0.49375
8 0.365625 0.5078125 0.05 0.47734375
21 0.58046875 0.47890625 0.06953125 0.51328125
5 0.3203125 0.509375 0.04453125 0.48671875
0 0.69140625 0.4765625 0.04765625 0.49296875
11 0.51640625 0.4828125 0.0546875 0.49453125
0 0.640625 0.4796875 0.04609375 0.49609375
3 0.8390625 0.47265625 0.04765625 0.48984375
1 0.7859375 0.47109375 0.0296875 0.44453125
17 0.26328125 0.503125 0.06015625 0.496875