1 0.9375 0.465625 0.0328125 0.5046875
14 0.20703125 0.521875 0.05390625 0.49375
1 0.41484375 0.50078125 0.03828125 0.475
1 0.73984375 0.475 0.03203125 0.4953125
30 0.06796875 0.540625 0.0578125 0.48671875
6 0.46640625 0.496875 0.04921875 0.48359375
8 0.365625 0.50703125 0.04921875 0.4765625
9 0.8859375 0.4703125 0.04296875 0.48828125
29 0.140625 0.52421875 0.08359375 0.49765625
21 0.58125 0.4765625 0.06796875 0.5078125
5 0.3203125 0.509375 0.04453125 0.48671875
11 0.51640625 0.4859375 0.0546875 0.49921875
0 0.69140625 0.475 0.04765625 0.48984375
0 0.640625 0.478125 0.04609375 0.496875
3 0.8359375 0.46796875 0.046875 0.4859375
1 0.78515625 0.4921875 0.0390625 0.5171875
17 0.2609375 0.5265625 0.0625 0.4625