1 0.73984375 0.47265625 0.03203125 0.5015625
1 0.9375 0.45703125 0.03203125 0.5125
1 0.41484375 0.50078125 0.0390625 0.4765625
14 0.2078125 0.521875 0.053125 0.4921875
8 0.365625 0.50859375 0.04921875 0.46953125
29 0.140625 0.525 0.08359375 0.496875
30 0.06875 0.5453125 0.05859375 0.4875
9 0.8859375 0.46953125 0.04296875 0.49453125
6 0.46640625 0.49765625 0.05 0.484375
21 0.58125 0.47421875 0.06875 0.51171875
11 0.51640625 0.48671875 0.05546875 0.5
0 0.69140625 0.47421875 0.0484375 0.4921875
5 0.3203125 0.51015625 0.0453125 0.4890625
0 0.640625 0.4765625 0.04609375 0.49921875
3 0.83671875 0.465625 0.04765625 0.49453125
17 0.2609375 0.51796875 0.06015625 0.5171875
1 0.78359375 0.47734375 0.03203125 0.496875