0 0.68203125 0.628125 0.03828125 0.26640625
30 0.44921875 0.46953125 0.04296875 0.271875
6 0.7328125 0.65546875 0.040625 0.27109375
9 0.50390625 0.51484375 0.03671875 0.26875
3 0.959375 0.81953125 0.0421875 0.30859375
21 0.56796875 0.54375 0.053125 0.28515625
22 0.39609375 0.4328125 0.04921875 0.2734375
7 0.84296875 0.73515625 0.04453125 0.2890625
30 0.05625 0.209375 0.04375 0.2375
29 0.12421875 0.2484375 0.0625 0.23671875
8 0.18046875 0.2875 0.04765625 0.23125
10 0.2359375 0.33984375 0.05 0.25703125
22 0.29140625 0.371875 0.04609375 0.25
4 0.34140625 0.39140625 0.03984375 0.225
17 0.6265625 0.5765625 0.0546875 0.26328125
4 0.784375 0.68203125 0.04453125 0.271875
6 0.8984375 0.775 0.04140625 0.25625