0 0.68203125 0.628125 0.03828125 0.2671875
30 0.45 0.46953125 0.04375 0.27421875
6 0.7328125 0.65625 0.04140625 0.2703125
3 0.96015625 0.8140625 0.0421875 0.296875
9 0.503125 0.5140625 0.03828125 0.26640625
22 0.396875 0.43203125 0.0484375 0.271875
21 0.56796875 0.54296875 0.05390625 0.28125
6 0.89765625 0.77734375 0.04453125 0.2875
7 0.84375 0.73125 0.0421875 0.28828125
30 0.05859375 0.215625 0.0453125 0.23671875
29 0.12265625 0.2453125 0.0671875 0.25078125
8 0.18515625 0.28515625 0.03984375 0.22734375
10 0.234375 0.334375 0.04453125 0.26015625
22 0.290625 0.36796875 0.05390625 0.24921875
4 0.34296875 0.3890625 0.0359375 0.26484375
17 0.625 0.5828125 0.04765625 0.25
4 0.78828125 0.7078125 0.04296875 0.25234375