5 0.89375 0.72578125 0.0390625 0.40234375
3 0.94765625 0.7484375 0.040625 0.390625
0 0.73828125 0.6578125 0.04140625 0.3921875
22 0.58203125 0.58828125 0.046875 0.403125
0 0.69140625 0.6328125 0.04453125 0.396875
8 0.2046875 0.44375 0.04375 0.375
2 0.84296875 0.7 0.03984375 0.38359375
10 0.2578125 0.46015625 0.04921875 0.39765625
6 0.79375 0.6796875 0.04296875 0.39140625
30 0.06953125 0.390625 0.04453125 0.4171875
29 0.13828125 0.415625 0.07109375 0.4171875
2 0.53203125 0.571875 0.03828125 0.40078125
22 0.42265625 0.50859375 0.046875 0.4
22 0.3203125 0.48046875 0.04453125 0.4078125
4 0.36953125 0.5 0.04140625 0.39921875
17 0.63828125 0.603125 0.0453125 0.4046875
30 0.47734375 0.5609375 0.04609375 0.425