1 0.41328125 0.5015625 0.03671875 0.36171875
8 0.365625 0.48984375 0.0484375 0.3578125
0 0.64375 0.55859375 0.04609375 0.3671875
4 0.83359375 0.6 0.0484375 0.36875
4 0.93515625 0.62734375 0.0515625 0.3796875
14 0.2 0.44296875 0.05234375 0.4
29 0.13671875 0.4296875 0.08515625 0.4109375
0 0.73515625 0.578125 0.0484375 0.359375
0 0.69296875 0.565625 0.04609375 0.36328125
30 0.06875 0.421875 0.0546875 0.41328125
21 0.5859375 0.53828125 0.06875 0.38359375
13 0.46484375 0.50546875 0.05546875 0.37109375
11 0.5234375 0.52265625 0.053125 0.378125
0 0.78828125 0.58984375 0.04296875 0.36484375
6 0.88515625 0.6140625 0.05 0.37421875
16 0.3109375 0.46015625 0.06171875 0.365625
24 0.25234375 0.4484375 0.0578125 0.378125