2 0.8421875 0.66640625 0.05234375 0.36640625
0 0.72421875 0.59375 0.053125 0.353125
0 0.33515625 0.39140625 0.05078125 0.35859375
4 0.3875 0.4078125 0.05 0.35390625
3 0.9 0.69609375 0.0546875 0.3609375
10 0.6109375 0.5359375 0.05078125 0.365625
5 0.66953125 0.56171875 0.0515625 0.3609375
3 0.784375 0.63671875 0.046875 0.36015625
4 0.96484375 0.72421875 0.0546875 0.36640625
16 0.1703125 0.30234375 0.053125 0.35234375
10 0.4421875 0.44453125 0.0484375 0.3625
15 0.225 0.3296875 0.05625 0.3609375
0 0.5 0.46875 0.04765625 0.36015625
21 0.5578125 0.50390625 0.05625 0.36953125
15 0.27890625 0.35625 0.0515625 0.36640625
32 0.11171875 0.27109375 0.0609375 0.36484375
30 0.05859375 0.2609375 0.059375 0.35625