9 0.12734375 0.39765625 0.04296875 0.3984375
4 0.33125 0.46015625 0.04296875 0.4
24 0.59765625 0.53046875 0.046875 0.4
5 0.81484375 0.59921875 0.0484375 0.41015625
32 0.07734375 0.3859375 0.046875 0.4171875
3 0.64921875 0.5546875 0.046875 0.409375
2 0.70390625 0.575 0.04609375 0.40390625
2 0.28046875 0.440625 0.04609375 0.40703125
22 0.54375 0.51875 0.05234375 0.40078125
1 0.76015625 0.58671875 0.02890625 0.41015625
1 0.38359375 0.4703125 0.03046875 0.3859375
0 0.871875 0.6203125 0.0515625 0.40234375
11 0.49140625 0.50234375 0.04765625 0.40234375
4 0.17734375 0.4078125 0.0421875 0.39765625
9 0.92734375 0.64140625 0.04609375 0.39921875
12 0.434375 0.48671875 0.0484375 0.38984375
19 0.2265625 0.4296875 0.05078125 0.4125