24 0.596875 0.52890625 0.04453125 0.3859375
9 0.12734375 0.39609375 0.0421875 0.3828125
4 0.3328125 0.4578125 0.04140625 0.37421875
5 0.81640625 0.59921875 0.046875 0.40390625
3 0.6484375 0.54921875 0.04453125 0.3921875
2 0.28125 0.43828125 0.04453125 0.3859375
1 0.76015625 0.58671875 0.025 0.38828125
22 0.54140625 0.515625 0.05 0.38671875
2 0.703125 0.571875 0.04375 0.39140625
32 0.078125 0.384375 0.0453125 0.39609375
4 0.17734375 0.40703125 0.04140625 0.37578125
1 0.384375 0.4703125 0.03125 0.371875
9 0.925 0.63671875 0.0453125 0.38984375
0 0.87265625 0.62265625 0.0484375 0.39140625
12 0.4359375 0.48671875 0.04609375 0.3765625
11 0.4859375 0.49609375 0.0515625 0.359375
19 0.22890625 0.421875 0.0484375 0.3609375