4 0.73203125 0.4390625 0.0578125 0.4546875
20 0.05546875 0.6359375 0.05546875 0.5
1 0.40078125 0.54453125 0.03984375 0.48125
21 0.571875 0.48828125 0.0765625 0.48046875
28 0.11328125 0.6171875 0.06875 0.49921875
13 0.2328125 0.5890625 0.0640625 0.484375
11 0.29375 0.57734375 0.05625 0.4796875
2 0.35078125 0.5671875 0.06171875 0.48359375
0 0.840625 0.40546875 0.05625 0.45078125
1 0.68203125 0.46328125 0.0359375 0.46953125
7 0.50234375 0.51171875 0.059375 0.4875
26 0.1765625 0.6046875 0.05078125 0.50546875
11 0.44609375 0.53515625 0.05546875 0.48046875
9 0.9546875 0.3609375 0.05390625 0.46171875
13 0.63125 0.48359375 0.05546875 0.484375
6 0.7859375 0.4140625 0.05625 0.4515625
8 0.89609375 0.3796875 0.05234375 0.434375