4 0.73046875 0.4359375 0.06171875 0.4625
20 0.05625 0.6390625 0.05546875 0.51640625
13 0.23203125 0.5890625 0.06484375 0.4890625
28 0.11171875 0.615625 0.06875 0.50390625
2 0.35 0.565625 0.0609375 0.4890625
1 0.40078125 0.5421875 0.03828125 0.48671875
0 0.840625 0.4046875 0.05625 0.4578125
11 0.29375 0.57734375 0.05546875 0.484375
1 0.68125 0.45859375 0.0359375 0.475
11 0.4453125 0.534375 0.05546875 0.48515625
26 0.17421875 0.60078125 0.05 0.5046875
7 0.5015625 0.5140625 0.0578125 0.4890625
21 0.5734375 0.4890625 0.078125 0.47890625
9 0.9546875 0.35546875 0.0546875 0.4703125
8 0.89609375 0.37734375 0.053125 0.44375
13 0.6359375 0.48203125 0.05625 0.484375
6 0.78359375 0.42421875 0.05546875 0.46796875