9 0.5125 0.52578125 0.05234375 0.51953125
4 0.95078125 0.5984375 0.053125 0.49609375
1 0.6875 0.55078125 0.0359375 0.51796875
11 0.3 0.48828125 0.05625 0.546875
6 0.89296875 0.59453125 0.0515625 0.4875
8 0.7359375 0.56171875 0.05390625 0.5046875
6 0.790625 0.5703125 0.05 0.4953125
1 0.41015625 0.50859375 0.0375 0.52890625
21 0.57734375 0.53125 0.07109375 0.53359375
11 0.4546875 0.5109375 0.053125 0.528125
20 0.05859375 0.44921875 0.05390625 0.5765625
2 0.35625 0.50234375 0.059375 0.53359375
13 0.23984375 0.47265625 0.05859375 0.56015625
13 0.64453125 0.5390625 0.05390625 0.52578125
28 0.11640625 0.45546875 0.0671875 0.57421875
26 0.18046875 0.46484375 0.05859375 0.57109375
4 0.8421875 0.58203125 0.0515625 0.4921875