9 0.51171875 0.525 0.0515625 0.4984375
4 0.95078125 0.60078125 0.053125 0.48515625
6 0.8921875 0.59296875 0.04921875 0.47890625
1 0.68671875 0.553125 0.034375 0.49765625
11 0.29921875 0.490625 0.0546875 0.52421875
13 0.64296875 0.54296875 0.0515625 0.50390625
8 0.73515625 0.56171875 0.0515625 0.4828125
11 0.4546875 0.5125 0.05078125 0.50390625
28 0.1171875 0.45390625 0.0671875 0.5625
1 0.40859375 0.50703125 0.034375 0.51171875
6 0.78984375 0.57109375 0.05 0.484375
2 0.35546875 0.503125 0.05703125 0.51484375
13 0.2359375 0.47421875 0.0546875 0.5453125
20 0.059375 0.44921875 0.05390625 0.56796875
21 0.57734375 0.534375 0.0671875 0.51015625
4 0.84140625 0.58203125 0.05078125 0.4828125
26 0.1796875 0.46640625 0.046875 0.54609375