8 0.3609375 0.46875 0.05 0.31171875
8 0.834375 0.64765625 0.04921875 0.315625
0 0.734375 0.61796875 0.046875 0.3125
1 0.40859375 0.48515625 0.0390625 0.31484375
14 0.2015625 0.4046875 0.0578125 0.34921875
30 0.06328125 0.34609375 0.059375 0.34765625
0 0.6875 0.59765625 0.046875 0.31640625
29 0.13203125 0.3734375 0.0859375 0.3703125
6 0.9390625 0.68984375 0.0546875 0.3171875
21 0.58125 0.553125 0.06953125 0.33046875
6 0.4546875 0.50390625 0.0515625 0.3046875
5 0.31640625 0.44765625 0.04609375 0.3171875
8 0.8859375 0.67421875 0.0484375 0.30703125
11 0.5125 0.52265625 0.059375 0.328125
0 0.63984375 0.57578125 0.04609375 0.3234375
17 0.26015625 0.4296875 0.06640625 0.34140625
9 0.7859375 0.64140625 0.04765625 0.29609375