3 0.9390625 0.71171875 0.059375 0.39375
9 0.128125 0.29375 0.0484375 0.37890625
8 0.88203125 0.68828125 0.05859375 0.4015625
11 0.29296875 0.38515625 0.053125 0.39140625
4 0.43671875 0.465625 0.05234375 0.3765625
4 0.1859375 0.325 0.05234375 0.36796875
22 0.5578125 0.521875 0.0578125 0.384375
32 0.075 0.271875 0.0625 0.39375
6 0.759375 0.6359375 0.05703125 0.3859375
23 0.2359375 0.35234375 0.05078125 0.371875
0 0.671875 0.58046875 0.05625 0.37265625
24 0.61328125 0.55234375 0.05859375 0.39765625
1 0.3953125 0.4375 0.02890625 0.36484375
6 0.81875 0.6640625 0.05390625 0.3921875
8 0.34765625 0.409375 0.04921875 0.378125
11 0.49140625 0.48984375 0.053125 0.39140625
1 0.7203125 0.60546875 0.0421875 0.3765625