9 0.09296875 0.628125 0.04140625 0.43515625
2 0.80546875 0.42265625 0.0546875 0.4875
4 0.68515625 0.45390625 0.05234375 0.484375
9 0.74375 0.44140625 0.0484375 0.4796875
8 0.2953125 0.565625 0.04375 0.440625
4 0.13984375 0.61640625 0.04140625 0.4375
32 0.04375 0.640625 0.0421875 0.45390625
3 0.40078125 0.54609375 0.04296875 0.4546875
1 0.3484375 0.553125 0.0296875 0.44453125
22 0.51015625 0.5046875 0.05625 0.47578125
6 0.9265625 0.38046875 0.05078125 0.49609375
3 0.628125 0.471875 0.0453125 0.4796875
11 0.45625 0.5234375 0.0453125 0.4671875
2 0.24296875 0.5953125 0.04375 0.434375
6 0.86875 0.39453125 0.05390625 0.490625
24 0.56953125 0.49765625 0.0484375 0.471875
16 0.190625 0.58984375 0.05234375 0.421875