2 0.80625 0.42265625 0.053125 0.4890625
9 0.74375 0.44296875 0.046875 0.48046875
4 0.68515625 0.4546875 0.05 0.48828125
2 0.24375 0.59609375 0.0453125 0.43515625
8 0.296875 0.56875 0.04609375 0.44375
1 0.34765625 0.5546875 0.0296875 0.4453125
32 0.04375 0.640625 0.040625 0.44765625
9 0.09296875 0.63125 0.03984375 0.4359375
4 0.13984375 0.61796875 0.03984375 0.43828125
6 0.9265625 0.3796875 0.05 0.496875
21 0.5109375 0.503125 0.0546875 0.47109375
3 0.62734375 0.47109375 0.04296875 0.48125
3 0.39921875 0.53828125 0.040625 0.45546875
11 0.45703125 0.52265625 0.04296875 0.46875
6 0.8625 0.38984375 0.0515625 0.4703125
24 0.565625 0.4828125 0.05703125 0.4765625
16 0.18828125 0.5953125 0.05078125 0.4265625