29 0.13515625 0.2390625 0.078125 0.321875
0 0.7421875 0.63984375 0.0453125 0.28203125
32 0.5296875 0.50625 0.04453125 0.303125
30 0.06328125 0.2109375 0.0484375 0.30390625
32 0.3140625 0.36640625 0.04375 0.29140625
0 0.69609375 0.6078125 0.046875 0.2796875
7 0.95234375 0.75859375 0.04140625 0.27578125
32 0.3640625 0.396875 0.04765625 0.30546875
19 0.478125 0.47421875 0.05078125 0.28984375
7 0.84765625 0.7046875 0.040625 0.2875
12 0.42265625 0.4359375 0.0484375 0.28359375
8 0.2015625 0.28671875 0.040625 0.25078125
32 0.25546875 0.3203125 0.04765625 0.3109375
22 0.5828125 0.53671875 0.05 0.28359375
16 0.64375 0.56875 0.05078125 0.27890625
8 0.79375 0.6765625 0.0453125 0.25078125
9 0.8953125 0.7359375 0.04609375 0.2671875