10 0.49375 0.52265625 0.0578125 0.4890625
8 0.35546875 0.5234375 0.0484375 0.49765625
1 0.88125 0.534375 0.03125 0.5015625
9 0.7203125 0.5296875 0.04921875 0.49921875
1 0.403125 0.52109375 0.03125 0.503125
2 0.665625 0.53046875 0.0484375 0.4953125
23 0.30390625 0.52109375 0.0515625 0.50859375
7 0.77421875 0.53046875 0.05 0.509375
10 0.1953125 0.51015625 0.053125 0.48828125
4 0.928125 0.53828125 0.05390625 0.49140625
0 0.8328125 0.53125 0.0515625 0.503125
1 0.43984375 0.5234375 0.0328125 0.50703125
19 0.078125 0.48828125 0.0515625 0.490625
22 0.13515625 0.4984375 0.053125 0.47109375
18 0.246875 0.50078125 0.05 0.515625
16 0.5515625 0.5203125 0.05859375 0.50625
7 0.6109375 0.5203125 0.05625 0.50625