10 0.49375 0.5171875 0.0609375 0.51015625
1 0.88125 0.53515625 0.0328125 0.51953125
4 0.93203125 0.54140625 0.06328125 0.51328125
9 0.7203125 0.5296875 0.05 0.51640625
7 0.77265625 0.53046875 0.05234375 0.52734375
8 0.35546875 0.52265625 0.05 0.51796875
1 0.403125 0.51953125 0.0328125 0.5203125
2 0.665625 0.52890625 0.05078125 0.5125
0 0.8328125 0.528125 0.0546875 0.51640625
23 0.30390625 0.51875 0.05390625 0.51953125
19 0.0765625 0.509375 0.06484375 0.52890625
10 0.1953125 0.5078125 0.053125 0.50078125
7 0.6125 0.52890625 0.0484375 0.5375
1 0.44140625 0.528125 0.03984375 0.490625
16 0.553125 0.5171875 0.06328125 0.53203125
18 0.24921875 0.50625 0.0546875 0.49453125
22 0.13203125 0.50390625 0.06171875 0.5296875