6 0.66171875 0.53046875 0.0609375 0.56875
0 0.3375 0.496875 0.05546875 0.55859375
8 0.93515625 0.54765625 0.05859375 0.55078125
3 0.8234375 0.55 0.05234375 0.5640625
16 0.18359375 0.4984375 0.0609375 0.5609375
1 0.76640625 0.54609375 0.04375 0.5734375
6 0.39296875 0.50703125 0.053125 0.56953125
32 0.125 0.490625 0.05546875 0.5671875
10 0.44453125 0.5125 0.05546875 0.58359375
1 0.7109375 0.53125 0.0390625 0.565625
1 0.878125 0.5453125 0.0421875 0.56484375
30 0.07109375 0.5046875 0.05625 0.5546875
2 0.49921875 0.51328125 0.059375 0.5828125
21 0.55703125 0.51640625 0.0578125 0.58046875
10 0.60703125 0.525 0.05 0.57890625
15 0.2359375 0.49375 0.05625 0.5671875
15 0.2875 0.50234375 0.05 0.56796875