0 0.70625 0.60859375 0.04765625 0.353125
8 0.934375 0.73125 0.0515625 0.36328125
20 0.06796875 0.2890625 0.04921875 0.365625
32 0.175 0.33671875 0.04609375 0.35625
5 0.7640625 0.6328125 0.04921875 0.36875
3 0.33125 0.415625 0.0484375 0.36484375
5 0.278125 0.38046875 0.046875 0.3609375
10 0.2265625 0.36015625 0.0484375 0.353125
9 0.4359375 0.47109375 0.04921875 0.3609375
4 0.8765625 0.69765625 0.0484375 0.38828125
1 0.81640625 0.66015625 0.0296875 0.3671875
1 0.49140625 0.50078125 0.03359375 0.38046875
12 0.60234375 0.5578125 0.0515625 0.36953125
21 0.5421875 0.53125 0.05703125 0.38359375
1 0.65234375 0.5953125 0.04296875 0.3703125
23 0.384375 0.4640625 0.05546875 0.39765625
28 0.12109375 0.3171875 0.053125 0.38671875