29 0.11796875 0.25078125 0.0625 0.26796875
0 0.6625 0.62734375 0.04296875 0.240625
10 0.23125 0.3328125 0.0390625 0.2375
1 0.83203125 0.74296875 0.02734375 0.2296875
30 0.05625 0.225 0.04296875 0.25625
22 0.3859375 0.440625 0.0453125 0.2546875
6 0.7703125 0.6953125 0.0453125 0.246875
8 0.17890625 0.3046875 0.0375 0.22421875
0 0.89140625 0.78359375 0.03984375 0.2515625
22 0.284375 0.3546875 0.04921875 0.26875
22 0.54921875 0.53828125 0.046875 0.259375
4 0.3359375 0.40546875 0.0390625 0.21875
30 0.44140625 0.475 0.05234375 0.221875
5 0.49375 0.509375 0.040625 0.2515625
17 0.609375 0.590625 0.05 0.23828125
0 0.71796875 0.665625 0.04453125 0.2734375
3 0.94921875 0.81328125 0.05 0.26875