29 0.11796875 0.2515625 0.06171875 0.26875
0 0.66171875 0.62578125 0.04296875 0.23984375
8 0.17890625 0.3046875 0.03671875 0.225
30 0.05546875 0.2265625 0.04140625 0.25390625
0 0.88984375 0.784375 0.0375 0.2453125
10 0.23046875 0.33359375 0.0375 0.234375
22 0.38671875 0.44140625 0.04453125 0.24765625
0 0.7171875 0.65703125 0.03984375 0.23828125
1 0.83359375 0.7453125 0.025 0.2296875
22 0.2859375 0.36953125 0.0515625 0.23359375
4 0.3359375 0.40546875 0.03984375 0.2125
30 0.44296875 0.475 0.04453125 0.23203125
5 0.4953125 0.515625 0.04453125 0.21796875
22 0.55234375 0.55859375 0.0484375 0.24609375
17 0.60859375 0.59375 0.053125 0.2609375
6 0.771875 0.70703125 0.046875 0.22578125
3 0.9484375 0.8328125 0.0453125 0.25703125