29 0.11796875 0.25234375 0.06171875 0.2703125
0 0.66171875 0.62734375 0.04375 0.240625
10 0.23125 0.334375 0.03828125 0.2359375
8 0.17890625 0.30546875 0.0375 0.2265625
6 0.7703125 0.69453125 0.0453125 0.25
30 0.05625 0.22734375 0.0421875 0.2546875
22 0.38671875 0.4421875 0.0453125 0.25390625
1 0.83359375 0.74609375 0.025 0.23515625
0 0.89140625 0.78515625 0.03984375 0.25
30 0.44296875 0.47578125 0.04375 0.2515625
3 0.94765625 0.83671875 0.04296875 0.2578125
22 0.28515625 0.3734375 0.0515625 0.23984375
22 0.5515625 0.5515625 0.0484375 0.2453125
4 0.3375 0.4015625 0.03828125 0.21171875
5 0.4953125 0.5171875 0.04296875 0.215625
17 0.6078125 0.59296875 0.05234375 0.24765625
0 0.71796875 0.67109375 0.04453125 0.26171875