5 0.79609375 0.5296875 0.05078125 0.53515625
14 0.21640625 0.50390625 0.059375 0.52890625
7 0.84140625 0.53046875 0.05078125 0.534375
5 0.946875 0.53046875 0.05625 0.52421875
0 0.64765625 0.528125 0.05 0.525
0 0.69765625 0.53046875 0.05390625 0.5203125
0 0.74453125 0.5328125 0.046875 0.52265625
4 0.375 0.521875 0.0515625 0.528125
30 0.07734375 0.4984375 0.06640625 0.5484375
4 0.47109375 0.5234375 0.05234375 0.53359375
3 0.8890625 0.5328125 0.05078125 0.509375
16 0.271875 0.50234375 0.06484375 0.53203125
1 0.421875 0.51953125 0.034375 0.53515625
11 0.52265625 0.5265625 0.0546875 0.53125
21 0.58671875 0.52265625 0.07265625 0.54140625
29 0.14609375 0.49375 0.084375 0.546875
3 0.3296875 0.51953125 0.0484375 0.51953125