0 0.6734375 0.5828125 0.03984375 0.4234375
8 0.18515625 0.40625 0.03671875 0.396875
30 0.0578125 0.3515625 0.04765625 0.43671875
29 0.12109375 0.378125 0.0640625 0.42890625
0 0.72578125 0.60859375 0.0453125 0.434375
2 0.83359375 0.6578125 0.04453125 0.43515625
22 0.56328125 0.5359375 0.0484375 0.4359375
30 0.45625 0.50234375 0.04453125 0.4203125
22 0.39609375 0.48203125 0.046875 0.4171875
1 0.95078125 0.7015625 0.03125 0.4328125
10 0.2359375 0.4296875 0.046875 0.40546875
4 0.3453125 0.465625 0.040625 0.4125
2 0.890625 0.67109375 0.0453125 0.43046875
22 0.3 0.44609375 0.05 0.421875
6 0.778125 0.6375 0.0421875 0.434375
17 0.61640625 0.56953125 0.0484375 0.43671875
0 0.50859375 0.51640625 0.040625 0.38359375