0 0.67265625 0.58203125 0.040625 0.4234375
30 0.0578125 0.353125 0.04609375 0.43515625
8 0.18515625 0.40625 0.03671875 0.396875
29 0.121875 0.37890625 0.065625 0.4296875
0 0.725 0.60390625 0.04296875 0.43515625
2 0.83359375 0.65703125 0.04453125 0.4390625
22 0.39609375 0.48203125 0.0484375 0.41796875
22 0.5640625 0.5390625 0.0484375 0.4328125
30 0.45625 0.5015625 0.04453125 0.41953125
1 0.95078125 0.70078125 0.03203125 0.43828125
2 0.890625 0.6703125 0.0453125 0.43515625
4 0.3453125 0.465625 0.04140625 0.41328125
10 0.23515625 0.4296875 0.046875 0.40546875
22 0.2984375 0.446875 0.05078125 0.4203125
6 0.778125 0.63203125 0.04296875 0.44453125
0 0.50625 0.53203125 0.03828125 0.4046875
17 0.61640625 0.55234375 0.05625 0.44453125