7 0.778125 0.61171875 0.0453125 0.36328125
14 0.196875 0.403125 0.0546875 0.38359375
29 0.13046875 0.3828125 0.07734375 0.390625
8 0.92890625 0.67109375 0.046875 0.36328125
30 0.0671875 0.36171875 0.05625 0.3828125
5 0.82890625 0.62890625 0.05 0.36328125
0 0.68203125 0.58203125 0.04765625 0.3625
1 0.39453125 0.47265625 0.03515625 0.35625
8 0.35390625 0.45859375 0.0453125 0.3515625
13 0.5125 0.5140625 0.06171875 0.37109375
5 0.73125 0.596875 0.0515625 0.365625
0 0.6359375 0.5609375 0.04921875 0.3625
5 0.88046875 0.65078125 0.0484375 0.35546875
10 0.4484375 0.49140625 0.06171875 0.35859375
21 0.57578125 0.53984375 0.065625 0.378125
17 0.303125 0.43515625 0.0625 0.3625
23 0.246875 0.42421875 0.05390625 0.35546875