22 0.321875 0.37109375 0.05625 0.25546875
22 0.5921875 0.55390625 0.05078125 0.253125
3 0.9015625 0.7734375 0.04140625 0.2421875
6 0.8 0.69609375 0.0453125 0.24296875
30 0.065625 0.20703125 0.04609375 0.25078125
29 0.14296875 0.25078125 0.0703125 0.25390625
1 0.9578125 0.815625 0.034375 0.2390625
30 0.48203125 0.471875 0.046875 0.25
8 0.2046875 0.3015625 0.0390625 0.2359375
10 0.259375 0.33671875 0.05390625 0.25078125
4 0.375 0.41171875 0.04375 0.2484375
22 0.42734375 0.4421875 0.0515625 0.26484375
7 0.5375 0.5296875 0.046875 0.23671875
17 0.6453125 0.59609375 0.05625 0.2390625
0 0.69765625 0.6453125 0.04296875 0.253125
0 0.74765625 0.67578125 0.0421875 0.24140625
3 0.85 0.7453125 0.03984375 0.221875