22 0.3234375 0.3734375 0.0578125 0.259375
6 0.80078125 0.69609375 0.0453125 0.24375
3 0.9015625 0.76796875 0.04375 0.24609375
0 0.7 0.6328125 0.04296875 0.24609375
30 0.0609375 0.19921875 0.05625 0.26328125
29 0.14140625 0.246875 0.0765625 0.24765625
8 0.20546875 0.3046875 0.040625 0.22890625
10 0.2609375 0.3359375 0.053125 0.2453125
4 0.37421875 0.4109375 0.04453125 0.21484375
22 0.42734375 0.4484375 0.0640625 0.2234375
22 0.5921875 0.56953125 0.05078125 0.23515625
30 0.48515625 0.48828125 0.053125 0.22890625
7 0.53828125 0.5109375 0.040625 0.240625
17 0.646875 0.5953125 0.05 0.2125
0 0.74921875 0.6703125 0.04296875 0.23203125
3 0.8515625 0.7453125 0.04296875 0.2578125
1 0.95546875 0.803125 0.025 0.2171875