6 0.24921875 0.3171875 0.0453125 0.21640625
2 0.834375 0.77734375 0.04765625 0.2203125
30 0.07109375 0.178125 0.04453125 0.19296875
29 0.14140625 0.22578125 0.0640625 0.1953125
8 0.19921875 0.27578125 0.0375 0.1703125
22 0.30859375 0.35859375 0.0453125 0.19140625
22 0.4140625 0.4421875 0.04296875 0.209375
22 0.5734375 0.56953125 0.05078125 0.19375
4 0.36015625 0.40390625 0.0453125 0.18828125
30 0.46953125 0.4890625 0.0609375 0.19140625
7 0.5234375 0.53203125 0.0453125 0.19296875
0 0.68359375 0.653125 0.04296875 0.1890625
0 0.73046875 0.690625 0.0421875 0.184375
0 0.88828125 0.81171875 0.040625 0.1859375
17 0.6296875 0.61640625 0.05390625 0.18671875
2 0.93828125 0.85703125 0.05 0.18828125
6 0.78671875 0.73515625 0.0484375 0.19453125