30 0.0881799765625 0.2777777796875 0.098307290625 0.09259259375 0.0570746515625 0.060292848437500005 0.0411603 0.256244615625 0.0881799765625 0.2777777796875
29 0.1612413203125 0.338070628125 0.177155671875 0.16365202343750002 0.1120515046875 0.10766580781249999 0.098307290625 0.2928509890625 0.1612413203125 0.338070628125
30 0.4874855328125 0.6072351390625 0.501953125 0.4091300578125 0.45059317187500003 0.363910425 0.4382957171875 0.5598621859375 0.4874855328125 0.6072351390625
8 0.215494790625 0.381136953125 0.23068576406250002 0.1937984484375 0.1858362265625 0.1593453890625 0.1742621515625 0.359603790625 0.215494790625 0.381136953125
10 0.2704716421875 0.4198966390625 0.279875578125 0.2390180875 0.2393663203125 0.202411715625 0.224175346875 0.378983634375 0.2704716421875 0.4198966390625
22 0.3240017359375 0.4608096453125 0.344256365625 0.286391040625 0.2907262734375 0.245478034375 0.280598959375 0.432816534375 0.3240017359375 0.4608096453125
4 0.377531828125 0.49741602343749997 0.3883825234375 0.329457365625 0.3464265046875 0.30146425625 0.333405671875 0.47372954062500006 0.377531828125 0.49741602343749997
22 0.4281684015625 0.5447889765625 0.443359375 0.3574504703125 0.3963397 0.32730404687500003 0.3840422453125 0.5124892328125 0.4281684015625 0.5447889765625
22 0.5909288203124999 0.678294575 0.6046730328125001 0.4758828609375 0.5569299765625 0.4500430640625 0.5439091421875 0.639534884375 0.5909288203124999 0.678294575
7 0.5316116890625 0.6287683015625001 0.5511429390625 0.432816534375 0.5062934015625 0.411283378125 0.4968894671875 0.6072351390625 0.5316116890625 0.6287683015625001
17 0.645905671875 0.7256675296874999 0.6589265046875 0.531869075 0.612630209375 0.4931093890625 0.6003327546875 0.678294575 0.645905671875 0.7256675296874999
0 0.695818865625 0.7601205875 0.7088396984374999 0.566322134375 0.6618200234375 0.5361757093749999 0.6502459484374999 0.7149009484375 0.695818865625 0.7601205875
0 0.7500723375 0.796726959375 0.7616464125 0.6115417734374999 0.7189670140625 0.577088715625 0.704499421875 0.766580534375 0.7500723375 0.796726959375
0 0.8694299765625001 0.6955211046875001 0.8564091421875 0.8742463375 0.899811921875 0.9151593437500001 0.9150028921875 0.738587425 0.8694299765625001 0.6955211046875001
6 0.7992621515625 0.8333333312500001 0.8093894671875 0.6524547796875 0.7667100703124999 0.61584840625 0.755859375 0.80103359375 0.7992621515625 0.8333333312500001
2 0.8477285875 0.8763996562499999 0.8636429390625 0.6847545234375 0.8202401625 0.650301465625 0.8050491890625 0.8354866515625 0.8477285875 0.8763996562499999
2 0.964192709375 0.7687338484375 0.9200665515625 0.74935400625 0.904875578125 0.9173126625 0.9518952546874999 0.9646856156249999 0.964192709375 0.7687338484375