6 0.4453125 0.49609375 0.05234375 0.41875
11 0.503125 0.5109375 0.06171875 0.43046875
0 0.68203125 0.56796875 0.0484375 0.4296875
5 0.88671875 0.62734375 0.04921875 0.4359375
14 0.19453125 0.421875 0.05546875 0.4359375
29 0.12421875 0.39765625 0.0828125 0.45703125
1 0.73125 0.5796875 0.0375 0.42578125
7 0.834375 0.615625 0.04609375 0.43828125
9 0.93984375 0.64921875 0.0515625 0.41640625
30 0.059375 0.38046875 0.0625 0.44453125
2 0.30703125 0.459375 0.0515625 0.43046875
1 0.396875 0.48125 0.03828125 0.43046875
0 0.634375 0.5484375 0.046875 0.43125
17 0.25078125 0.4390625 0.0640625 0.4109375
5 0.3515625 0.48671875 0.04609375 0.40234375
21 0.56875 0.53515625 0.07109375 0.4265625
3 0.78046875 0.61015625 0.0515625 0.41484375