5 0.7328125 0.54921875 0.04609375 0.5296875
28 0.121875 0.49140625 0.065625 0.60546875
11 0.46640625 0.52890625 0.05078125 0.54140625
20 0.06171875 0.48984375 0.05703125 0.60390625
28 0.19140625 0.4921875 0.0640625 0.59375
2 0.78515625 0.55625 0.0484375 0.51171875
11 0.32109375 0.51171875 0.05234375 0.5546875
1 0.68515625 0.54609375 0.03203125 0.52890625
1 0.51796875 0.53359375 0.0359375 0.5359375
2 0.8421875 0.56328125 0.053125 0.5125
9 0.89453125 0.56640625 0.04453125 0.5109375
13 0.640625 0.5421875 0.05 0.53125
21 0.5734375 0.53984375 0.0671875 0.53984375
1 0.41640625 0.521875 0.0359375 0.5515625
1 0.3703125 0.51875 0.03984375 0.559375
13 0.25625 0.50390625 0.05703125 0.55546875
3 0.946875 0.56640625 0.04609375 0.515625