20 0.0625 0.4890625 0.05625 0.60390625
5 0.73203125 0.54765625 0.04609375 0.5359375
2 0.78515625 0.55703125 0.04921875 0.51640625
28 0.121875 0.48984375 0.06640625 0.6046875
28 0.19140625 0.490625 0.0640625 0.59140625
11 0.3203125 0.51015625 0.05234375 0.55703125
11 0.46640625 0.525 0.053125 0.54140625
1 0.68515625 0.54375 0.03203125 0.534375
1 0.51796875 0.53125 0.0359375 0.53828125
9 0.89453125 0.5671875 0.04375 0.5109375
2 0.84296875 0.5640625 0.05234375 0.515625
21 0.5734375 0.5375 0.0671875 0.54140625
1 0.3703125 0.51796875 0.0390625 0.5609375
13 0.640625 0.53984375 0.05 0.53203125
13 0.253125 0.49765625 0.05625 0.5734375
1 0.415625 0.52109375 0.0359375 0.553125
3 0.94765625 0.56640625 0.046875 0.5140625