30 0.10416666562500002 0.0469897203125 0.059895834375 0.11453744531250001 0.10546875 0.1703377375 0.15494791562500002 0.0939794421875 0.10416666562500002 0.0469897203125
29 0.16276041562500002 0.0969163 0.11067708437499998 0.16740088125000002 0.17057291562500002 0.224669603125 0.22265625 0.1556534515625 0.16276041562500002 0.0969163
8 0.2265625 0.15124816562500001 0.17447916562500002 0.224669603125 0.220052084375 0.26431718125 0.2734375 0.1982378859375 0.2265625 0.15124816562500001
32 0.27734375 0.20558002812499998 0.217447915625 0.2672540375 0.264322915625 0.3069016140625 0.313802084375 0.24522760625 0.27734375 0.20558002812499998
32 0.315104165625 0.243759178125 0.266927084375 0.30837004375 0.3125 0.3582966234375 0.364583334375 0.28928046875 0.315104165625 0.243759178125
32 0.36328125 0.28928046875 0.307291665625 0.35682819375 0.361979165625 0.3979442 0.41666666562500004 0.32745961874999996 0.36328125 0.28928046875
32 0.513020834375 0.42143905937500004 0.4609375 0.49045521406250003 0.506510415625 0.5418502203125 0.559895834375 0.46842878125 0.513020834375 0.42143905937500004
12 0.41927083437499996 0.3362701921875 0.364583334375 0.4023494875 0.40625 0.44640234999999995 0.46875 0.37591776875 0.41927083437499996 0.3362701921875
19 0.46484375 0.37591776875 0.41276041562500004 0.4493392078125 0.45833333437499996 0.48898678437500004 0.515625 0.42143905937500004 0.46484375 0.37591776875
21 0.567708334375 0.4743024953125 0.516927084375 0.5447870765625 0.580729165625 0.6049926578125 0.631510415625 0.533039646875 0.567708334375 0.4743024953125
16 0.635416665625 0.5359765046875 0.576822915625 0.6049926578125 0.631510415625 0.66226138125 0.684895834375 0.5800293671875 0.635416665625 0.5359765046875
0 0.69140625 0.5829662265625 0.640625 0.6607929515625 0.6796875 0.7019089578125 0.733072915625 0.621145375 0.69140625 0.5829662265625
0 0.78515625 0.6725403812499999 0.736979165625 0.7547723937499999 0.791666665625 0.8002936843749999 0.83984375 0.7180616734374999 0.78515625 0.6725403812499999
5 0.731770834375 0.7474302484375 0.78515625 0.6696035250000001 0.7421875 0.6270190906249999 0.69140625 0.7092511015625 0.731770834375 0.7474302484375
1 0.84765625 0.729809103125 0.799479165625 0.8120411171875 0.834635415625 0.8399412625 0.885416665625 0.75917768125 0.84765625 0.729809103125
8 0.90234375 0.7767988265625 0.84765625 0.8502202640625001 0.891927084375 0.8957415578125 0.94921875 0.816446403125 0.90234375 0.7767988265625
9 0.953125 0.825256975 0.901041665625 0.9030837 0.94921875 0.9397944203125 0.994791665625 0.8663729796874999 0.953125 0.825256975