9 0.947916665625 0.826725403125 0.90234375 0.9060205578125 0.954427084375 0.9368575609375001 0.99609375 0.8766519828125 0.947916665625 0.826725403125
30 0.10677083437499998 0.04845815 0.053385415625 0.1204111609375 0.10286458437499998 0.1585903078125 0.15494791562500002 0.0939794421875 0.10677083437499998 0.04845815
29 0.15625 0.09985315624999999 0.10546875 0.1600587375 0.17057291562500002 0.22173274687500003 0.221354165625 0.16299559531250002 0.15625 0.09985315624999999
8 0.22265625 0.157121878125 0.17317708437499998 0.2187958875 0.209635415625 0.2628487515625 0.268229165625 0.19970631562500002 0.22265625 0.157121878125
8 0.889322915625 0.7767988265625 0.83984375 0.8502202640625001 0.885416665625 0.8928046984375 0.940104165625 0.826725403125 0.889322915625 0.7767988265625
32 0.270833334375 0.1982378859375 0.220052084375 0.2672540375 0.263020834375 0.30983847343750004 0.317708334375 0.23935389218749997 0.270833334375 0.1982378859375
32 0.315104165625 0.243759178125 0.264322915625 0.3054331875 0.303385415625 0.35976505 0.368489584375 0.292217328125 0.315104165625 0.243759178125
32 0.37109375 0.29515418437499996 0.3203125 0.36123347968749997 0.359375 0.4023494875 0.41276041562500004 0.33773861875 0.37109375 0.29515418437499996
32 0.506510415625 0.42290748906250003 0.45833333437499996 0.49045521406250003 0.51171875 0.5418502203125 0.561197915625 0.46842878125 0.506510415625 0.42290748906250003
12 0.4140625 0.33773861875 0.359375 0.4067547734375 0.41145833437499996 0.44493392031249995 0.46223958437499996 0.3832599125 0.4140625 0.33773861875
19 0.46354166562500004 0.3803230546875 0.40885416562500004 0.4522760640625 0.45052083437499996 0.4860499265625 0.51171875 0.42143905937500004 0.46354166562500004 0.3803230546875
19 0.565104165625 0.469897209375 0.510416665625 0.54331865 0.575520834375 0.6020558 0.627604165625 0.533039646875 0.565104165625 0.469897209375
16 0.6328125 0.5389133640625 0.583333334375 0.610866371875 0.627604165625 0.6607929515625 0.682291665625 0.585903084375 0.6328125 0.5389133640625
0 0.680989584375 0.5844346546875 0.635416665625 0.65051395 0.674479165625 0.7033773859375 0.729166665625 0.6284875171875 0.680989584375 0.5844346546875
0 0.78515625 0.6798825265625 0.731770834375 0.7577092515625 0.783854165625 0.7988252578124999 0.83203125 0.7283406765625 0.78515625 0.6798825265625
5 0.729166665625 0.7518355359375 0.78125 0.675477240625 0.739583334375 0.6358296625000001 0.690104165625 0.707782671875 0.729166665625 0.7518355359375
1 0.841145834375 0.73568281875 0.787760415625 0.8105726875 0.825520834375 0.8414096921875001 0.880208334375 0.76945668125 0.841145834375 0.73568281875