11 0.49609375 0.54375 0.05390625 0.4828125
11 0.3375 0.5109375 0.0609375 0.521875
21 0.6140625 0.58125 0.0671875 0.47109375
13 0.271875 0.49453125 0.0609375 0.5390625
2 0.40078125 0.53203125 0.06328125 0.5015625
4 0.89921875 0.65625 0.05 0.40703125
13 0.66953125 0.5953125 0.04921875 0.4515625
1 0.45078125 0.53515625 0.034375 0.490625
28 0.1453125 0.45859375 0.06875 0.55546875
20 0.0859375 0.44609375 0.06328125 0.5609375
0 0.72109375 0.61015625 0.046875 0.4484375
1 0.759375 0.6234375 0.0328125 0.43984375
2 0.8515625 0.6390625 0.05 0.4265625
8 0.946875 0.65390625 0.04765625 0.4078125
28 0.20859375 0.47421875 0.065625 0.55234375
3 0.5484375 0.56328125 0.05 0.509375
9 0.80234375 0.63125 0.04140625 0.4375