0 0.7484375 0.42890625 0.04609375 0.45546875
7 0.884375 0.384375 0.04609375 0.475
4 0.38125 0.5703125 0.05859375 0.440625
8 0.7 0.44453125 0.0515625 0.45546875
7 0.93046875 0.375 0.04921875 0.4953125
21 0.575 0.4875 0.0890625 0.45
32 0.12578125 0.6609375 0.06171875 0.45625
16 0.18984375 0.6328125 0.06328125 0.4578125
3 0.8390625 0.3921875 0.0484375 0.475
10 0.440625 0.540625 0.06484375 0.45234375
30 0.07265625 0.67265625 0.06328125 0.4578125
30 0.503125 0.5140625 0.06953125 0.45390625
0 0.340625 0.5796875 0.04921875 0.45234375
10 0.64609375 0.46171875 0.0671875 0.4609375
6 0.79140625 0.409375 0.04765625 0.45546875
14 0.2921875 0.5921875 0.05703125 0.43046875
15 0.2390625 0.615625 0.05390625 0.4578125