2 0.725 0.5328125 0.05234375 0.56640625
4 0.16015625 0.4296875 0.046875 0.55703125
24 0.60390625 0.50546875 0.05390625 0.56875
8 0.90390625 0.56171875 0.05234375 0.58203125
11 0.490625 0.48515625 0.04921875 0.5609375
8 0.32265625 0.459375 0.04765625 0.5515625
5 0.84296875 0.54765625 0.05 0.5734375
23 0.2109375 0.43125 0.046875 0.5546875
32 0.0546875 0.4140625 0.046875 0.54765625
22 0.54453125 0.4953125 0.0546875 0.56796875
1 0.3765625 0.46484375 0.03359375 0.5515625
4 0.43203125 0.4734375 0.0515625 0.57109375
11 0.26484375 0.43984375 0.05234375 0.559375
0 0.66484375 0.51875 0.0546875 0.57421875
7 0.96953125 0.5671875 0.0515625 0.60546875
9 0.10390625 0.41953125 0.04609375 0.54921875
6 0.78125 0.55 0.053125 0.56875