4 0.3296875 0.50078125 0.0484375 0.60625
0 0.95234375 0.58828125 0.05234375 0.6109375
4 0.7765625 0.565625 0.0484375 0.61796875
9 0.11484375 0.46796875 0.046875 0.6046875
3 0.66328125 0.5515625 0.04609375 0.621875
2 0.72265625 0.5609375 0.05078125 0.61796875
32 0.06015625 0.46796875 0.0484375 0.61640625
11 0.49609375 0.51171875 0.05 0.6015625
22 0.5515625 0.51953125 0.0515625 0.60625
4 0.83125 0.57890625 0.05546875 0.628125
1 0.38359375 0.50234375 0.03203125 0.60390625
2 0.88984375 0.58671875 0.05078125 0.6234375
4 0.1671875 0.46640625 0.04609375 0.60390625
19 0.21875 0.4703125 0.04375 0.62265625
2 0.275 0.484375 0.05234375 0.59453125
12 0.4359375 0.5171875 0.05234375 0.5859375
24 0.60546875 0.52109375 0.053125 0.60234375