4 0.3296875 0.49921875 0.04765625 0.6046875
11 0.4953125 0.51171875 0.05 0.6015625
0 0.95234375 0.58828125 0.05234375 0.61015625
2 0.72265625 0.5609375 0.05078125 0.61484375
4 0.7765625 0.565625 0.0484375 0.6140625
4 0.83125 0.57734375 0.0546875 0.62421875
3 0.6640625 0.553125 0.0453125 0.6265625
22 0.55078125 0.51953125 0.053125 0.60703125
9 0.11484375 0.46796875 0.04765625 0.60625
32 0.05859375 0.46796875 0.0515625 0.62890625
1 0.38359375 0.5015625 0.03203125 0.60390625
2 0.89140625 0.58515625 0.05 0.615625
4 0.1671875 0.46640625 0.04453125 0.60234375
19 0.22109375 0.47578125 0.05390625 0.59453125
2 0.27578125 0.484375 0.0484375 0.61875
12 0.4390625 0.4984375 0.05859375 0.60625
24 0.60703125 0.5171875 0.05234375 0.63515625