2 0.67890625 0.5078125 0.04296875 0.46171875
9 0.828125 0.50625 0.04609375 0.45546875
9 0.4078125 0.5046875 0.04921875 0.4609375
21 0.56953125 0.49921875 0.0609375 0.475
10 0.63203125 0.50234375 0.053125 0.46484375
30 0.16171875 0.509375 0.0578125 0.47421875
3 0.72734375 0.50390625 0.04375 0.465625
5 0.87734375 0.50546875 0.046875 0.45703125
3 0.9234375 0.52421875 0.0484375 0.45546875
7 0.77578125 0.5125 0.04375 0.4671875
9 0.5078125 0.51015625 0.0515625 0.4953125
28 0.4546875 0.4953125 0.05546875 0.47890625
15 0.3109375 0.50703125 0.0515625 0.44453125
6 0.35859375 0.49296875 0.05 0.47265625
26 0.25546875 0.49296875 0.06328125 0.484375
1 0.20859375 0.48984375 0.04296875 0.45546875
21 0.096875 0.5046875 0.07265625 0.47265625