18 0.0861672796875 0.1857585140625 0.14935661718749998 0.0928792578125 0.1137408078125 0.0589709578125 0.0505514703125 0.13858175 0.0861672796875 0.1857585140625
18 0.23322610312499997 0.31549461875 0.29296875 0.22261536093749998 0.25620404531249996 0.1887070625 0.19761029531250002 0.27126640156250004 0.23322610312499997 0.31549461875
25 0.14361213281250002 0.22261536093749998 0.20220588281250002 0.13858175 0.15395220468749998 0.09582780468749999 0.09535845468750001 0.1857585140625 0.14361213281250002 0.22261536093749998
10 0.196461396875 0.2756892234375 0.250459559375 0.1872327875 0.201056984375 0.1415302953125 0.1413143375 0.22703818281250002 0.196461396875 0.2756892234375
10 0.4124540453125 0.4732419265625 0.4595588234375 0.3862597671875 0.399816175 0.327288809375 0.3446691171875 0.412796696875 0.4124540453125 0.4732419265625
26 0.2883731625 0.364145659375 0.34926470468750004 0.2756892234375 0.2975643375 0.22703818281250002 0.24586397031249999 0.3258145359375 0.2883731625 0.364145659375
13 0.34926470468750004 0.41721951874999996 0.40441176562500003 0.3243402625 0.34581801562500003 0.26831785468749997 0.28722426562500003 0.3597228375 0.34926470468750004 0.41721951874999996
4 0.44921875 0.51157305 0.508961396875 0.41721951874999996 0.4561121328125 0.3788883984375 0.411305146875 0.47766475 0.44921875 0.51157305
28 0.5204503671875 0.5793896515625 0.576746325 0.479139025 0.5101102953125001 0.42311661406249995 0.45496323437499997 0.5174701453125 0.5204503671875 0.5793896515625
0 0.5641084546874999 0.61329795 0.614659925 0.515995871875 0.5698529406249999 0.479139025 0.508961396875 0.5779153765625 0.5641084546874999 0.61329795
0 0.611213234375 0.661948990625 0.662913603125 0.5616983640625001 0.6077665453125001 0.5174701453125 0.560661765625 0.6118236765625 0.611213234375 0.661948990625
0 0.693933825 0.74450833125 0.751378675 0.642783428125 0.697380515625 0.5970809375 0.64453125 0.695857290625 0.693933825 0.74450833125
1 0.662913603125 0.5661211859375 0.6135110296875 0.6634232625 0.6468290453125001 0.6973315640625 0.693933825 0.6000294859374999 0.662913603125 0.5661211859375
7 0.7375919125 0.77694235625 0.790441175 0.6811145515625 0.741038603125 0.63836060625 0.6950827203125 0.737136959375 0.7375919125 0.77694235625
8 0.7778033093750001 0.8226448468750001 0.8318014703125 0.728291315625 0.7846966906249999 0.6825888250000001 0.7352941171875 0.7784166296875 0.7778033093750001 0.8226448468750001
3 0.8318014703125 0.8742444328125 0.8869485296875 0.772519534375 0.8329503671875 0.728291315625 0.7789522046874999 0.8226448468750001 0.8318014703125 0.8742444328125
2 0.8674172796875 0.9111012828125 0.923713234375 0.8049535609375 0.8754595578125001 0.7695709875000001 0.8283547796875 0.866873065625 0.8674172796875 0.9111012828125