3 0.74375 0.4546875 0.03515625 0.48671875
5 0.7953125 0.43671875 0.03515625 0.484375
4 0.946875 0.39765625 0.04375 0.46328125
0 0.59296875 0.48125 0.03828125 0.4890625
30 0.0609375 0.62578125 0.053125 0.52421875
4 0.328125 0.57421875 0.04609375 0.50546875
0 0.69375 0.46640625 0.0375 0.4765625
7 0.8953125 0.40546875 0.0453125 0.52109375
7 0.215625 0.571875 0.05546875 0.53125
7 0.846875 0.41875 0.04609375 0.52578125
25 0.64375 0.4859375 0.0453125 0.52109375
29 0.13828125 0.57734375 0.08046875 0.52109375
24 0.27109375 0.55 0.05 0.5421875
3 0.3796875 0.55 0.0484375 0.56328125
3 0.5390625 0.5125 0.046875 0.53125
15 0.425 0.52890625 0.04375 0.52109375
28 0.48046875 0.53125 0.0546875 0.54765625