2 0.68203125 0.58984375 0.04765625 0.34453125
1 0.846875 0.665625 0.03203125 0.34921875
6 0.903125 0.6984375 0.046875 0.328125
0 0.79375 0.6359375 0.0484375 0.3390625
7 0.96484375 0.72578125 0.04765625 0.334375
3 0.2640625 0.38125 0.04609375 0.34375
10 0.6265625 0.5515625 0.05703125 0.3640625
10 0.2078125 0.35234375 0.0515625 0.34765625
10 0.32109375 0.4078125 0.0546875 0.36328125
5 0.73984375 0.60625 0.04765625 0.3421875
8 0.49609375 0.5 0.04375 0.35078125
20 0.04375 0.271875 0.04375 0.3171875
25 0.09609375 0.3140625 0.04765625 0.3171875
5 0.15 0.328125 0.04765625 0.32421875
14 0.3765625 0.44296875 0.0484375 0.3421875
14 0.4390625 0.46953125 0.0484375 0.34609375
21 0.55625 0.53828125 0.0640625 0.3421875