2 0.6828125 0.58984375 0.046875 0.33671875
6 0.90390625 0.6984375 0.046875 0.31875
0 0.79375 0.6375 0.046875 0.32890625
1 0.846875 0.66640625 0.03125 0.3390625
7 0.96328125 0.7265625 0.04375 0.32890625
10 0.20859375 0.34921875 0.0515625 0.33671875
10 0.32109375 0.4078125 0.05390625 0.35390625
5 0.73984375 0.60859375 0.04609375 0.3296875
3 0.2625 0.3859375 0.0421875 0.328125
20 0.0390625 0.2734375 0.04375 0.3140625
25 0.0953125 0.3 0.05234375 0.33125
5 0.15546875 0.33515625 0.0453125 0.3171875
14 0.37734375 0.4515625 0.046875 0.3171875
14 0.4390625 0.46171875 0.04921875 0.3171875
8 0.49375 0.49921875 0.0421875 0.3
21 0.5578125 0.534375 0.06015625 0.328125
10 0.625 0.55703125 0.06015625 0.32421875