8 0.2359375 0.44140625 0.046875 0.5265625
9 0.7984375 0.559375 0.05 0.54765625
2 0.33671875 0.471875 0.046875 0.52890625
9 0.68671875 0.528125 0.05 0.5421875
21 0.56171875 0.50234375 0.0671875 0.53828125
4 0.90703125 0.584375 0.05 0.5328125
0 0.7390625 0.5359375 0.04609375 0.559375
2 0.38515625 0.4734375 0.04609375 0.52734375
4 0.125 0.4234375 0.05078125 0.53828125
3 0.96484375 0.5921875 0.0484375 0.5296875
32 0.4421875 0.49375 0.05390625 0.53359375
6 0.284375 0.4484375 0.04453125 0.5234375
11 0.6328125 0.52109375 0.053125 0.5203125
6 0.8515625 0.5796875 0.05234375 0.5421875
19 0.1796875 0.43203125 0.05859375 0.52890625
31 0.06796875 0.4078125 0.0578125 0.515625
8 0.4953125 0.49609375 0.0484375 0.5421875