8 0.2359375 0.44140625 0.046875 0.52421875
9 0.7984375 0.55390625 0.0484375 0.54453125
2 0.3359375 0.46953125 0.046875 0.52890625
9 0.68671875 0.5265625 0.04921875 0.540625
3 0.965625 0.59296875 0.04609375 0.53046875
2 0.38515625 0.47734375 0.04609375 0.5328125
21 0.5625 0.50234375 0.065625 0.53984375
4 0.90625 0.58359375 0.04765625 0.53203125
0 0.7390625 0.53515625 0.04453125 0.5578125
4 0.12421875 0.4234375 0.0515625 0.53359375
32 0.44296875 0.49375 0.05234375 0.53046875
11 0.6328125 0.52109375 0.0515625 0.51640625
6 0.28359375 0.446875 0.04453125 0.52265625
6 0.85 0.57734375 0.046875 0.52890625
8 0.4953125 0.50078125 0.04375 0.50703125
19 0.18125 0.4453125 0.06328125 0.55546875
31 0.06875 0.403125 0.0546875 0.515625