5 0.80703125 0.5203125 0.05 0.56171875
2 0.6375 0.50390625 0.04921875 0.53984375
2 0.26875 0.46328125 0.046875 0.51171875
9 0.1234375 0.44921875 0.04296875 0.50078125
5 0.68984375 0.51171875 0.04765625 0.5484375
1 0.86640625 0.5328125 0.034375 0.5609375
3 0.7453125 0.5171875 0.04609375 0.53828125
12 0.221875 0.46171875 0.046875 0.51015625
1 0.36875 0.4734375 0.03828125 0.509375
11 0.421875 0.47578125 0.04765625 0.5171875
11 0.4765625 0.48203125 0.0484375 0.52421875
4 0.1734375 0.45078125 0.04296875 0.49921875
32 0.0765625 0.44453125 0.04375 0.50390625
1 0.925 0.54375 0.0359375 0.55390625
22 0.5265625 0.48515625 0.0515625 0.525
4 0.32265625 0.46796875 0.04609375 0.5109375
24 0.57890625 0.496875 0.05 0.53515625