2 0.92265625 0.56171875 0.0484375 0.4109375
30 0.08046875 0.4375 0.0625 0.421875
0 0.734375 0.534375 0.046875 0.403125
8 0.36640625 0.48125 0.04921875 0.39921875
0 0.6859375 0.52890625 0.0453125 0.40703125
5 0.7796875 0.5375 0.04453125 0.40859375
29 0.14375 0.44140625 0.0796875 0.42109375
14 0.20859375 0.44609375 0.0515625 0.421875
1 0.4140625 0.48828125 0.03828125 0.4046875
21 0.5859375 0.51171875 0.0703125 0.4140625
0 0.6421875 0.5234375 0.04609375 0.40859375
11 0.5234375 0.50625 0.0546875 0.4109375
1 0.82578125 0.546875 0.03671875 0.4046875
6 0.875 0.55078125 0.05 0.40625
10 0.46640625 0.49453125 0.059375 0.40078125
23 0.25234375 0.45 0.0546875 0.40703125
16 0.3140625 0.46171875 0.0640625 0.41171875