11 0.478125 0.5 0.053125 0.39921875
11 0.53125 0.5046875 0.05078125 0.39921875
21 0.596875 0.52109375 0.06484375 0.4078125
29 0.1578125 0.46171875 0.08359375 0.42421875
2 0.8359375 0.56328125 0.046875 0.38046875
0 0.74453125 0.54375 0.0453125 0.3828125
30 0.08671875 0.44921875 0.06171875 0.4296875
0 0.65078125 0.5359375 0.0453125 0.39140625
0 0.69609375 0.540625 0.04765625 0.38671875
1 0.42421875 0.496875 0.0359375 0.4015625
4 0.37890625 0.49765625 0.0484375 0.4
14 0.2265625 0.47265625 0.05625 0.4
1 0.78984375 0.55390625 0.03359375 0.39296875
6 0.9328125 0.56328125 0.04765625 0.3796875
20 0.2703125 0.475 0.04765625 0.41796875
22 0.321875 0.47734375 0.05859375 0.43984375
6 0.88203125 0.56015625 0.04453125 0.39609375