29 0.1265625 0.2515625 0.06328125 0.290625
1 0.84921875 0.74609375 0.03125 0.28125
0 0.6859375 0.63671875 0.0453125 0.2828125
8 0.19296875 0.30234375 0.03984375 0.259375
0 0.73984375 0.67109375 0.04453125 0.284375
30 0.059375 0.20625 0.05 0.26171875
10 0.24375 0.34375 0.05 0.23125
22 0.3046875 0.38046875 0.05390625 0.24765625
22 0.4125 0.459375 0.05546875 0.25078125
30 0.465625 0.484375 0.0609375 0.26171875
0 0.52265625 0.534375 0.0453125 0.27265625
4 0.35625 0.4203125 0.04375 0.2671875
4 0.95546875 0.82578125 0.05 0.24765625
22 0.5765625 0.56640625 0.059375 0.25859375
17 0.63046875 0.60703125 0.053125 0.28984375
6 0.790625 0.72265625 0.05078125 0.253125
5 0.9015625 0.78671875 0.04453125 0.26484375