1 0.41015625 0.48671875 0.0390625 0.47734375
5 0.94921875 0.61484375 0.0515625 0.4984375
1 0.79140625 0.590625 0.034375 0.4984375
0 0.64765625 0.5515625 0.05 0.4921875
0 0.74453125 0.57421875 0.053125 0.48515625
29 0.125 0.4234375 0.09296875 0.5265625
30 0.0640625 0.4125 0.06171875 0.51328125
14 0.1921875 0.44375 0.06484375 0.5015625
0 0.890625 0.60703125 0.05 0.49765625
21 0.5890625 0.5328125 0.07265625 0.50078125
0 0.696875 0.559375 0.0515625 0.49296875
13 0.52109375 0.5171875 0.05859375 0.4828125
6 0.8375 0.59765625 0.05625 0.4828125
24 0.24765625 0.44765625 0.0640625 0.4921875
16 0.3078125 0.4546875 0.06640625 0.496875
8 0.36015625 0.4828125 0.05078125 0.478125
13 0.4609375 0.49453125 0.059375 0.5015625