5 0.9421875 0.61328125 0.04921875 0.47890625
1 0.41015625 0.48984375 0.0359375 0.446875
0 0.64609375 0.54453125 0.046875 0.459375
1 0.79296875 0.58984375 0.03203125 0.45859375
8 0.36328125 0.48359375 0.04921875 0.43828125
0 0.6953125 0.55859375 0.04921875 0.453125
14 0.19609375 0.43359375 0.053125 0.4734375
0 0.740625 0.57265625 0.046875 0.45546875
0 0.88984375 0.6046875 0.0484375 0.46484375
30 0.06328125 0.4 0.05859375 0.4953125
13 0.4609375 0.49609375 0.0546875 0.4546875
29 0.12890625 0.40703125 0.08359375 0.4953125
16 0.31015625 0.459375 0.065625 0.4609375
22 0.5875 0.52890625 0.0671875 0.47265625
6 0.83984375 0.596875 0.04921875 0.46015625
13 0.52265625 0.52265625 0.06015625 0.4734375
24 0.25078125 0.45 0.06171875 0.46875