0 0.74453125 0.57578125 0.04453125 0.390625
8 0.3671875 0.5140625 0.04609375 0.396875
1 0.415625 0.52265625 0.03828125 0.41328125
9 0.88671875 0.596875 0.04375 0.4
2 0.79296875 0.59140625 0.04765625 0.39765625
0 0.65078125 0.5515625 0.04765625 0.40859375
14 0.2125 0.48203125 0.05234375 0.43046875
30 0.075 0.46640625 0.0578125 0.453125
0 0.69609375 0.56328125 0.04765625 0.39921875
3 0.840625 0.5953125 0.04375 0.39921875
13 0.52578125 0.53203125 0.05390625 0.43125
29 0.1453125 0.47421875 0.0828125 0.4421875
6 0.9390625 0.60390625 0.0484375 0.4
21 0.59140625 0.5375 0.0703125 0.43125
3 0.32421875 0.50625 0.046875 0.4078125
19 0.46875 0.5453125 0.0578125 0.46328125
25 0.26796875 0.49921875 0.05859375 0.45234375