11 0.45234375 0.53046875 0.06015625 0.35546875
13 0.2328125 0.615625 0.06796875 0.3578125
2 0.35625 0.58125 0.0640625 0.34765625
2 0.9359375 0.28828125 0.06328125 0.3453125
11 0.30078125 0.5984375 0.06484375 0.34453125
21 0.5765625 0.4625 0.08046875 0.34453125
4 0.825 0.33515625 0.0609375 0.359375
20 0.06171875 0.696875 0.06953125 0.36875
1 0.6890625 0.409375 0.04375 0.33359375
1 0.40625 0.546875 0.05078125 0.35
28 0.11484375 0.67578125 0.06953125 0.371875
3 0.875 0.31171875 0.05859375 0.3453125
13 0.64609375 0.43046875 0.06640625 0.33515625
1 0.7828125 0.3546875 0.04453125 0.3453125
9 0.734375 0.3890625 0.05703125 0.3890625
30 0.51015625 0.4953125 0.0734375 0.3734375
26 0.175 0.6421875 0.065625 0.3765625