30 0.040509259375 0.0207860921875 0.018807871875 0.211640209375 0.070891203125 0.25699168437500003 0.0925925921875 0.06424792343749999 0.040509259375 0.0207860921875
29 0.0933159734375 0.068027209375 0.0730613421875 0.25132275000000004 0.15842013906250002 0.3155706734375 0.1786747671875 0.137944065625 0.0933159734375 0.068027209375
8 0.176504628125 0.1417233578125 0.157696759375 0.31179138281249996 0.20254629687499998 0.3552532140625 0.22280092499999998 0.183295540625 0.176504628125 0.1417233578125
32 0.23148148281249997 0.17951625 0.208333334375 0.3552532140625 0.2560763890625 0.3930461078125 0.27777777656249997 0.2173091484375 0.23148148281249997 0.17951625
32 0.2821180546875 0.2267573671875 0.261140046875 0.4006046890625 0.3074363421875 0.44028722499999995 0.32769097343750003 0.26832955625 0.2821180546875 0.2267573671875
32 0.3313078703125 0.26832955625 0.3146701390625 0.442176871875 0.363136575 0.47996976562500004 0.3877314828125 0.30990173906249996 0.3313078703125 0.26832955625
32 0.49768518593750005 0.40627362187499994 0.47815393593750005 0.5763416484375 0.52734375 0.61791383125 0.5475983796875 0.434618290625 0.49768518593750005 0.40627362187499994
12 0.3935185171875 0.317460315625 0.3703703703125 0.47430083125 0.41666666562500004 0.5215419484375 0.44053819531249994 0.3514739234375 0.3935185171875 0.317460315625
19 0.4441550921875 0.353363565625 0.42390046249999996 0.5215419484375 0.4680266203125 0.5668934234375 0.4926215265625 0.3911564640625 0.4441550921875 0.353363565625
21 0.554108796875 0.44028722499999995 0.534577546875 0.6122448984375 0.6004050921874999 0.67271353125 0.6192129625 0.4894179890625 0.554108796875 0.44028722499999995
21 0.625 0.49886621406250004 0.60546875 0.6746031734375 0.656828703125 0.7180650046875 0.6756365734374999 0.5442176890625 0.625 0.49886621406250004
0 0.682146990625 0.549886621875 0.6597222234375 0.7312925156250001 0.716145834375 0.748299321875 0.734953703125 0.587679515625 0.682146990625 0.549886621875
4 0.7385706015625 0.59145880625 0.7168692125 0.7501889640625 0.7667824078125001 0.7993197296875 0.7848668984375 0.631141346875 0.7385706015625 0.59145880625
1 0.788483796875 0.6330309890625 0.7711226859375 0.810657596875 0.8123553234375 0.8408919125000001 0.833333334375 0.67271353125 0.788483796875 0.6330309890625
1 0.846354165625 0.6916099796874999 0.8297164359375 0.8635676484375001 0.865885415625 0.891912321875 0.8832465265625 0.7180650046875 0.846354165625 0.6916099796874999
9 0.8948206015625001 0.72562358125 0.8796296296874999 0.9032501890625 0.9273726859375 0.9353741484375 0.9476273140625 0.7728646984374999 0.8948206015625001 0.72562358125
2 0.9577546296874999 0.7860922140625 0.9353298609375 0.9467120203125001 0.978009259375 0.97694633125 0.9953703703125001 0.81632653125 0.9577546296874999 0.7860922140625