22 0.45390625 0.47265625 0.05703125 0.27421875
29 0.13515625 0.2265625 0.07734375 0.2921875
1 0.67734375 0.6234375 0.0390625 0.25625
30 0.06796875 0.2078125 0.05 0.2796875
7 0.94453125 0.8 0.05 0.26875
8 0.8328125 0.73515625 0.0515625 0.26953125
1 0.728125 0.66015625 0.03203125 0.24140625
8 0.2 0.28984375 0.04609375 0.24609375
32 0.25 0.32734375 0.0578125 0.25078125
32 0.30390625 0.36796875 0.0515625 0.24375
32 0.353125 0.4 0.05390625 0.23203125
32 0.51015625 0.50859375 0.05859375 0.2625
5 0.403125 0.440625 0.04609375 0.24375
11 0.5609375 0.553125 0.053125 0.2578125
16 0.61796875 0.58125 0.06171875 0.2578125
0 0.778125 0.709375 0.0546875 0.25546875
5 0.88828125 0.77578125 0.05625 0.2765625