8 0.8171875 0.615625 0.05234375 0.41015625
13 0.58671875 0.5515625 0.05546875 0.425
21 0.52109375 0.53046875 0.06875 0.4265625
11 0.4046875 0.4984375 0.05078125 0.4125
2 0.64453125 0.57265625 0.05703125 0.434375
5 0.75703125 0.596875 0.05234375 0.42890625
28 0.16875 0.4125 0.05234375 0.428125
11 0.2703125 0.44921875 0.05390625 0.39921875
2 0.93671875 0.65859375 0.06171875 0.4234375
13 0.21796875 0.434375 0.053125 0.40703125
28 0.1125 0.39140625 0.05625 0.43671875
1 0.32578125 0.46796875 0.03671875 0.41171875
5 0.8765625 0.634375 0.053125 0.42265625
4 0.7 0.58828125 0.05546875 0.4328125
5 0.45859375 0.50703125 0.04921875 0.4125
1 0.359375 0.4828125 0.03359375 0.4078125
20 0.05703125 0.39296875 0.03984375 0.45078125