12 0.23125 0.4359375 0.0484375 0.525
32 0.06953125 0.38828125 0.0453125 0.53125
8 0.77421875 0.58046875 0.04296875 0.50390625
22 0.5546875 0.51953125 0.0453125 0.5140625
4 0.17578125 0.41015625 0.04453125 0.51953125
10 0.44296875 0.4921875 0.0484375 0.521875
9 0.83046875 0.60703125 0.046875 0.5015625
2 0.28515625 0.45546875 0.0453125 0.525
9 0.1203125 0.403125 0.04453125 0.52421875
9 0.884375 0.62109375 0.04453125 0.52265625
24 0.60703125 0.52890625 0.04609375 0.51953125
11 0.5 0.50234375 0.04453125 0.51484375
1 0.66796875 0.55625 0.02890625 0.5015625
6 0.7203125 0.56953125 0.04375 0.5109375
4 0.94375 0.63359375 0.046875 0.521875
5 0.3375 0.4625 0.04296875 0.528125
1 0.39140625 0.47578125 0.028125 0.52578125