1 0.53046875 0.49609375 0.03515625 0.4390625
2 0.79921875 0.61328125 0.04921875 0.421875
1 0.89453125 0.65390625 0.03359375 0.42890625
1 0.696875 0.56171875 0.03671875 0.43359375
10 0.2328125 0.38828125 0.059375 0.42109375
8 0.95234375 0.67734375 0.05 0.409375
25 0.29375 0.4109375 0.059375 0.409375
4 0.1765625 0.36484375 0.04765625 0.4375
0 0.746875 0.58125 0.04453125 0.4171875
21 0.5921875 0.521875 0.06640625 0.4453125
2 0.4046875 0.45625 0.05390625 0.41796875
5 0.8484375 0.628125 0.04609375 0.4296875
29 0.47265625 0.4734375 0.08046875 0.44921875
25 0.11640625 0.35 0.0578125 0.4234375
18 0.646875 0.55078125 0.04375 0.3796875
20 0.0609375 0.33046875 0.053125 0.4265625
14 0.35078125 0.440625 0.05859375 0.43125