1 0.5296875 0.48984375 0.03359375 0.4171875
2 0.79921875 0.60859375 0.04609375 0.4
10 0.2328125 0.38359375 0.05546875 0.40234375
8 0.95078125 0.671875 0.04453125 0.3875
1 0.69609375 0.559375 0.034375 0.40703125
20 0.06328125 0.33125 0.0515625 0.4296875
2 0.40390625 0.45390625 0.04921875 0.4078125
1 0.89375 0.6484375 0.02890625 0.4078125
21 0.58984375 0.5171875 0.065625 0.42421875
25 0.11796875 0.34921875 0.05546875 0.41484375
4 0.178125 0.359375 0.0484375 0.4171875
5 0.84765625 0.62265625 0.04296875 0.40625
25 0.29375 0.40546875 0.05703125 0.3875
0 0.74765625 0.58125 0.04375 0.396875
29 0.46875 0.478125 0.0828125 0.45
18 0.64765625 0.54375 0.04453125 0.384375
14 0.3484375 0.42890625 0.05234375 0.4078125