32 0.10390625 0.65 0.0484375 0.46953125
9 0.74140625 0.45703125 0.04765625 0.43125
8 0.79296875 0.43203125 0.04609375 0.4375
8 0.8421875 0.428125 0.04609375 0.43359375
5 0.89296875 0.40859375 0.04375 0.4453125
1 0.68671875 0.471875 0.0328125 0.4484375
0 0.31953125 0.58828125 0.04609375 0.4546875
10 0.584375 0.49921875 0.04296875 0.4609375
3 0.48203125 0.5328125 0.04296875 0.4609375
16 0.15859375 0.63203125 0.04921875 0.46328125
3 0.63984375 0.4890625 0.04453125 0.4546875
4 0.37265625 0.57265625 0.0484375 0.45078125
21 0.53203125 0.51953125 0.0515625 0.4625
10 0.4234375 0.54453125 0.05390625 0.478125
30 0.0484375 0.6578125 0.05859375 0.453125
14 0.20703125 0.61328125 0.05859375 0.4640625
15 0.26328125 0.60625 0.059375 0.4640625