8 0.79375 0.434375 0.046875 0.434375
9 0.740625 0.45703125 0.0484375 0.428125
0 0.31875 0.58984375 0.04609375 0.45078125
8 0.84296875 0.43046875 0.04609375 0.428125
5 0.89296875 0.415625 0.05078125 0.4546875
1 0.6859375 0.4703125 0.0328125 0.44296875
32 0.103125 0.65078125 0.04765625 0.465625
16 0.15859375 0.634375 0.04921875 0.4625
3 0.6390625 0.48984375 0.04609375 0.44921875
10 0.584375 0.4984375 0.04140625 0.45625
4 0.37421875 0.5765625 0.0453125 0.440625
21 0.5328125 0.51953125 0.05390625 0.45703125
3 0.4765625 0.54140625 0.0484375 0.43515625
30 0.04765625 0.64921875 0.059375 0.47109375
14 0.2078125 0.61875 0.05859375 0.475
15 0.26171875 0.60078125 0.059375 0.48203125
10 0.42421875 0.5515625 0.05390625 0.45703125