20 0.0546875 0.67421875 0.05546875 0.4203125
2 0.68046875 0.425 0.0578125 0.390625
2 0.3453125 0.56640625 0.05859375 0.38359375
4 0.83828125 0.365625 0.05234375 0.3640625
13 0.6265625 0.4453125 0.05390625 0.3828125
11 0.28515625 0.584375 0.05234375 0.378125
28 0.1078125 0.66015625 0.06328125 0.41875
13 0.2296875 0.5984375 0.059375 0.384375
7 0.95 0.32109375 0.05078125 0.37109375
21 0.56328125 0.47265625 0.07265625 0.38984375
8 0.89140625 0.34296875 0.05078125 0.36484375
1 0.39296875 0.54140625 0.03984375 0.3859375
26 0.16953125 0.62890625 0.0546875 0.41640625
7 0.73515625 0.40234375 0.05390625 0.384375
7 0.49921875 0.49765625 0.0578125 0.3984375
11 0.43984375 0.5171875 0.053125 0.38203125
3 0.7859375 0.38515625 0.04921875 0.38046875