20 0.05546875 0.675 0.05546875 0.428125
4 0.8375 0.36484375 0.0515625 0.3703125
2 0.68125 0.4265625 0.059375 0.39296875
13 0.6265625 0.4453125 0.0546875 0.384375
2 0.3453125 0.56875 0.06015625 0.38515625
11 0.28515625 0.58515625 0.05234375 0.378125
13 0.2296875 0.6 0.06015625 0.3859375
28 0.10703125 0.6609375 0.06328125 0.4265625
7 0.95 0.321875 0.05078125 0.37890625
1 0.39296875 0.54453125 0.040625 0.3890625
8 0.89140625 0.34453125 0.0515625 0.3703125
7 0.5 0.5 0.05859375 0.40234375
26 0.16875 0.6296875 0.0546875 0.41953125
21 0.56328125 0.47109375 0.06953125 0.3921875
7 0.734375 0.40546875 0.05390625 0.3890625
11 0.43984375 0.52109375 0.05390625 0.3828125
3 0.78828125 0.38046875 0.0515625 0.38984375