11 0.46953125 0.5140625 0.04921875 0.4828125
2 0.36796875 0.5390625 0.0625 0.49375
1 0.75703125 0.459375 0.03359375 0.47265625
11 0.30703125 0.5515625 0.05703125 0.5046875
13 0.6546875 0.47421875 0.05234375 0.48203125
4 0.96015625 0.41796875 0.0515625 0.465625
28 0.11953125 0.58515625 0.0671875 0.53671875
13 0.24375 0.55546875 0.059375 0.50625
2 0.709375 0.47109375 0.053125 0.48203125
21 0.5921875 0.4875 0.0671875 0.48203125
1 0.42109375 0.52421875 0.034375 0.49375
20 0.0609375 0.59140625 0.05859375 0.5265625
5 0.803125 0.44765625 0.046875 0.48203125
0 0.90703125 0.42578125 0.04921875 0.46640625
26 0.1859375 0.56328125 0.05390625 0.53203125
6 0.52421875 0.50703125 0.05234375 0.478125
4 0.85234375 0.4375 0.05390625 0.46875