29 0.13515625 0.56953125 0.071875 0.44609375
8 0.20625 0.5578125 0.040625 0.4421875
4 0.7921875 0.4046875 0.04296875 0.4234375
1 0.74140625 0.41953125 0.028125 0.43046875
32 0.2609375 0.534375 0.0421875 0.4609375
32 0.528125 0.46484375 0.04609375 0.46328125
30 0.0671875 0.58828125 0.0484375 0.43125
7 0.89140625 0.378125 0.0375 0.434375
32 0.315625 0.52265625 0.04609375 0.45234375
0 0.69140625 0.43046875 0.04453125 0.43046875
12 0.4234375 0.49765625 0.0484375 0.44765625
32 0.36640625 0.5078125 0.04609375 0.453125
22 0.58359375 0.44921875 0.05078125 0.45625
16 0.63828125 0.44375 0.05390625 0.46953125
19 0.47890625 0.490625 0.0453125 0.46953125
9 0.83984375 0.39921875 0.04296875 0.45390625
6 0.93359375 0.37265625 0.0453125 0.45390625