9 0.84375 0.5140625 0.05 0.58828125
2 0.48515625 0.51328125 0.05234375 0.59375
0 0.33046875 0.5125 0.053125 0.596875
21 0.5375 0.5125 0.05390625 0.6
3 0.7390625 0.51171875 0.04453125 0.59453125
6 0.6390625 0.5109375 0.05 0.59453125
1 0.6890625 0.5125 0.0375 0.590625
6 0.8984375 0.51953125 0.0484375 0.59375
16 0.178125 0.51875 0.0546875 0.603125
6 0.38046875 0.51484375 0.04921875 0.5953125
32 0.12265625 0.51640625 0.05 0.6140625
1 0.79375 0.51875 0.0328125 0.6015625
10 0.58515625 0.51015625 0.04609375 0.6015625
15 0.27890625 0.5109375 0.04765625 0.6109375
15 0.22890625 0.5125 0.04765625 0.61328125
30 0.0703125 0.51640625 0.046875 0.61953125
10 0.4328125 0.5171875 0.05546875 0.60859375