5 0.94453125 0.76015625 0.0484375 0.3125
29 0.1125 0.28203125 0.0703125 0.31484375
0 0.65703125 0.60546875 0.05 0.30078125
32 0.22578125 0.35625 0.04453125 0.290625
32 0.32734375 0.41328125 0.04765625 0.29921875
0 0.7109375 0.6328125 0.04453125 0.30234375
12 0.378125 0.44921875 0.046875 0.28671875
32 0.27265625 0.384375 0.046875 0.28984375
16 0.60703125 0.56953125 0.0546875 0.30546875
30 0.05234375 0.25859375 0.046875 0.31328125
9 0.8265625 0.7 0.0484375 0.30546875
8 0.17578125 0.33203125 0.04375 0.27109375
9 0.884375 0.73515625 0.0484375 0.30078125
22 0.54140625 0.53671875 0.06171875 0.30546875
32 0.4859375 0.5046875 0.0484375 0.30703125
19 0.43125 0.48203125 0.0453125 0.3
7 0.76875 0.66796875 0.04765625 0.29140625