8 0.3265625 0.52578125 0.046875 0.53125
24 0.59296875 0.49140625 0.05 0.55078125
9 0.93203125 0.44609375 0.046875 0.56640625
11 0.48359375 0.50234375 0.04765625 0.55
2 0.7 0.47890625 0.04765625 0.565625
23 0.22109375 0.53515625 0.04453125 0.5390625
2 0.75703125 0.4703125 0.05 0.5703125
4 0.17109375 0.5515625 0.04375 0.53046875
9 0.11953125 0.553125 0.04140625 0.53515625
32 0.06796875 0.56015625 0.0453125 0.55390625
22 0.5375 0.49921875 0.05078125 0.5484375
1 0.37734375 0.52109375 0.03203125 0.540625
0 0.646875 0.48046875 0.05 0.5578125
7 0.81796875 0.4578125 0.04921875 0.584375
6 0.87421875 0.44921875 0.0515625 0.57109375
15 0.26953125 0.5296875 0.04375 0.54453125
5 0.42734375 0.50703125 0.046875 0.5484375