3 0.8796875 0.63515625 0.04453125 0.50625
32 0.06328125 0.36796875 0.05 0.4921875
21 0.53671875 0.515625 0.053125 0.4828125
3 0.6515625 0.553125 0.04765625 0.4890625
8 0.3390625 0.45234375 0.0453125 0.47734375
2 0.2828125 0.434375 0.04765625 0.4828125
4 0.17109375 0.39609375 0.05 0.478125
9 0.1171875 0.38203125 0.0453125 0.48046875
11 0.4796875 0.4984375 0.0484375 0.48828125
1 0.38203125 0.4640625 0.02265625 0.47109375
24 0.59609375 0.5296875 0.05078125 0.484375
5 0.94375 0.65 0.04921875 0.5203125
6 0.7625 0.5953125 0.04375 0.5
5 0.8234375 0.61640625 0.046875 0.51796875
4 0.70625 0.56484375 0.0453125 0.4890625
3 0.4234375 0.48671875 0.04453125 0.47109375
16 0.2265625 0.428125 0.053125 0.49453125