32 0.0625 0.36875 0.05078125 0.478125
3 0.6515625 0.5546875 0.0453125 0.47890625
4 0.17265625 0.39765625 0.0484375 0.47265625
3 0.8796875 0.6328125 0.04375 0.50703125
8 0.33984375 0.4484375 0.04375 0.47578125
5 0.94296875 0.6484375 0.046875 0.51875
21 0.5359375 0.5171875 0.04921875 0.47890625
11 0.478125 0.49765625 0.04765625 0.478125
9 0.11796875 0.38359375 0.04375 0.4765625
6 0.7625 0.59296875 0.04453125 0.5015625
2 0.2828125 0.4328125 0.04765625 0.475
5 0.82421875 0.61484375 0.0453125 0.51953125
1 0.38515625 0.47109375 0.02421875 0.4703125
4 0.7046875 0.5703125 0.04921875 0.4921875
3 0.4265625 0.47578125 0.0390625 0.47421875
24 0.59609375 0.5484375 0.0578125 0.5015625
16 0.2265625 0.41875 0.05546875 0.48046875