4 0.87890625 0.3765625 0.04296875 0.3890625
5 0.7703125 0.41796875 0.0359375 0.4078125
9 0.71953125 0.4390625 0.0390625 0.3890625
8 0.9328125 0.34921875 0.0421875 0.39453125
29 0.3984375 0.5609375 0.0578125 0.4171875
14 0.34609375 0.58203125 0.03828125 0.41875
0 0.66796875 0.46015625 0.0375 0.4
4 0.61484375 0.47421875 0.0390625 0.39453125
0 0.56171875 0.5078125 0.04140625 0.38359375
21 0.1765625 0.64765625 0.0578125 0.38359375
14 0.29921875 0.60234375 0.04296875 0.41328125
24 0.06328125 0.68359375 0.0421875 0.39609375
10 0.509375 0.5265625 0.0421875 0.3890625
27 0.1171875 0.67109375 0.04609375 0.403125
7 0.4625 0.5390625 0.04140625 0.4140625
19 0.240625 0.6359375 0.0546875 0.4140625
7 0.8203125 0.40234375 0.04375 0.4046875