5 0.76875 0.415625 0.0390625 0.40546875
4 0.878125 0.37734375 0.04375 0.38125
8 0.93203125 0.353125 0.040625 0.390625
0 0.665625 0.4640625 0.040625 0.38828125
29 0.3984375 0.55859375 0.0578125 0.415625
4 0.6140625 0.478125 0.04375 0.39296875
14 0.34609375 0.58125 0.03984375 0.41953125
24 0.0625 0.68203125 0.0453125 0.39296875
14 0.29765625 0.59921875 0.03828125 0.41328125
9 0.71875 0.4328125 0.040625 0.3875
0 0.5609375 0.50234375 0.04140625 0.39296875
10 0.509375 0.51875 0.040625 0.3984375
7 0.825 0.40703125 0.04765625 0.42421875
7 0.45625 0.54375 0.05 0.38515625
19 0.24140625 0.6265625 0.0484375 0.4046875
21 0.17890625 0.653125 0.05625 0.409375
27 0.1171875 0.66015625 0.0453125 0.39453125