4 0.878125 0.37578125 0.04375 0.3890625
8 0.9328125 0.34921875 0.0421875 0.39609375
5 0.7703125 0.4171875 0.03671875 0.4109375
9 0.71953125 0.4390625 0.0390625 0.38984375
29 0.3984375 0.559375 0.0578125 0.41796875
14 0.34609375 0.58203125 0.0390625 0.4171875
0 0.66796875 0.46015625 0.0375 0.40078125
4 0.615625 0.475 0.03828125 0.39375
14 0.29921875 0.60234375 0.04296875 0.4140625
0 0.56171875 0.50859375 0.04140625 0.384375
24 0.06328125 0.68359375 0.0421875 0.39765625
10 0.509375 0.52578125 0.0421875 0.390625
7 0.4625 0.5390625 0.04140625 0.41328125
7 0.828125 0.4140625 0.04296875 0.43828125
19 0.2390625 0.6234375 0.05546875 0.41875
27 0.11796875 0.65546875 0.05625 0.44375
21 0.178125 0.65546875 0.06015625 0.44375