11 0.51015625 0.53046875 0.05234375 0.5875
4 0.18984375 0.4984375 0.0484375 0.596875
24 0.62578125 0.54453125 0.05234375 0.5953125
9 0.13515625 0.4875 0.04765625 0.596875
9 0.8828125 0.57421875 0.0484375 0.58203125
8 0.3625 0.51328125 0.053125 0.578125
23 0.2484375 0.50234375 0.05078125 0.59453125
4 0.45703125 0.521875 0.04765625 0.59453125
1 0.41171875 0.51953125 0.02890625 0.58515625
8 0.82578125 0.56484375 0.04921875 0.58203125
32 0.08203125 0.4875 0.05078125 0.61171875
0 0.68125 0.55078125 0.05078125 0.59296875
4 0.9390625 0.58515625 0.05390625 0.58515625
22 0.56953125 0.53359375 0.05078125 0.5921875
1 0.7265625 0.54921875 0.02890625 0.58671875
10 0.30703125 0.50390625 0.05234375 0.58984375
6 0.76796875 0.5546875 0.046875 0.5828125