8 0.36171875 0.5296875 0.05390625 0.6359375
2 0.8046875 0.54453125 0.05078125 0.66484375
11 0.51015625 0.534375 0.0546875 0.65078125
24 0.63046875 0.534375 0.0546875 0.6640625
2 0.74296875 0.54140625 0.05 0.66484375
9 0.8625 0.54140625 0.04765625 0.6640625
0 0.68828125 0.53828125 0.05234375 0.6625
1 0.4125 0.5328125 0.0328125 0.63828125
1 0.97265625 0.54375 0.03359375 0.66484375
7 0.9171875 0.5375 0.05078125 0.6703125
4 0.190625 0.52578125 0.05859375 0.6390625
32 0.07265625 0.52109375 0.04375 0.67734375
22 0.571875 0.53203125 0.05859375 0.65546875
5 0.4546875 0.5328125 0.0453125 0.64375
9 0.1328125 0.5203125 0.04921875 0.6203125
23 0.24609375 0.5203125 0.05234375 0.62734375
15 0.30390625 0.515625 0.04921875 0.62421875