8 0.36015625 0.5328125 0.0546875 0.64609375
2 0.80390625 0.54453125 0.05 0.67109375
2 0.74140625 0.53984375 0.053125 0.66484375
11 0.51015625 0.53671875 0.05625 0.6546875
0 0.6859375 0.53671875 0.053125 0.6609375
24 0.62890625 0.534375 0.05625 0.665625
1 0.97109375 0.54609375 0.03359375 0.67109375
1 0.4125 0.53515625 0.03515625 0.65078125
9 0.8625 0.54296875 0.04921875 0.67265625
4 0.18984375 0.5234375 0.0609375 0.6375
22 0.56875 0.5328125 0.0515625 0.65234375
7 0.9171875 0.540625 0.05 0.6765625
5 0.45546875 0.53046875 0.04609375 0.65390625
15 0.3015625 0.51875 0.04921875 0.63046875
23 0.246875 0.52578125 0.0453125 0.63046875
9 0.13203125 0.5140625 0.0421875 0.63359375
32 0.0734375 0.52578125 0.05390625 0.62421875