30 0.1171875 0.21865889218749998 0.15625 0.11516035 0.1044921875 0.072886296875 0.0673828125 0.17346938750000002 0.1171875 0.21865889218749998
29 0.193359375 0.2871720109375 0.236328125 0.186588921875 0.1591796875 0.119533528125 0.1201171875 0.215743440625 0.193359375 0.2871720109375
8 0.2451171875 0.3279883375 0.27734375 0.22740524843749998 0.236328125 0.1851311953125 0.2001953125 0.2900874640625 0.2451171875 0.3279883375
8 0.943359375 0.8148688046875 0.9072265625 0.9154518953125 0.9580078125 0.9489795921875 0.986328125 0.8571428578125 0.943359375 0.8148688046875
32 0.2958984375 0.37463556875 0.33203125 0.2813411078125 0.28125 0.2303207 0.2451171875 0.3265306125 0.2958984375 0.37463556875
32 0.3427734375 0.409620990625 0.3828125 0.322157434375 0.3349609375 0.27842565625 0.296875 0.3731778421875 0.3427734375 0.409620990625
32 0.3935546875 0.45335277031250004 0.4296875 0.361516034375 0.3857421875 0.3192419828125 0.34765625 0.41399416875000006 0.3935546875 0.45335277031250004
32 0.5517578125 0.5962099125 0.5869140625 0.504373178125 0.5400390625 0.46209912500000005 0.501953125 0.5466472296875 0.5517578125 0.5962099125
12 0.44921875 0.49708454843750005 0.484375 0.41399416875000006 0.4384765625 0.36734693906250004 0.3974609375 0.45043731718749996 0.44921875 0.49708454843750005
19 0.498046875 0.5451895046875 0.5322265625 0.45481049531249995 0.48828125 0.4154518953125 0.4560546875 0.5072886296875 0.498046875 0.5451895046875
22 0.60546875 0.6428571421875 0.638671875 0.5495626828125 0.58984375 0.50874635625 0.5576171875 0.5889212828125 0.60546875 0.6428571421875
16 0.658203125 0.68367346875 0.69140625 0.5976676390625 0.6474609375 0.5583090375 0.6162109375 0.64431486875 0.658203125 0.68367346875
0 0.7080078125 0.7303206999999999 0.740234375 0.6341107874999999 0.701171875 0.602040815625 0.666015625 0.686588921875 0.7080078125 0.7303206999999999
1 0.75 0.7653061218749999 0.7841796875 0.6763848390625 0.75 0.6516034984375 0.7197265625 0.7346938781250001 0.75 0.7653061218749999
1 0.90625 0.7755102046875 0.869140625 0.8629737609375001 0.900390625 0.8965014578125 0.9345703125 0.8061224484375 0.90625 0.7755102046875
3 0.802734375 0.8090379015625 0.83984375 0.7274052484375 0.7978515625 0.688046646875 0.765625 0.774052478125 0.802734375 0.8090379015625
3 0.89453125 0.7725947515625 0.85546875 0.7361516031249999 0.8154296875 0.81632653125 0.8583984375 0.8542274046875 0.89453125 0.7725947515625