5 0.78671875 0.5390625 0.046875 0.5734375
20 0.059375 0.4140625 0.053125 0.57421875
12 0.61796875 0.5078125 0.05390625 0.55546875
3 0.3390625 0.45546875 0.04375 0.55234375
9 0.446875 0.4890625 0.0484375 0.5546875
0 0.72734375 0.5296875 0.04921875 0.56484375
32 0.1734375 0.43515625 0.046875 0.5640625
29 0.1140625 0.42421875 0.05234375 0.56953125
5 0.28359375 0.4453125 0.04453125 0.56328125
1 0.671875 0.5140625 0.0328125 0.575
7 0.9546875 0.584375 0.05078125 0.59453125
1 0.89140625 0.56875 0.03984375 0.60078125
1 0.83515625 0.55859375 0.04609375 0.54375
1 0.50390625 0.48359375 0.04296875 0.59765625
23 0.390625 0.471875 0.05 0.59765625
10 0.22578125 0.4421875 0.06171875 0.56171875
21 0.55625 0.49609375 0.059375 0.54921875