5 0.9390625 0.47578125 0.046875 0.57734375
3 0.83359375 0.48984375 0.04140625 0.5609375
6 0.8828125 0.4796875 0.04140625 0.57421875
2 0.39140625 0.5109375 0.04453125 0.56953125
3 0.68125 0.49609375 0.04375 0.55703125
2 0.50390625 0.5078125 0.046875 0.56015625
4 0.1359375 0.521875 0.04453125 0.53828125
7 0.29453125 0.50859375 0.03984375 0.575
6 0.3421875 0.5109375 0.04375 0.5734375
8 0.246875 0.5140625 0.04375 0.57109375
11 0.63046875 0.4953125 0.0484375 0.56015625
19 0.1921875 0.5109375 0.0546875 0.57421875
0 0.734375 0.4953125 0.04140625 0.553125
13 0.4484375 0.5109375 0.0546875 0.5703125
21 0.56328125 0.49921875 0.05859375 0.55546875
31 0.078125 0.49296875 0.05546875 0.56796875
8 0.77890625 0.49921875 0.05 0.55546875