5 0.7765625 0.49921875 0.04140625 0.4890625
9 0.72109375 0.50859375 0.04453125 0.48515625
5 0.32890625 0.5140625 0.0421875 0.51171875
5 0.83046875 0.4984375 0.04375 0.49609375
0 0.66640625 0.51015625 0.0453125 0.4859375
0 0.5546875 0.51484375 0.04375 0.4828125
24 0.03984375 0.5125 0.04765625 0.49921875
29 0.3859375 0.51484375 0.0578125 0.50859375
0 0.94765625 0.4953125 0.0453125 0.478125
4 0.6109375 0.5078125 0.04375 0.490625
21 0.159375 0.51328125 0.05859375 0.49609375
7 0.89140625 0.49609375 0.03984375 0.4984375
10 0.4984375 0.5046875 0.04296875 0.4953125
27 0.09375 0.5015625 0.05078125 0.48984375
19 0.21796875 0.51015625 0.05390625 0.484375
14 0.2765625 0.51015625 0.04609375 0.51875
7 0.446875 0.51875 0.04765625 0.5015625