21 0.55703125 0.49140625 0.071875 0.5984375
7 0.8953125 0.4671875 0.05234375 0.5796875
11 0.28125 0.5203125 0.05546875 0.61171875
0 0.73203125 0.48046875 0.0546875 0.58671875
2 0.67734375 0.48671875 0.05859375 0.58515625
1 0.38828125 0.50390625 0.03828125 0.61484375
2 0.34140625 0.51640625 0.06328125 0.6046875
13 0.2203125 0.52265625 0.06328125 0.61171875
13 0.62421875 0.49375 0.05625 0.58515625
20 0.04765625 0.534375 0.0546875 0.6109375
28 0.1109375 0.53046875 0.08046875 0.6109375
7 0.953125 0.465625 0.053125 0.58203125
11 0.43515625 0.503125 0.06015625 0.6015625
7 0.49375 0.49765625 0.05625 0.60234375
4 0.78828125 0.4890625 0.05859375 0.5796875
3 0.84140625 0.49140625 0.05625 0.63125
26 0.16328125 0.5203125 0.053125 0.603125