21 0.55703125 0.4921875 0.07109375 0.603125
2 0.34140625 0.515625 0.06328125 0.60859375
7 0.8953125 0.46796875 0.05234375 0.58203125
0 0.7375 0.4796875 0.05390625 0.6
11 0.28125 0.5203125 0.05546875 0.61484375
13 0.2203125 0.52265625 0.06328125 0.615625
1 0.3875 0.50390625 0.0375 0.61875
2 0.678125 0.4859375 0.05859375 0.590625
13 0.625 0.49375 0.05625 0.59140625
28 0.1109375 0.53125 0.08046875 0.61640625
20 0.04765625 0.534375 0.0546875 0.615625
11 0.434375 0.50390625 0.059375 0.60390625
7 0.95390625 0.46484375 0.05078125 0.57734375
26 0.16484375 0.52578125 0.0484375 0.61796875
7 0.49375 0.49765625 0.05625 0.60625
4 0.78828125 0.4796875 0.05234375 0.56953125
3 0.83828125 0.4796875 0.05234375 0.5984375