2 0.9620949078125 0.9585121593749999 0.9859664359375 0.7868383390625 0.9331597234375 0.7566364640625001 0.9136284734375 0.8996979828124999 0.9620949078125 0.9585121593749999
30 0.0542824078125 0.247973296875 0.0796006953125 0.10014305937500001 0.0296875 0.0572246046875 0.005815971875 0.197106978125 0.0542824078125 0.247973296875
29 0.1367476859375 0.30360833125000003 0.16495949062499998 0.14624066093750002 0.0861111109375 0.1017326359375 0.06513310156249999 0.2527420125 0.1367476859375 0.30360833125000003
8 0.1866608796875 0.3497059265625 0.20980902812500002 0.189159115625 0.16640625 0.1637259578125 0.14542824062499998 0.306787471875 0.1866608796875 0.3497059265625
32 0.2438078703125 0.4021618203125 0.2669560171875 0.24479415000000002 0.2141493046875 0.19869655 0.1946180546875 0.34811635625 0.2438078703125 0.4021618203125
32 0.296614584375 0.43236369531249996 0.321209490625 0.2829438890625 0.26550925937500003 0.24320457968750003 0.24814814843750002 0.39103481093750003 0.296614584375 0.43236369531249996
32 0.349421296875 0.4689238578125 0.3711226859375 0.3210936265625 0.3197627328125 0.28135431718750004 0.301678240625 0.426005403125 0.349421296875 0.4689238578125
32 0.516521990625 0.604037515625 0.5367766203125 0.44825941562500005 0.486140046875 0.40852010781250003 0.46805555468750004 0.55476076875 0.516521990625 0.604037515625
12 0.4065682875 0.521379746875 0.43478009218749997 0.3687807984375 0.3819733796875 0.33222063125 0.3609953703125 0.4816404375 0.4065682875 0.521379746875
19 0.46082175937500003 0.561119059375 0.48396990781250004 0.40852010781250003 0.4340567125 0.3687807984375 0.41018518593750003 0.515021459375 0.46082175937500003 0.561119059375
21 0.5903067125 0.6660308374999999 0.6120081015625 0.505484025 0.5403935171875001 0.45143856250000003 0.519415509375 0.60085836875 0.5903067125 0.6660308374999999
16 0.647453703125 0.7073597203124999 0.666984953125 0.5436337640625 0.6149016203125 0.5102527421875 0.5939236109375 0.664441265625 0.647453703125 0.7073597203124999
0 0.695196759375 0.753457321875 0.7197916656250001 0.5897313609375 0.666984953125 0.54681290625 0.6467303234374999 0.7025910046875 0.695196759375 0.753457321875
4 0.7530671296875 0.783659196875 0.7747685171875001 0.6358289609375001 0.7277488421875 0.5960896531250001 0.706770834375 0.7391511671875 0.7530671296875 0.783659196875
9 0.803703703125 0.8249880765625001 0.8261284734375 0.670799553125 0.7769386578125 0.640597678125 0.7581307875000001 0.7947862015625 0.803703703125 0.8249880765625001
6 0.857233796875 0.8663169609375 0.8782118046875 0.704180575 0.8254050921875 0.6739786999999999 0.8087673609375001 0.8281672234374999 0.857233796875 0.8663169609375
5 0.910040509375 0.909235415625 0.9360821765624999 0.745509459375 0.8883391203125001 0.7105388671874999 0.8630208343750001 0.8790335406249999 0.910040509375 0.909235415625