30 0.0347222234375 0.0460976015625 0.0057870375 0.203465265625 0.051359953125 0.2495628671875 0.0788483796875 0.08424733906250001 0.0347222234375 0.0460976015625
29 0.084635415625 0.0826577640625 0.060040509374999995 0.2273088546875 0.137442128125 0.306787471875 0.1671006953125 0.15100937812499998 0.084635415625 0.0826577640625
8 0.1656539359375 0.15577809375 0.14322916562500002 0.31155619375 0.18880208437499998 0.3449372109375 0.21701388906250002 0.19869655 0.1656539359375 0.15577809375
32 0.221354165625 0.19869655 0.196035878125 0.3512955015625 0.24233217499999998 0.389445240625 0.2683738421875 0.23843586249999998 0.221354165625 0.19869655
32 0.26909722343750003 0.2400254328125 0.247395834375 0.389445240625 0.2987557875 0.42918455 0.3182870375 0.27976474218749997 0.26909722343750003 0.2400254328125
32 0.32769097343750003 0.27976474218749997 0.300925925 0.42441583281249995 0.3508391203125 0.4705134328125 0.377604165625 0.316324909375 0.32769097343750003 0.27976474218749997
32 0.4933449078125 0.40534096093749994 0.4651331015625 0.56270863125 0.5230034734375 0.60721665625 0.5432581015625 0.4371324125 0.4933449078125 0.40534096093749994
12 0.3848379625 0.3210936265625 0.359519675 0.4641551421875 0.40292245312499997 0.5166110296875 0.431134259375 0.3592433640625 0.3848379625 0.3210936265625
19 0.44053819531249994 0.36560165312500004 0.4144965265625 0.5118423140624999 0.46006944531249994 0.561119059375 0.48104745312499997 0.39580352812499997 0.44053819531249994 0.36560165312500004
21 0.5447048609375 0.45302813750000004 0.5215567125 0.5976792234375 0.5823206015625 0.658082975 0.6105324078125001 0.499125734375 0.5447048609375 0.45302813750000004
16 0.6141493046875001 0.505484025 0.5953414359375 0.65967255 0.6401909734375 0.7073597203124999 0.665509259375 0.5452233343749999 0.6141493046875001 0.505484025
0 0.671296296875 0.538865046875 0.651041665625 0.7073597203124999 0.6973379625 0.7470990296875 0.7204861109375 0.57701478125 0.671296296875 0.538865046875
4 0.7277199078125001 0.6024479406250001 0.7067418984375 0.7423303140625 0.749421296875 0.783659196875 0.768952546875 0.6278810984375001 0.7277199078125001 0.6024479406250001
9 0.7761863421874999 0.6294706734375 0.7523148140625 0.78524876875 0.799334490625 0.83134636875 0.8239293984374999 0.6660308374999999 0.7761863421874999 0.6294706734375
6 0.8311631953124999 0.6755682703125 0.813078703125 0.83770465625 0.857928240625 0.8774439656249999 0.8767361109375 0.7057701453125 0.8311631953124999 0.6755682703125
5 0.8832465265625 0.715307584375 0.865885415625 0.8631378156249999 0.9078414359375 0.907645840625 0.9273726859375 0.7423303140625 0.8832465265625 0.715307584375
2 0.9382233796874999 0.7629947546875 0.9201388890625 0.915593703125 0.955584490625 0.9410268625 0.975115740625 0.7916070562499999 0.9382233796874999 0.7629947546875