28 0.10703125 0.46328125 0.0578125 0.53828125
21 0.5515625 0.5546875 0.0640625 0.509375
2 0.7921875 0.6046875 0.05546875 0.49375
13 0.23125 0.4859375 0.05546875 0.51875
20 0.05625 0.44921875 0.05 0.540625
2 0.675 0.584375 0.05390625 0.4984375
13 0.6171875 0.57734375 0.05078125 0.4953125
8 0.94140625 0.628125 0.05078125 0.48828125
1 0.340625 0.51328125 0.03515625 0.50859375
1 0.38203125 0.52265625 0.03125 0.4984375
28 0.17109375 0.47265625 0.05625 0.5296875
11 0.428125 0.525 0.0484375 0.4984375
11 0.2890625 0.5 0.04765625 0.51484375
9 0.48671875 0.54609375 0.05078125 0.49453125
1 0.88984375 0.615625 0.03359375 0.49609375
0 0.73203125 0.6015625 0.05078125 0.4890625
5 0.84296875 0.6046875 0.04765625 0.49765625