28 0.10703125 0.465625 0.05625 0.525
21 0.55078125 0.55390625 0.06328125 0.5046875
20 0.05625 0.45078125 0.04921875 0.5328125
13 0.23125 0.4859375 0.05546875 0.51015625
2 0.675 0.590625 0.05 0.490625
1 0.340625 0.5140625 0.034375 0.503125
2 0.79140625 0.6046875 0.0546875 0.48671875
8 0.940625 0.62890625 0.04765625 0.4828125
13 0.61875 0.56640625 0.0515625 0.50234375
9 0.48671875 0.54375 0.04921875 0.4890625
28 0.171875 0.47421875 0.05546875 0.51953125
1 0.38203125 0.521875 0.0296875 0.49609375
11 0.428125 0.52421875 0.0484375 0.49453125
0 0.7328125 0.596875 0.05 0.484375
11 0.2890625 0.50078125 0.04765625 0.50625
1 0.88828125 0.62109375 0.03203125 0.48828125
5 0.8421875 0.60546875 0.0453125 0.490625