2 0.26015625 0.5515625 0.05078125 0.615625
4 0.15859375 0.5609375 0.04609375 0.6109375
0 0.95234375 0.4671875 0.059375 0.69375
32 0.05546875 0.5671875 0.0484375 0.61171875
2 0.6453125 0.50390625 0.0546875 0.66640625
8 0.884375 0.46875 0.05234375 0.67734375
24 0.5875 0.509375 0.0515625 0.66484375
0 0.76171875 0.48515625 0.053125 0.6671875
3 0.82578125 0.48125 0.04765625 0.67109375
1 0.3671875 0.53984375 0.03671875 0.61015625
4 0.31796875 0.546875 0.04609375 0.62421875
9 0.10625 0.56796875 0.046875 0.61484375
10 0.48046875 0.52109375 0.05 0.6359375
21 0.53203125 0.5109375 0.05625 0.64375
7 0.70390625 0.48515625 0.05390625 0.6453125
12 0.42109375 0.5140625 0.05859375 0.6203125
19 0.20859375 0.5390625 0.05234375 0.6203125