2 0.2609375 0.55 0.05 0.61875
4 0.159375 0.55859375 0.046875 0.61484375
0 0.95234375 0.4671875 0.05859375 0.68828125
8 0.88515625 0.46875 0.053125 0.66953125
32 0.0546875 0.5671875 0.05 0.62109375
0 0.76171875 0.484375 0.053125 0.66484375
1 0.3671875 0.5375 0.0375 0.61484375
2 0.64453125 0.5046875 0.05546875 0.66328125
3 0.82578125 0.48125 0.04765625 0.6671875
9 0.10625 0.5671875 0.046875 0.615625
24 0.58828125 0.5078125 0.0515625 0.66640625
4 0.31796875 0.54375 0.046875 0.62734375
10 0.48046875 0.5203125 0.0515625 0.63671875
21 0.53359375 0.51015625 0.05546875 0.64375
7 0.70234375 0.496875 0.046875 0.67109375
12 0.4203125 0.51015625 0.05234375 0.63671875
19 0.20859375 0.5390625 0.0453125 0.5953125