2 0.271875 0.4109375 0.04296875 0.42109375
6 0.70859375 0.5734375 0.0453125 0.4140625
8 0.7671875 0.59296875 0.04453125 0.4296875
22 0.5390625 0.515625 0.04921875 0.4234375
9 0.8859375 0.63515625 0.04609375 0.42578125
4 0.1625 0.371875 0.0453125 0.4203125
24 0.59609375 0.5296875 0.04765625 0.4265625
32 0.0578125 0.32265625 0.0484375 0.4265625
9 0.10859375 0.3484375 0.0421875 0.4171875
5 0.32265625 0.428125 0.0421875 0.41796875
1 0.3796875 0.453125 0.025 0.40703125
11 0.484375 0.49453125 0.046875 0.421875
9 0.8234375 0.621875 0.04453125 0.42578125
1 0.653125 0.5609375 0.0296875 0.41796875
6 0.94609375 0.65234375 0.04765625 0.4296875
12 0.21796875 0.39296875 0.0453125 0.42734375
10 0.4265625 0.50234375 0.0515625 0.4296875