1 0.9328125 0.6125 0.03828125 0.43515625
0 0.73203125 0.57421875 0.05 0.41015625
0 0.68359375 0.5671875 0.04765625 0.415625
11 0.51171875 0.53359375 0.0546875 0.4125
14 0.21171875 0.4578125 0.053125 0.42578125
30 0.0828125 0.4375 0.059375 0.43671875
4 0.83125 0.59140625 0.0546875 0.4203125
4 0.45625 0.5234375 0.05 0.415625
5 0.8859375 0.59765625 0.05078125 0.42421875
4 0.77890625 0.58046875 0.04921875 0.42109375
4 0.36640625 0.5078125 0.046875 0.40234375
3 0.32421875 0.49375 0.046875 0.409375
29 0.1484375 0.44609375 0.08203125 0.434375
16 0.2671875 0.46875 0.06171875 0.41640625
21 0.57421875 0.5453125 0.07109375 0.428125
1 0.41171875 0.51640625 0.03203125 0.40859375
0 0.6375 0.5546875 0.04609375 0.41640625