1 0.93359375 0.61015625 0.0390625 0.4515625
0 0.68203125 0.5640625 0.05 0.425
30 0.08046875 0.43671875 0.06171875 0.446875
0 0.73203125 0.57109375 0.0515625 0.43203125
14 0.21171875 0.4546875 0.05390625 0.440625
11 0.5125 0.5265625 0.05625 0.43828125
4 0.83046875 0.58828125 0.05625 0.43984375
4 0.4578125 0.51875 0.05078125 0.4390625
5 0.8859375 0.59765625 0.05234375 0.44609375
4 0.365625 0.50625 0.04921875 0.4203125
29 0.14765625 0.44453125 0.08671875 0.44453125
16 0.26796875 0.46640625 0.06484375 0.43515625
4 0.778125 0.578125 0.0515625 0.440625
1 0.4125 0.5125 0.0359375 0.4296875
21 0.57421875 0.53984375 0.0703125 0.44609375
0 0.63671875 0.5484375 0.04921875 0.4328125
3 0.325 0.4953125 0.05078125 0.42265625