30 0.0671875 0.3828125 0.04609375 0.415625
1 0.67109375 0.54921875 0.03046875 0.4109375
2 0.875 0.61796875 0.04296875 0.3984375
10 0.2546875 0.446875 0.04765625 0.390625
8 0.82421875 0.60703125 0.03828125 0.39921875
2 0.36015625 0.478125 0.040625 0.4
8 0.2015625 0.42734375 0.04140625 0.3890625
29 0.13359375 0.396875 0.0734375 0.40390625
1 0.77421875 0.5890625 0.02734375 0.4015625
22 0.56796875 0.5171875 0.046875 0.4296875
1 0.7234375 0.57734375 0.02890625 0.409375
17 0.4671875 0.496875 0.04140625 0.41484375
2 0.92421875 0.62734375 0.04375 0.4171875
22 0.41015625 0.48984375 0.04765625 0.41484375
19 0.62265625 0.534375 0.04453125 0.4265625
0 0.51484375 0.51171875 0.03828125 0.403125
16 0.31015625 0.45625 0.05234375 0.41171875