30 0.0671875 0.38125 0.04609375 0.41796875
10 0.2546875 0.44453125 0.0484375 0.39453125
8 0.82421875 0.60859375 0.0390625 0.39609375
1 0.67109375 0.55234375 0.02890625 0.396875
2 0.87578125 0.62109375 0.0421875 0.39453125
8 0.20234375 0.42578125 0.04140625 0.39140625
2 0.36015625 0.475 0.040625 0.40859375
29 0.134375 0.3953125 0.0734375 0.4046875
1 0.7234375 0.57890625 0.028125 0.39921875
1 0.77421875 0.59140625 0.02734375 0.39140625
22 0.41015625 0.4859375 0.04921875 0.42421875
22 0.56796875 0.51953125 0.04609375 0.4171875
2 0.9234375 0.6296875 0.04296875 0.40859375
17 0.4671875 0.4953125 0.040625 0.415625
19 0.61796875 0.57421875 0.04375 0.43515625
0 0.51640625 0.54375 0.04140625 0.39375
16 0.3109375 0.46328125 0.0484375 0.43515625