0 0.79375 0.50390625 0.04140625 0.45390625
11 0.5421875 0.52109375 0.0546875 0.47421875
29 0.153125 0.54296875 0.0828125 0.47890625
0 0.7453125 0.503125 0.04140625 0.45390625
4 0.3796875 0.53359375 0.04921875 0.47265625
2 0.9390625 0.49140625 0.04765625 0.4625
30 0.08515625 0.5453125 0.0578125 0.46875
14 0.22265625 0.534375 0.0546875 0.478125
7 0.8890625 0.49453125 0.04140625 0.46328125
0 0.70078125 0.50703125 0.04375 0.45859375
12 0.48125 0.52421875 0.059375 0.47578125
8 0.84140625 0.5015625 0.0453125 0.45625
1 0.4265625 0.52734375 0.0375 0.47265625
12 0.65078125 0.515625 0.0546875 0.4609375
20 0.5953125 0.51875 0.04765625 0.4671875
11 0.32578125 0.51015625 0.0609375 0.4703125
15 0.2703125 0.5203125 0.04609375 0.4703125