2 0.7671875 0.4796875 0.04921875 0.58046875
24 0.596875 0.5046875 0.05078125 0.55234375
9 0.13125 0.58515625 0.04296875 0.5265625
2 0.70703125 0.49453125 0.0484375 0.5703125
4 0.3296875 0.55234375 0.046875 0.553125
7 0.94921875 0.45 0.04921875 0.60234375
4 0.178125 0.5796875 0.040625 0.53203125
6 0.8859375 0.4546875 0.046875 0.58984375
11 0.43046875 0.5234375 0.04453125 0.55625
3 0.6515625 0.49921875 0.05078125 0.559375
1 0.3828125 0.540625 0.03203125 0.546875
22 0.540625 0.51640625 0.05234375 0.546875
2 0.278125 0.5578125 0.046875 0.5453125
1 0.83203125 0.46484375 0.034375 0.58203125
11 0.4890625 0.52734375 0.04921875 0.55078125
19 0.22421875 0.5578125 0.04453125 0.56171875
32 0.07890625 0.58125 0.04140625 0.50703125