13 0.59140625 0.5203125 0.0515625 0.48515625
1 0.36640625 0.53984375 0.03359375 0.484375
9 0.921875 0.49375 0.04765625 0.4796875
13 0.209375 0.5453125 0.05234375 0.50390625
2 0.6453125 0.51953125 0.053125 0.48203125
28 0.1 0.5609375 0.05390625 0.509375
9 0.81328125 0.51015625 0.05 0.48046875
20 0.05234375 0.5703125 0.05234375 0.50390625
2 0.321875 0.54375 0.05390625 0.4859375
9 0.7546875 0.50859375 0.0515625 0.47578125
21 0.5296875 0.51875 0.0625 0.4875
8 0.46875 0.5328125 0.05078125 0.47265625
11 0.2640625 0.5515625 0.04921875 0.49609375
11 0.4140625 0.5328125 0.046875 0.4734375
7 0.8703125 0.49921875 0.05546875 0.4890625
6 0.7 0.5171875 0.05078125 0.471875
26 0.15390625 0.5578125 0.05390625 0.46796875