13 0.59140625 0.51953125 0.0515625 0.4859375
1 0.36640625 0.54375 0.03359375 0.48671875
13 0.20859375 0.5484375 0.053125 0.50859375
2 0.6453125 0.51875 0.053125 0.478125
9 0.921875 0.490625 0.04765625 0.47265625
9 0.75546875 0.5109375 0.05 0.47109375
21 0.528125 0.52265625 0.06484375 0.4921875
11 0.4140625 0.53671875 0.04765625 0.478125
28 0.10078125 0.56484375 0.05703125 0.52734375
9 0.81328125 0.50390625 0.04921875 0.46796875
20 0.0515625 0.5765625 0.04921875 0.528125
8 0.46875 0.53125 0.05 0.478125
2 0.32265625 0.54765625 0.05625 0.4921875
11 0.2640625 0.55390625 0.05 0.49765625
7 0.8703125 0.4953125 0.05625 0.48359375
6 0.7 0.51640625 0.05078125 0.46796875
26 0.15546875 0.56484375 0.05703125 0.51875