6 0.5203125 0.51171875 0.0515625 0.56484375
32 0.1640625 0.48828125 0.046875 0.57109375
2 0.778125 0.51875 0.05234375 0.5828125
3 0.67734375 0.521875 0.05 0.5671875
1 0.7265625 0.51953125 0.04140625 0.5828125
5 0.940625 0.52265625 0.053125 0.571875
0 0.36484375 0.50234375 0.05 0.56796875
15 0.31953125 0.4921875 0.04765625 0.5734375
30 0.1125 0.4859375 0.05078125 0.57890625
16 0.2171875 0.48671875 0.05078125 0.57421875
4 0.834375 0.525 0.05546875 0.5796875
10 0.625 0.5109375 0.05078125 0.5671875
1 0.88828125 0.52578125 0.0375 0.57578125
21 0.571875 0.51328125 0.05 0.56640625
15 0.26640625 0.48671875 0.0484375 0.578125
6 0.41875 0.5015625 0.05078125 0.56953125
10 0.46953125 0.5109375 0.04453125 0.56875