6 0.5203125 0.5109375 0.05234375 0.56171875
5 0.94375 0.52265625 0.05 0.56796875
2 0.77890625 0.51796875 0.05234375 0.578125
3 0.67734375 0.52109375 0.04921875 0.56328125
32 0.1640625 0.48828125 0.046875 0.56640625
1 0.72734375 0.51953125 0.03984375 0.5796875
30 0.1125 0.48359375 0.05078125 0.5734375
0 0.36640625 0.50078125 0.0484375 0.559375
15 0.3203125 0.49375 0.0484375 0.565625
16 0.2171875 0.4875 0.04921875 0.56796875
4 0.834375 0.52578125 0.053125 0.5734375
21 0.571875 0.51171875 0.04921875 0.5640625
15 0.2671875 0.4875 0.04765625 0.57265625
6 0.41875 0.50234375 0.0515625 0.56171875
10 0.625 0.51015625 0.0515625 0.56328125
1 0.8875 0.52578125 0.03671875 0.56953125
10 0.46953125 0.5109375 0.0453125 0.5640625