13 0.60234375 0.55078125 0.0484375 0.4046875
8 0.9484375 0.66015625 0.05078125 0.39765625
11 0.271875 0.42578125 0.05546875 0.39921875
8 0.46796875 0.50234375 0.05 0.39921875
2 0.6640625 0.57734375 0.0546875 0.40546875
8 0.884375 0.6375 0.05625 0.41015625
9 0.76328125 0.603125 0.05234375 0.41171875
28 0.1640625 0.38828125 0.05078125 0.41953125
28 0.103125 0.36484375 0.04921875 0.40703125
13 0.21796875 0.41015625 0.05625 0.409375
21 0.53359375 0.5265625 0.0671875 0.41640625
1 0.3234375 0.45546875 0.0359375 0.4046875
1 0.36171875 0.46640625 0.03203125 0.3984375
11 0.41171875 0.47421875 0.05078125 0.39921875
3 0.821875 0.62265625 0.04921875 0.41328125
20 0.046875 0.35546875 0.05078125 0.43984375
1 0.7125 0.59375 0.04375 0.4109375