13 0.603125 0.54375 0.04921875 0.40078125
28 0.10625 0.36171875 0.05625 0.41640625
11 0.2703125 0.4265625 0.0578125 0.39609375
8 0.94921875 0.6625 0.0515625 0.39140625
8 0.88359375 0.6359375 0.05703125 0.39921875
2 0.6640625 0.57109375 0.05546875 0.40546875
13 0.21796875 0.409375 0.05703125 0.40390625
11 0.41171875 0.47421875 0.053125 0.3890625
28 0.16640625 0.3890625 0.0546875 0.42109375
8 0.47109375 0.503125 0.05234375 0.39140625
1 0.36171875 0.4640625 0.03515625 0.390625
21 0.53671875 0.528125 0.06875 0.41015625
9 0.7625 0.5984375 0.05234375 0.403125
1 0.3234375 0.45546875 0.03671875 0.39375
20 0.05 0.34609375 0.04765625 0.42109375
3 0.8171875 0.63046875 0.05390625 0.41796875
1 0.71171875 0.57421875 0.03203125 0.3921875