2 0.59609375 0.49765625 0.05390625 0.68828125
9 0.8484375 0.51171875 0.0578125 0.7296875
32 0.04609375 0.51328125 0.04609375 0.590625
9 0.09140625 0.50703125 0.04375 0.590625
7 0.66484375 0.5078125 0.05234375 0.71015625
5 0.78203125 0.50703125 0.05234375 0.72734375
6 0.91328125 0.5109375 0.05703125 0.709375
2 0.2296875 0.50859375 0.0515625 0.61015625
4 0.13125 0.5109375 0.040625 0.58125
24 0.540625 0.4984375 0.05546875 0.68515625
10 0.42578125 0.51484375 0.0484375 0.64375
1 0.33125 0.51640625 0.03671875 0.6140625
7 0.72109375 0.50390625 0.065625 0.6890625
12 0.3765625 0.50859375 0.06015625 0.609375
4 0.27734375 0.4953125 0.0515625 0.63671875
19 0.17890625 0.50546875 0.065625 0.61640625
21 0.484375 0.5140625 0.07109375 0.6609375