29 0.121875 0.2953125 0.07890625 0.28046875
6 0.40859375 0.4703125 0.0515625 0.2578125
32 0.24296875 0.37734375 0.05078125 0.27421875
32 0.35234375 0.43515625 0.0515625 0.27109375
0 0.68828125 0.646875 0.0484375 0.25703125
2 0.740625 0.68125 0.04921875 0.25703125
30 0.05 0.25859375 0.05625 0.28828125
1 0.46484375 0.5109375 0.034375 0.2765625
32 0.3 0.40859375 0.053125 0.2796875
32 0.5125 0.53359375 0.05234375 0.29609375
8 0.190625 0.34453125 0.05 0.25234375
8 0.9640625 0.80859375 0.04921875 0.26171875
16 0.571875 0.56953125 0.05546875 0.2890625
6 0.84921875 0.74296875 0.05 0.26484375
6 0.7953125 0.709375 0.05234375 0.253125
16 0.6296875 0.61640625 0.05546875 0.25859375
8 0.90703125 0.784375 0.04765625 0.25078125