32 0.35234375 0.43515625 0.05 0.27734375
32 0.24375 0.3765625 0.05 0.2796875
32 0.3015625 0.40546875 0.05 0.2875
29 0.1234375 0.296875 0.08046875 0.290625
0 0.68828125 0.64375 0.0484375 0.2609375
1 0.459375 0.5046875 0.034375 0.2609375
2 0.74140625 0.68046875 0.05 0.2625
30 0.04921875 0.25859375 0.0578125 0.29140625
6 0.4078125 0.46640625 0.05 0.26484375
16 0.57265625 0.565625 0.05546875 0.2921875
16 0.6390625 0.59921875 0.06171875 0.28828125
8 0.95625 0.796875 0.04921875 0.2640625
8 0.190625 0.3453125 0.05078125 0.259375
32 0.51171875 0.53203125 0.05390625 0.29765625
6 0.79296875 0.71875 0.05 0.29296875
6 0.84765625 0.75546875 0.053125 0.25390625
8 0.8984375 0.79453125 0.05390625 0.2609375