1 0.3640625 0.459375 0.03515625 0.52109375
11 0.4203125 0.47109375 0.05 0.521875
4 0.315625 0.44296875 0.0453125 0.51328125
2 0.64296875 0.53203125 0.0515625 0.540625
24 0.58671875 0.509375 0.053125 0.5421875
8 0.821875 0.565625 0.0484375 0.54609375
2 0.25625 0.4390625 0.04453125 0.525
2 0.703125 0.54140625 0.04921875 0.53828125
32 0.0515625 0.378125 0.04609375 0.51328125
3 0.8859375 0.58125 0.046875 0.5484375
0 0.946875 0.5921875 0.05078125 0.54375
4 0.15625 0.4078125 0.04921875 0.509375
0 0.76015625 0.55625 0.0484375 0.54140625
9 0.1015625 0.39140625 0.04375 0.50625
21 0.53046875 0.49375 0.05234375 0.534375
0 0.2078125 0.41640625 0.04765625 0.5109375
10 0.4703125 0.48125 0.0515625 0.53984375