30 0.0828125 0.4890625 0.06484375 0.45546875
14 0.21875 0.4875 0.05703125 0.453125
6 0.46640625 0.4828125 0.05078125 0.45234375
21 0.58203125 0.478125 0.07265625 0.4546875
0 0.73203125 0.475 0.04921875 0.44765625
29 0.15078125 0.48359375 0.08359375 0.46015625
3 0.884375 0.47578125 0.04609375 0.4359375
4 0.83359375 0.47734375 0.0515625 0.4390625
0 0.6890625 0.47890625 0.04921875 0.45546875
1 0.41640625 0.484375 0.0421875 0.45390625
9 0.93359375 0.478125 0.046875 0.4390625
9 0.78203125 0.47890625 0.0453125 0.4390625
11 0.5140625 0.48125 0.06328125 0.4125
8 0.3671875 0.48125 0.04609375 0.47578125
17 0.26875 0.48125 0.059375 0.47578125
5 0.3234375 0.48125 0.05390625 0.4546875
0 0.64140625 0.47890625 0.04921875 0.42890625