30 0.08359375 0.4890625 0.0640625 0.45546875
14 0.2171875 0.4890625 0.05703125 0.4578125
21 0.58203125 0.47734375 0.0734375 0.4578125
29 0.15078125 0.484375 0.0828125 0.459375
3 0.884375 0.4765625 0.046875 0.44453125
4 0.8328125 0.47421875 0.05078125 0.44609375
6 0.46640625 0.4828125 0.05078125 0.453125
0 0.73203125 0.47578125 0.0515625 0.45234375
1 0.4171875 0.48515625 0.0421875 0.45859375
0 0.68671875 0.47734375 0.04765625 0.44375
11 0.51640625 0.475 0.0609375 0.45078125
0 0.63984375 0.4828125 0.0484375 0.4515625
9 0.928125 0.48671875 0.05 0.465625
9 0.7828125 0.4734375 0.04921875 0.45
8 0.3671875 0.48125 0.04921875 0.4546875
17 0.26796875 0.47890625 0.06171875 0.4390625
5 0.32265625 0.4921875 0.05 0.44453125