30 0.0609375 0.3 0.04453125 0.38359375
0 0.68203125 0.60546875 0.04140625 0.3546875
1 0.8390625 0.6921875 0.03203125 0.34921875
0 0.7359375 0.6375 0.0453125 0.34453125
8 0.1953125 0.37578125 0.040625 0.35
29 0.12421875 0.334375 0.06171875 0.375
7 0.95546875 0.73359375 0.04609375 0.36875
10 0.25 0.39609375 0.0453125 0.35859375
22 0.3046875 0.43046875 0.046875 0.36875
30 0.46875 0.4921875 0.0453125 0.3640625
22 0.5734375 0.55390625 0.0421875 0.36328125
2 0.89375 0.71484375 0.04296875 0.3546875
6 0.78828125 0.66484375 0.04296875 0.3546875
17 0.628125 0.58515625 0.0484375 0.36171875
4 0.35546875 0.4765625 0.034375 0.340625
22 0.4109375 0.49140625 0.05390625 0.3703125
8 0.521875 0.528125 0.0390625 0.3578125