4 0.9375 0.40546875 0.04375 0.4734375
10 0.2578125 0.55703125 0.05078125 0.471875
7 0.8875 0.43046875 0.040625 0.46484375
30 0.08046875 0.58515625 0.05 0.4796875
6 0.73984375 0.459375 0.0390625 0.45234375
4 0.78828125 0.44765625 0.04296875 0.45390625
4 0.36484375 0.53359375 0.04140625 0.471875
6 0.83671875 0.4375 0.03984375 0.453125
0 0.6890625 0.46640625 0.040625 0.46015625
22 0.31875 0.54140625 0.04453125 0.48125
21 0.5859375 0.48828125 0.05703125 0.46796875
8 0.20703125 0.57109375 0.0390625 0.471875
30 0.4703125 0.5 0.04609375 0.4796875
30 0.52421875 0.49296875 0.04609375 0.4703125
29 0.1453125 0.571875 0.06796875 0.48671875
22 0.4171875 0.51875 0.04609375 0.4859375
17 0.63828125 0.4640625 0.04765625 0.49375