7 0.96171875 0.57578125 0.05 0.55078125
8 0.35390625 0.5015625 0.04921875 0.5328125
5 0.3046875 0.4953125 0.04921875 0.5375
6 0.8984375 0.57734375 0.0515625 0.54140625
11 0.503125 0.509375 0.06171875 0.5515625
8 0.84375 0.56953125 0.05546875 0.5375
5 0.12578125 0.484375 0.0578125 0.553125
6 0.4453125 0.503125 0.0484375 0.5421875
0 0.69296875 0.54375 0.053125 0.5453125
9 0.75 0.55703125 0.05078125 0.53671875
21 0.565625 0.5203125 0.07109375 0.55078125
1 0.40234375 0.50390625 0.03046875 0.53671875
1 0.79765625 0.56015625 0.028125 0.53828125
20 0.6296875 0.53203125 0.05703125 0.58671875
17 0.2453125 0.48046875 0.06484375 0.5796875
31 0.18203125 0.478125 0.05546875 0.53203125
27 0.0703125 0.49296875 0.06328125 0.57578125