7 0.9625 0.57890625 0.0484375 0.55078125
11 0.503125 0.51015625 0.0625 0.546875
5 0.30390625 0.49453125 0.04921875 0.5375
5 0.12578125 0.48359375 0.05625 0.5515625
8 0.84296875 0.56953125 0.05625 0.53359375
8 0.35625 0.50078125 0.04765625 0.53359375
0 0.69296875 0.5421875 0.05390625 0.54453125
6 0.44375 0.503125 0.04921875 0.53671875
6 0.89921875 0.57421875 0.0515625 0.5390625
21 0.56640625 0.51640625 0.0734375 0.55078125
9 0.75 0.55546875 0.0515625 0.53515625
1 0.40234375 0.50390625 0.03046875 0.53203125
1 0.79765625 0.5578125 0.03984375 0.5203125
20 0.6296875 0.5390625 0.0609375 0.53515625
17 0.24375 0.4859375 0.06640625 0.5390625
31 0.1828125 0.4765625 0.059375 0.54296875
27 0.07109375 0.46953125 0.06796875 0.5578125