0 0.3265625 0.3953125 0.0546875 0.26875
16 0.165625 0.30234375 0.0578125 0.27265625
6 0.65390625 0.603125 0.06171875 0.27890625
8 0.93984375 0.7796875 0.06328125 0.2734375
6 0.378125 0.43203125 0.0578125 0.2765625
15 0.21796875 0.334375 0.059375 0.28359375
21 0.54921875 0.53359375 0.06875 0.2859375
2 0.48671875 0.50078125 0.06015625 0.2875
30 0.0546875 0.23515625 0.0609375 0.259375
32 0.11171875 0.2734375 0.06171875 0.271875
15 0.2703125 0.3703125 0.0625 0.28125
10 0.425 0.47421875 0.0546875 0.28515625
10 0.58984375 0.565625 0.05546875 0.2796875
1 0.7046875 0.6484375 0.0359375 0.28515625
1 0.76484375 0.67421875 0.05 0.259375
1 0.8765625 0.74296875 0.04453125 0.26640625
3 0.8203125 0.7046875 0.06328125 0.271875