2 0.7015625 0.50234375 0.0546875 0.63515625
11 0.47109375 0.46953125 0.0515625 0.5859375
11 0.253125 0.44375 0.04921875 0.5765625
8 0.89140625 0.51796875 0.05703125 0.646875
23 0.20234375 0.43984375 0.0453125 0.5671875
32 0.05 0.42421875 0.04765625 0.56875
0 0.64296875 0.50234375 0.05703125 0.62109375
9 0.10390625 0.4328125 0.0421875 0.55703125
24 0.58515625 0.484375 0.05546875 0.615625
5 0.8265625 0.515625 0.0578125 0.64296875
8 0.31328125 0.45234375 0.04765625 0.5765625
4 0.15390625 0.43828125 0.04453125 0.5640625
22 0.5265625 0.47890625 0.05703125 0.5984375
4 0.41484375 0.46953125 0.0515625 0.58671875
1 0.36328125 0.46484375 0.02890625 0.58671875
7 0.959375 0.52421875 0.05703125 0.68046875
6 0.76015625 0.50703125 0.05625 0.64140625