2 0.68125 0.53203125 0.05625 0.59140625
8 0.79296875 0.5296875 0.0515625 0.56796875
28 0.10703125 0.5203125 0.05625 0.62734375
11 0.2953125 0.52578125 0.053125 0.60625
20 0.05546875 0.525 0.05234375 0.60859375
13 0.62578125 0.5234375 0.05078125 0.6
5 0.90234375 0.525 0.04921875 0.5828125
21 0.55625 0.52265625 0.0671875 0.60078125
13 0.234375 0.51953125 0.05703125 0.6125
28 0.1734375 0.521875 0.05859375 0.621875
1 0.346875 0.52578125 0.03671875 0.6125
0 0.9578125 0.528125 0.0484375 0.57578125
11 0.43515625 0.52109375 0.0515625 0.60703125
5 0.4921875 0.5234375 0.05 0.60390625
1 0.3859375 0.52421875 0.0359375 0.6078125
4 0.84765625 0.53359375 0.0484375 0.5671875
3 0.73203125 0.51484375 0.04765625 0.615625