2 0.88046875 0.41953125 0.04921875 0.52421875
11 0.48984375 0.5203125 0.0484375 0.50546875
0 0.70625 0.46015625 0.046875 0.49375
32 0.06640625 0.64765625 0.04296875 0.52578125
9 0.1171875 0.63515625 0.04296875 0.50234375
4 0.1703125 0.61953125 0.046875 0.49453125
9 0.7609375 0.446875 0.0484375 0.50625
11 0.27421875 0.58828125 0.04765625 0.50390625
24 0.59765625 0.490625 0.05 0.49921875
0 0.65234375 0.47421875 0.05234375 0.5140625
22 0.54375 0.503125 0.05 0.5078125
8 0.3296875 0.56953125 0.04765625 0.48515625
4 0.43359375 0.53125 0.0484375 0.5140625
1 0.38125 0.55546875 0.028125 0.49296875
23 0.22265625 0.6 0.04609375 0.503125
5 0.9375 0.39296875 0.0484375 0.52890625
6 0.81953125 0.4265625 0.053125 0.5171875