2 0.8796875 0.415625 0.04765625 0.5125
5 0.9375 0.3890625 0.0515625 0.52890625
0 0.70625 0.4609375 0.046875 0.4875
4 0.171875 0.6234375 0.04375 0.48515625
9 0.11796875 0.6328125 0.04140625 0.4828125
9 0.76171875 0.44375 0.04765625 0.4890625
4 0.434375 0.5265625 0.0484375 0.4953125
8 0.32890625 0.56875 0.0484375 0.48046875
22 0.5390625 0.5015625 0.04609375 0.48828125
1 0.3828125 0.55234375 0.02734375 0.48984375
11 0.48984375 0.5203125 0.04609375 0.49375
11 0.27421875 0.58046875 0.04765625 0.5015625
0 0.65234375 0.471875 0.04921875 0.49609375
24 0.596875 0.48828125 0.0484375 0.48515625
23 0.2234375 0.5984375 0.04453125 0.49609375
32 0.06796875 0.64921875 0.0390625 0.51171875
6 0.8203125 0.4296875 0.05625 0.52421875