30 0.0578125 0.37421875 0.05 0.4328125
1 0.6953125 0.59375 0.02734375 0.41875
10 0.25390625 0.44140625 0.0484375 0.41953125
2 0.36640625 0.4859375 0.03984375 0.421875
4 0.53125 0.528125 0.0390625 0.42421875
0 0.84765625 0.63984375 0.040625 0.4046875
1 0.74296875 0.6140625 0.03046875 0.41015625
29 0.1296875 0.390625 0.0703125 0.43984375
9 0.896875 0.6625 0.0421875 0.4015625
22 0.5875 0.55390625 0.0421875 0.43203125
2 0.7953125 0.63203125 0.04375 0.42109375
7 0.9484375 0.66640625 0.04140625 0.43515625
19 0.640625 0.57421875 0.05234375 0.43515625
22 0.4203125 0.5046875 0.05 0.3890625
17 0.475 0.51171875 0.04296875 0.42109375
16 0.31484375 0.44921875 0.04765625 0.3984375
8 0.19765625 0.42109375 0.04609375 0.41640625