10 0.2546875 0.4453125 0.046875 0.409375
29 0.1265625 0.39140625 0.06875 0.4421875
30 0.05859375 0.3703125 0.04609375 0.440625
1 0.6953125 0.59140625 0.02578125 0.41171875
2 0.36640625 0.4859375 0.040625 0.42421875
9 0.896875 0.66328125 0.04296875 0.39609375
22 0.5859375 0.5515625 0.04765625 0.42734375
1 0.74296875 0.6140625 0.03046875 0.40390625
0 0.84609375 0.64296875 0.03984375 0.396875
4 0.53125 0.53046875 0.0390625 0.42109375
17 0.47734375 0.5078125 0.04296875 0.42421875
22 0.425 0.5 0.04765625 0.43046875
7 0.95390625 0.671875 0.0375 0.41015625
8 0.2 0.4203125 0.03671875 0.41640625
2 0.79375 0.634375 0.04140625 0.42578125
19 0.640625 0.5765625 0.0515625 0.42109375
16 0.31171875 0.46328125 0.05078125 0.43515625