0 0.6703125 0.60234375 0.04296875 0.36953125
13 0.38671875 0.48046875 0.0421875 0.35546875
6 0.77890625 0.65234375 0.04453125 0.3671875
0 0.8328125 0.6734375 0.04296875 0.36328125
2 0.5 0.5359375 0.04140625 0.36171875
29 0.05625 0.340625 0.0578125 0.3796875
23 0.44609375 0.50546875 0.04453125 0.36875
3 0.94296875 0.721875 0.034375 0.3515625
0 0.125 0.38125 0.04375 0.3734375
20 0.17421875 0.384375 0.05 0.3546875
23 0.228125 0.4296875 0.04765625 0.32890625
14 0.27890625 0.440625 0.04375 0.34453125
9 0.33203125 0.47265625 0.04375 0.34453125
13 0.55625 0.55390625 0.04375 0.32265625
2 0.61171875 0.584375 0.04609375 0.33203125
4 0.72265625 0.63984375 0.04375 0.32890625
9 0.88359375 0.69140625 0.04765625 0.33515625