10 0.478125 0.51640625 0.0578125 0.60234375
9 0.8984375 0.5625 0.04453125 0.5890625
0 0.371875 0.50625 0.05078125 0.6109375
10 0.66875 0.53359375 0.053125 0.6046875
4 0.85546875 0.55625 0.03984375 0.58125
7 0.42109375 0.51171875 0.046875 0.60234375
0 0.76796875 0.55 0.0453125 0.58359375
9 0.53046875 0.52578125 0.04765625 0.58515625
15 0.3203125 0.496875 0.0484375 0.63203125
21 0.59453125 0.53046875 0.07890625 0.6015625
32 0.1390625 0.48125 0.06015625 0.65
30 0.06875 0.46875 0.08046875 0.596875
16 0.203125 0.48984375 0.07109375 0.6
15 0.26484375 0.49140625 0.05703125 0.609375
1 0.72109375 0.5390625 0.04296875 0.59296875
1 0.94140625 0.56875 0.0359375 0.54765625
3 0.80625 0.55703125 0.04375 0.5703125