2 0.36875 0.52421875 0.06171875 0.55703125
21 0.59296875 0.490625 0.0703125 0.54453125
11 0.46875 0.50390625 0.04765625 0.55
7 0.9453125 0.44609375 0.05 0.528125
13 0.653125 0.48203125 0.053125 0.54140625
11 0.3109375 0.5328125 0.053125 0.56953125
28 0.12109375 0.54765625 0.0703125 0.60703125
13 0.24609375 0.5328125 0.06015625 0.57265625
4 0.8515625 0.44921875 0.05 0.54296875
1 0.42265625 0.515625 0.034375 0.5609375
1 0.89453125 0.45390625 0.03515625 0.5265625
1 0.6984375 0.478125 0.0328125 0.54140625
7 0.74765625 0.475 0.05 0.5484375
20 0.06015625 0.553125 0.05625 0.61796875
7 0.803125 0.4609375 0.04921875 0.53828125
30 0.5234375 0.5015625 0.06328125 0.553125
26 0.1859375 0.540625 0.04765625 0.5875