3 0.6609375 0.5484375 0.04453125 0.5578125
2 0.72109375 0.56640625 0.04921875 0.55546875
32 0.06328125 0.3609375 0.05078125 0.53984375
8 0.7796875 0.57109375 0.04765625 0.546875
22 0.5453125 0.5125 0.05078125 0.54921875
9 0.115625 0.37890625 0.04765625 0.5203125
4 0.16953125 0.38828125 0.04453125 0.5265625
24 0.6015625 0.52734375 0.04921875 0.553125
11 0.48984375 0.49453125 0.04921875 0.546875
6 0.840625 0.603125 0.05 0.578125
4 0.325 0.44921875 0.04609375 0.534375
9 0.9 0.621875 0.05 0.56875
1 0.3765625 0.4640625 0.03359375 0.5328125
12 0.43125 0.4796875 0.04921875 0.5453125
1 0.96953125 0.63515625 0.03828125 0.5671875
2 0.2703125 0.4296875 0.04921875 0.5453125
19 0.221875 0.41484375 0.05234375 0.54375