2 0.72109375 0.56640625 0.0484375 0.55625
3 0.6609375 0.546875 0.04453125 0.55625
32 0.0625 0.36171875 0.05078125 0.5453125
8 0.7796875 0.5765625 0.046875 0.55703125
22 0.5453125 0.5109375 0.05 0.55
4 0.16953125 0.38828125 0.04453125 0.53125
24 0.6015625 0.52578125 0.0484375 0.553125
11 0.48984375 0.49375 0.04921875 0.54921875
9 0.115625 0.3796875 0.0484375 0.52734375
6 0.840625 0.603125 0.05 0.5828125
4 0.325 0.45078125 0.046875 0.5375
9 0.9 0.6203125 0.04921875 0.57265625
12 0.43125 0.47890625 0.04921875 0.54765625
1 0.3765625 0.4640625 0.03359375 0.53671875
2 0.271875 0.4265625 0.0484375 0.540625
1 0.96953125 0.6328125 0.03828125 0.57109375
19 0.21640625 0.4046875 0.05 0.53046875