11 0.29765625 0.534375 0.05546875 0.6296875
11 0.4578125 0.51640625 0.0484375 0.61484375
28 0.10625 0.54375 0.0625 0.65
0 0.8 0.4734375 0.04765625 0.5640625
7 0.903125 0.459375 0.0484375 0.59453125
2 0.69296875 0.4921875 0.05390625 0.5875
5 0.51171875 0.50390625 0.0515625 0.6078125
13 0.63828125 0.49140625 0.05 0.60234375
28 0.17421875 0.54375 0.0625 0.64140625
1 0.41015625 0.52265625 0.0390625 0.6234375
13 0.2359375 0.534375 0.05703125 0.6328125
2 0.35703125 0.53125 0.05859375 0.6265625
6 0.85 0.471875 0.04921875 0.5703125
21 0.57421875 0.5 0.065625 0.6
4 0.95546875 0.45234375 0.0484375 0.5828125
0 0.74453125 0.48125 0.04921875 0.5703125
20 0.0515625 0.5484375 0.053125 0.65703125