28 0.10625 0.54375 0.0625 0.6484375
0 0.79921875 0.4734375 0.046875 0.55546875
11 0.29765625 0.53515625 0.05546875 0.625
2 0.69296875 0.4921875 0.05390625 0.58203125
11 0.45859375 0.515625 0.0484375 0.60703125
7 0.903125 0.45625 0.04765625 0.5796875
28 0.175 0.54296875 0.06171875 0.6390625
5 0.51171875 0.50546875 0.05078125 0.6015625
13 0.6390625 0.4921875 0.04921875 0.59609375
1 0.41015625 0.521875 0.0390625 0.615625
13 0.2328125 0.53046875 0.05625 0.6296875
2 0.35625 0.528125 0.059375 0.61953125
6 0.85 0.471875 0.0484375 0.56171875
21 0.57421875 0.5 0.065625 0.5953125
4 0.9546875 0.45078125 0.046875 0.5703125
0 0.74453125 0.48203125 0.0484375 0.5640625
20 0.05078125 0.54765625 0.0515625 0.65546875