8 0.36015625 0.45390625 0.0484375 0.3578125
0 0.64375 0.57578125 0.04765625 0.3984375
1 0.9390625 0.7078125 0.04375 0.38203125
11 0.5203125 0.5203125 0.0625 0.39453125
1 0.4078125 0.46796875 0.0390625 0.36640625
14 0.196875 0.375 0.053125 0.38125
10 0.4578125 0.48359375 0.0625 0.384375
7 0.890625 0.67734375 0.05 0.3890625
30 0.0671875 0.3203125 0.05390625 0.3796875
0 0.7359375 0.6234375 0.0515625 0.38046875
5 0.79140625 0.6453125 0.05 0.3875
21 0.5859375 0.54921875 0.071875 0.409375
0 0.69296875 0.59765625 0.0515625 0.384375
16 0.30859375 0.42421875 0.0625 0.36796875
29 0.13046875 0.3484375 0.0828125 0.4
4 0.8390625 0.66328125 0.05234375 0.3828125
23 0.2484375 0.4 0.0484375 0.359375