1 0.94296875 0.709375 0.04453125 0.41015625
11 0.51796875 0.515625 0.06484375 0.4046875
8 0.36015625 0.45234375 0.05 0.384375
14 0.19765625 0.36640625 0.0546875 0.415625
30 0.06796875 0.31953125 0.06015625 0.40078125
0 0.73671875 0.62421875 0.05078125 0.4046875
29 0.13671875 0.3515625 0.084375 0.41796875
7 0.8921875 0.68125 0.05390625 0.4125
0 0.69296875 0.59765625 0.05234375 0.409375
21 0.590625 0.546875 0.07890625 0.41640625
1 0.4078125 0.4671875 0.04140625 0.3859375
16 0.3078125 0.421875 0.0640625 0.4015625
10 0.4546875 0.48984375 0.0625 0.40390625
4 0.8375 0.66328125 0.05390625 0.4078125
5 0.78828125 0.64140625 0.04765625 0.3890625
0 0.64296875 0.57578125 0.046875 0.403125
23 0.24296875 0.4 0.0546875 0.41796875