0 0.91953125 0.61015625 0.05234375 0.46484375
11 0.47890625 0.4984375 0.04921875 0.45390625
8 0.32265625 0.45 0.04375 0.4328125
7 0.86484375 0.60390625 0.05234375 0.471875
2 0.2703125 0.4390625 0.046875 0.44765625
32 0.071875 0.39140625 0.0484375 0.45546875
9 0.74921875 0.56953125 0.04453125 0.44921875
4 0.171875 0.41171875 0.046875 0.43984375
1 0.3765625 0.46875 0.03125 0.43671875
9 0.121875 0.403125 0.04453125 0.44296875
4 0.69453125 0.55859375 0.04453125 0.44765625
2 0.80703125 0.5875 0.05078125 0.4625
21 0.528125 0.5109375 0.05859375 0.453125
24 0.5859375 0.525 0.0484375 0.44765625
3 0.6390625 0.55078125 0.053125 0.45625
3 0.425 0.4984375 0.05078125 0.434375
16 0.21953125 0.41953125 0.05390625 0.41796875