0 0.91953125 0.61015625 0.0515625 0.46484375
11 0.47890625 0.50078125 0.04921875 0.453125
8 0.32265625 0.4515625 0.04375 0.43125
2 0.2703125 0.4390625 0.04609375 0.446875
7 0.86484375 0.6046875 0.0515625 0.47109375
9 0.74921875 0.5703125 0.04453125 0.44921875
32 0.07265625 0.3921875 0.04765625 0.45625
9 0.121875 0.40390625 0.04375 0.4421875
2 0.80703125 0.5890625 0.05078125 0.46484375
1 0.3765625 0.4734375 0.03203125 0.43515625
4 0.171875 0.4125 0.046875 0.43828125
4 0.6953125 0.55859375 0.04375 0.4484375
21 0.52890625 0.515625 0.05625 0.453125
24 0.5859375 0.5265625 0.04921875 0.4484375
3 0.42578125 0.48359375 0.0421875 0.4390625
3 0.63671875 0.53984375 0.0484375 0.434375
16 0.22265625 0.4359375 0.0546875 0.44375