0 0.91953125 0.61015625 0.0515625 0.46484375
11 0.47890625 0.5 0.04921875 0.453125
8 0.32265625 0.4515625 0.04375 0.43203125
2 0.2703125 0.4390625 0.046875 0.4484375
7 0.865625 0.60390625 0.05234375 0.47109375
9 0.74921875 0.5703125 0.0453125 0.44921875
32 0.07265625 0.3921875 0.04765625 0.45625
9 0.121875 0.403125 0.04453125 0.44296875
1 0.37734375 0.4734375 0.03203125 0.43515625
2 0.80703125 0.5890625 0.05078125 0.46484375
4 0.171875 0.4125 0.046875 0.4390625
4 0.6953125 0.55859375 0.04375 0.44921875
21 0.52890625 0.515625 0.05703125 0.453125
24 0.5859375 0.52578125 0.05 0.4484375
3 0.42578125 0.4828125 0.0421875 0.4390625
3 0.6390625 0.54453125 0.05078125 0.45
16 0.21796875 0.41953125 0.0546875 0.45