9 0.93984375 0.5453125 0.05390625 0.5875
0 0.66484375 0.52734375 0.053125 0.571875
10 0.47890625 0.50546875 0.0734375 0.58203125
8 0.34375 0.50859375 0.0515625 0.58203125
3 0.88203125 0.53203125 0.05625 0.58671875
1 0.38828125 0.5015625 0.0328125 0.5703125
9 0.771875 0.5296875 0.05 0.57734375
5 0.1125 0.49296875 0.05546875 0.58671875
12 0.546875 0.51953125 0.0640625 0.58203125
8 0.8265625 0.5265625 0.053125 0.578125
23 0.23203125 0.49609375 0.05546875 0.6046875
6 0.71875 0.53203125 0.04921875 0.58203125
27 0.0578125 0.47421875 0.05703125 0.6015625
1 0.4203125 0.5109375 0.0359375 0.57890625
20 0.6046875 0.5234375 0.05546875 0.58515625
12 0.28671875 0.50390625 0.05546875 0.58515625
31 0.1703125 0.4859375 0.05390625 0.58125