4 0.16015625 0.6453125 0.046875 0.4609375
11 0.4640625 0.52265625 0.05859375 0.4828125
3 0.95078125 0.35234375 0.04921875 0.4984375
8 0.3359375 0.57421875 0.046875 0.4734375
21 0.525 0.50546875 0.06328125 0.4796875
5 0.89296875 0.3703125 0.04921875 0.50625
3 0.77109375 0.421875 0.04765625 0.48828125
0 0.709375 0.44140625 0.05 0.503125
24 0.59140625 0.4859375 0.059375 0.4875
6 0.82890625 0.39453125 0.06328125 0.465625
3 0.65 0.4765625 0.05625 0.4765625
1 0.41953125 0.55 0.0359375 0.4609375
1 0.38125 0.5609375 0.04140625 0.4703125
2 0.2796875 0.6015625 0.05546875 0.4859375
16 0.21953125 0.621875 0.05859375 0.465625
9 0.1 0.67109375 0.0515625 0.45390625
32 0.04609375 0.684375 0.0578125 0.45625