9 0.1109375 0.41640625 0.04921875 0.52265625
3 0.6734375 0.53046875 0.0484375 0.53046875
1 0.73125 0.54375 0.03671875 0.51796875
32 0.05546875 0.4046875 0.0515625 0.53671875
2 0.27734375 0.44375 0.05 0.5375
3 0.90078125 0.57578125 0.0515625 0.54296875
4 0.16640625 0.42109375 0.04921875 0.5328125
12 0.44453125 0.48203125 0.0546875 0.54296875
8 0.784375 0.5453125 0.05078125 0.52109375
11 0.5 0.49296875 0.05078125 0.53671875
3 0.9609375 0.58515625 0.04921875 0.53359375
4 0.3328125 0.46015625 0.0515625 0.528125
7 0.84375 0.5578125 0.0546875 0.5390625
21 0.5578125 0.5 0.05625 0.53671875
1 0.38828125 0.47109375 0.03203125 0.53125
24 0.61328125 0.50859375 0.05703125 0.534375
19 0.21953125 0.44375 0.05390625 0.503125