8 0.715625 0.64296875 0.05546875 0.26953125
1 0.6671875 0.61484375 0.03828125 0.27109375
13 0.22734375 0.303125 0.05859375 0.28671875
7 0.95234375 0.78828125 0.059375 0.2765625
21 0.55390625 0.53046875 0.07109375 0.2828125
11 0.28125 0.33984375 0.05 0.27734375
2 0.33671875 0.38671875 0.0609375 0.28984375
3 0.89296875 0.746875 0.046875 0.2671875
1 0.38828125 0.4203125 0.0328125 0.27265625
7 0.775 0.67109375 0.05703125 0.28984375
2 0.834375 0.725 0.0578125 0.27109375
13 0.6125 0.5765625 0.053125 0.2734375
4 0.4828125 0.49453125 0.05546875 0.25703125
11 0.43046875 0.4546875 0.059375 0.2734375
28 0.184375 0.24765625 0.0640625 0.27109375
28 0.12890625 0.22734375 0.05390625 0.29453125
20 0.0640625 0.18515625 0.04765625 0.278125