1 0.6671875 0.61328125 0.0359375 0.26328125
8 0.715625 0.64296875 0.0546875 0.2671875
13 0.228125 0.30234375 0.05859375 0.2859375
7 0.95234375 0.78828125 0.059375 0.275
2 0.3375 0.3859375 0.0609375 0.28046875
11 0.28125 0.33828125 0.05 0.271875
1 0.3875 0.4171875 0.03515625 0.27109375
21 0.55546875 0.53125 0.06953125 0.27734375
3 0.8921875 0.746875 0.046875 0.26640625
2 0.8359375 0.72578125 0.06171875 0.28046875
20 0.06015625 0.184375 0.0453125 0.26328125
28 0.128125 0.2125 0.05859375 0.24375
28 0.18046875 0.2484375 0.05625 0.24375
11 0.43203125 0.4375 0.05625 0.26484375
4 0.48671875 0.4859375 0.05390625 0.25234375
13 0.61484375 0.56015625 0.05625 0.278125
7 0.7765625 0.67265625 0.05859375 0.2671875