2 0.38671875 0.49140625 0.046875 0.46328125
0 0.83359375 0.6125 0.05 0.4671875
7 0.88984375 0.62890625 0.046875 0.48046875
0 0.7296875 0.5828125 0.04765625 0.478125
31 0.071875 0.4171875 0.0625 0.50546875
6 0.33984375 0.47421875 0.053125 0.46796875
21 0.5640625 0.52421875 0.06328125 0.4609375
3 0.93671875 0.63046875 0.0453125 0.49921875
5 0.78203125 0.58828125 0.0453125 0.46640625
3 0.6796875 0.5609375 0.0484375 0.44453125
11 0.62578125 0.55 0.05234375 0.47578125
7 0.49609375 0.52109375 0.046875 0.46015625
13 0.4390625 0.4890625 0.05390625 0.4921875
7 0.284375 0.4546875 0.05 0.47578125
8 0.23515625 0.446875 0.053125 0.47109375
19 0.18515625 0.42890625 0.0640625 0.48671875
4 0.12890625 0.4046875 0.0515625 0.46015625