11 0.26484375 0.3578125 0.046875 0.3046875
0 0.6734375 0.584375 0.0515625 0.303125
2 0.48984375 0.46875 0.0546875 0.32265625
13 0.61875 0.54765625 0.05546875 0.309375
4 0.37578125 0.4140625 0.04609375 0.31328125
11 0.43125 0.43984375 0.05 0.31640625
26 0.171875 0.30234375 0.0421875 0.30703125
1 0.89609375 0.7171875 0.0375 0.3140625
2 0.325 0.39140625 0.05 0.31328125
5 0.73046875 0.61171875 0.05078125 0.31171875
7 0.9515625 0.7453125 0.0515625 0.30390625
21 0.55703125 0.50625 0.0625 0.3234375
13 0.215625 0.32734375 0.04921875 0.30859375
9 0.84375 0.68203125 0.04765625 0.3
4 0.78203125 0.65546875 0.05859375 0.31171875
28 0.115625 0.27578125 0.05625 0.29765625
20 0.06171875 0.2625 0.0375 0.2765625