2 0.71640625 0.584375 0.0515625 0.46953125
21 0.60390625 0.546875 0.06640625 0.4796875
5 0.94921875 0.63359375 0.0484375 0.44140625
13 0.6625 0.56015625 0.05078125 0.47890625
11 0.31171875 0.48671875 0.0546875 0.5265625
11 0.4796875 0.51796875 0.0546875 0.5015625
2 0.37109375 0.5046875 0.06171875 0.51953125
8 0.8171875 0.60703125 0.04609375 0.453125
28 0.1140625 0.4453125 0.0703125 0.5890625
20 0.04921875 0.43984375 0.05859375 0.575
2 0.86953125 0.62265625 0.053125 0.45078125
3 0.76640625 0.596875 0.0453125 0.4609375
13 0.24609375 0.46796875 0.0609375 0.54453125
8 0.53515625 0.5359375 0.0515625 0.4796875
26 0.18359375 0.45625 0.05390625 0.55859375
1 0.91328125 0.6296875 0.03125 0.44609375
1 0.425 0.5125 0.034375 0.5109375