0 0.78125 0.56875 0.04921875 0.49375
8 0.25078125 0.4453125 0.04609375 0.48828125
2 0.34921875 0.4734375 0.05 0.4890625
0 0.72890625 0.55390625 0.0484375 0.5109375
2 0.39921875 0.4890625 0.05 0.48125
4 0.13671875 0.42109375 0.05234375 0.5203125
3 0.88359375 0.60390625 0.04765625 0.4890625
9 0.6796875 0.54921875 0.05 0.49140625
8 0.50546875 0.5109375 0.04765625 0.47109375
6 0.940625 0.6125 0.0515625 0.48359375
6 0.83359375 0.5875 0.05078125 0.4859375
32 0.4515625 0.49296875 0.0546875 0.478125
6 0.30078125 0.46328125 0.04921875 0.4890625
11 0.62265625 0.54375 0.0546875 0.47421875
22 0.5625 0.52578125 0.05390625 0.4859375
19 0.19375 0.43828125 0.0609375 0.478125
31 0.07734375 0.39453125 0.06171875 0.52578125