32 0.0810185171875 0.45584045624999997 0.1215277765625 0.124643875 0.065827546875 0.08368945625 0.032552084375 0.42200854843749996 0.0810185171875 0.45584045624999997
9 0.13671875 0.49145299062500003 0.168547453125 0.135327634375 0.12080439843749999 0.117521365625 0.0860821765625 0.45049857656250003 0.13671875 0.49145299062500003
4 0.1902488421875 0.5163817640625 0.2242476859375 0.1727207984375 0.1721643515625 0.1371082640625 0.138165509375 0.4861111109375 0.1902488421875 0.5163817640625
4 0.44198495312499997 0.657051284375 0.47526041562500004 0.3080484328125 0.42028356406249995 0.27777777812500004 0.3899016203125 0.6214387453125 0.44198495312499997 0.657051284375
4 0.8159722234375 0.8671652406250001 0.8485243046875001 0.5128205140625 0.787760415625 0.48433048593750005 0.7588252328125 0.8368945859375 0.8159722234375 0.8671652406250001
23 0.24016203749999998 0.5448717937499999 0.2785011578125 0.20655270625000002 0.22858796250000002 0.1727207984375 0.19314236093749998 0.5146011390624999 0.24016203749999998 0.5448717937499999
15 0.2936921296875 0.569800571875 0.33203125 0.23148148124999998 0.27777777656249997 0.197649571875 0.24233217499999998 0.5377492890625 0.2936921296875 0.569800571875
8 0.3515625 0.60719373125 0.38628472343750003 0.2653133890625 0.3327546296875 0.23504273593749997 0.294415509375 0.5626780625000001 0.3515625 0.60719373125
8 0.9317129625 0.9366096875000001 0.9599247671875 0.5769230765625 0.910734953125 0.5448717937499999 0.8767361109375 0.89565526875 0.9317129625 0.9366096875000001
1 0.3884548609375 0.614316240625 0.42028356406249995 0.2724358984375 0.389178240625 0.258190884375 0.358072915625 0.60541310625 0.3884548609375 0.614316240625
11 0.49768518593750005 0.6837606828125 0.528790509375 0.3365384609375 0.47526041562500004 0.304487178125 0.44343171249999996 0.651709403125 0.49768518593750005 0.6837606828125
22 0.5555555546875001 0.717592590625 0.5895543984375 0.3721509953125 0.5266203703125 0.33297720625 0.49768518593750005 0.6766381781249999 0.5555555546875001 0.717592590625
24 0.6090856484375 0.7443019953125 0.638020834375 0.40598290312499996 0.5859375 0.3685897453125 0.5584490734374999 0.6997863265625 0.6090856484375 0.7443019953125
0 0.6720196765625001 0.785256409375 0.7002314828125 0.43091168281250003 0.6409143515625 0.404202278125 0.6105324078125001 0.7336182359375 0.6720196765625001 0.785256409375
1 0.7074652765625 0.804843303125 0.7378472234375 0.4629629609375 0.7038483796875 0.44337606718749994 0.6720196765625001 0.7727920234375001 0.7074652765625 0.804843303125
3 0.755208334375 0.8315527062499999 0.7863136578125001 0.47720797656249997 0.7414641203125 0.4611823359375 0.7081886578125001 0.7977207984375 0.755208334375 0.8315527062499999
2 0.8702256953124999 0.902777778125 0.9071180546875001 0.5448717937499999 0.847077546875 0.5181623937500001 0.8166956015625001 0.8778490046874999 0.8702256953124999 0.902777778125