29 0.134375 0.40625 0.08125 0.43671875
1 0.95390625 0.64921875 0.02578125 0.3859375
0 0.73984375 0.58984375 0.0421875 0.39140625
1 0.84609375 0.61796875 0.025 0.371875
8 0.20703125 0.43359375 0.04296875 0.39765625
0 0.6921875 0.57109375 0.04453125 0.403125
10 0.26171875 0.453125 0.05390625 0.415625
22 0.43359375 0.5015625 0.05234375 0.4046875
14 0.48828125 0.51640625 0.03984375 0.4015625
9 0.8984375 0.640625 0.0453125 0.38125
5 0.53828125 0.534375 0.0390625 0.39140625
30 0.06328125 0.3921875 0.0515625 0.42890625
17 0.640625 0.55390625 0.046875 0.41171875
20 0.58515625 0.5421875 0.03984375 0.40390625
9 0.79375 0.60390625 0.03828125 0.35703125
4 0.3765625 0.4984375 0.03984375 0.34765625
22 0.3234375 0.47109375 0.05234375 0.375