5 0.94453125 0.6296875 0.0453125 0.36796875
2 0.32734375 0.471875 0.0421875 0.35
0 0.6453125 0.55234375 0.04296875 0.35390625
0 0.69453125 0.56171875 0.0453125 0.35
14 0.2234375 0.43515625 0.05390625 0.375
5 0.3734375 0.47578125 0.040625 0.3625
29 0.153125 0.4140625 0.08125 0.39765625
30 0.08515625 0.40625 0.05703125 0.3859375
0 0.7390625 0.578125 0.04453125 0.35078125
1 0.7921875 0.59453125 0.03046875 0.353125
1 0.8875 0.6171875 0.0328125 0.365625
2 0.4703125 0.509375 0.0453125 0.3578125
21 0.584375 0.5203125 0.065625 0.3734375
11 0.52265625 0.5140625 0.05078125 0.375
3 0.84140625 0.60234375 0.0421875 0.3515625
1 0.41875 0.4984375 0.0296875 0.38671875
11 0.27421875 0.44375 0.05234375 0.36640625