29 0.1609375 0.43125 0.0890625 0.45
30 0.08671875 0.42578125 0.06640625 0.453125
1 0.74296875 0.534375 0.0375 0.41640625
14 0.2296875 0.44765625 0.06328125 0.43515625
1 0.4453125 0.4828125 0.04296875 0.425
4 0.39921875 0.47734375 0.0515625 0.425
1 0.49375 0.48671875 0.0453125 0.42734375
1 0.7921875 0.53828125 0.0390625 0.41640625
0 0.65234375 0.52265625 0.04921875 0.4234375
11 0.55 0.49609375 0.0640625 0.41953125
26 0.34765625 0.46328125 0.0546875 0.43203125
16 0.28671875 0.44921875 0.06796875 0.446875
20 0.6015625 0.50234375 0.0515625 0.42578125
0 0.69921875 0.528125 0.0515625 0.3828125
0 0.93125 0.56171875 0.04921875 0.39140625
8 0.83671875 0.5515625 0.0484375 0.37890625
8 0.8828125 0.546875 0.05078125 0.421875