0 0.66484375 0.56796875 0.05234375 0.34375
9 0.4484375 0.46640625 0.0515625 0.3390625
4 0.76953125 0.621875 0.0484375 0.33046875
32 0.08984375 0.28671875 0.04921875 0.3484375
0 0.29765625 0.38828125 0.053125 0.34765625
15 0.24453125 0.36328125 0.05234375 0.3625
16 0.14375 0.31640625 0.053125 0.34765625
15 0.19375 0.33671875 0.0515625 0.35546875
1 0.88359375 0.66953125 0.03125 0.30078125
7 0.34921875 0.41171875 0.0484375 0.34453125
30 0.04140625 0.26875 0.0546875 0.33125
10 0.39453125 0.43984375 0.05546875 0.34609375
10 0.5546875 0.521875 0.05703125 0.3640625
21 0.5015625 0.49453125 0.0609375 0.34609375
1 0.60625 0.55546875 0.0421875 0.315625
3 0.7171875 0.60859375 0.05078125 0.33125
9 0.82578125 0.65703125 0.05859375 0.30078125