32 0.09453125 0.28984375 0.0515625 0.3390625
0 0.66484375 0.5703125 0.05 0.33671875
9 0.44921875 0.46875 0.05078125 0.334375
0 0.296875 0.39140625 0.0515625 0.34453125
10 0.396875 0.4421875 0.046875 0.34921875
15 0.19375 0.33828125 0.05234375 0.3484375
15 0.2453125 0.36484375 0.0515625 0.35859375
16 0.14453125 0.31953125 0.05234375 0.33828125
1 0.87890625 0.6828125 0.0375 0.31171875
30 0.04375 0.26484375 0.0515625 0.34453125
4 0.771875 0.625 0.04453125 0.3109375
1 0.61171875 0.54921875 0.03671875 0.34609375
3 0.715625 0.603125 0.05078125 0.334375
7 0.3484375 0.421875 0.04609375 0.34609375
0 0.4984375 0.4875 0.05390625 0.33125
10 0.55390625 0.525 0.06171875 0.328125
9 0.825 0.65234375 0.05390625 0.309375