29 0.1234375 0.27421875 0.07578125 0.31484375
12 0.41484375 0.45078125 0.05078125 0.28515625
32 0.30546875 0.38671875 0.04921875 0.29140625
1 0.74296875 0.646875 0.03359375 0.27890625
0 0.9546875 0.7578125 0.04609375 0.28359375
8 0.19375 0.3203125 0.05 0.28984375
2 0.8484375 0.70625 0.0453125 0.296875
4 0.79765625 0.6765625 0.046875 0.28984375
0 0.69296875 0.60703125 0.05 0.290625
32 0.35703125 0.41875 0.04765625 0.29453125
32 0.52421875 0.5109375 0.046875 0.303125
32 0.24765625 0.35703125 0.0484375 0.30078125
16 0.640625 0.57421875 0.0515625 0.29609375
21 0.58046875 0.54453125 0.0578125 0.303125
9 0.8984375 0.73046875 0.04296875 0.284375
19 0.465625 0.48515625 0.04453125 0.31015625
30 0.05 0.24296875 0.06171875 0.284375