5 0.83984375 0.44609375 0.0421875 0.5140625
5 0.94453125 0.42578125 0.04296875 0.53046875
5 0.5046875 0.50859375 0.0453125 0.5234375
2 0.38984375 0.54375 0.0421875 0.50703125
4 0.121875 0.575 0.05 0.53359375
0 0.8921875 0.446875 0.040625 0.50625
13 0.44765625 0.52578125 0.0515625 0.528125
7 0.28515625 0.55390625 0.03984375 0.52109375
3 0.68125 0.47578125 0.04375 0.503125
0 0.784375 0.45625 0.04140625 0.49921875
0 0.73671875 0.465625 0.04296875 0.503125
8 0.2375 0.5609375 0.04296875 0.5203125
6 0.33984375 0.54609375 0.04375 0.5140625
11 0.62421875 0.484375 0.046875 0.5171875
22 0.56171875 0.4859375 0.05625 0.53671875
19 0.18046875 0.571875 0.06328125 0.5140625
31 0.0640625 0.5859375 0.059375 0.54140625