30 0.08534432812500001 0.225959903125 0.1113859953125 0.0662589171875 0.066536459375 0.025484201562499996 0.0441116890625 0.18008834375 0.08534432812500001 0.225959903125
29 0.1620225703125 0.28542303593749996 0.1873408578125 0.13591573437499999 0.1142795140625 0.0747536515625 0.0918547453125 0.22765885312499998 0.1620225703125 0.28542303593749996
8 0.211212384375 0.3295956515625 0.2314670140625 0.18518518281250002 0.1924045140625 0.1461094125 0.172149884375 0.2905198765625 0.211212384375 0.3295956515625
10 0.27052951406250003 0.37886510625 0.29006076406250003 0.22765885312499998 0.24304108750000003 0.1936799171875 0.2213397 0.3363914359375 0.27052951406250003 0.37886510625
12 0.3247829859375 0.42473666562499995 0.34865451406250003 0.28542303593749996 0.2980179390625 0.2378525328125 0.28210358750000003 0.37886510625 0.3247829859375 0.42473666562499995
2 0.3746961796875 0.470608225 0.3956741890625 0.31600407812500003 0.3522714125 0.2871219859375 0.333463540625 0.426435609375 0.3746961796875 0.470608225
22 0.42677951406250003 0.514780834375 0.45499132031249995 0.370370371875 0.4043547453125 0.32619775624999997 0.3848234953125 0.477404009375 0.42677951406250003 0.514780834375
17 0.4795862265625 0.56235134375 0.502734375 0.4111450921875 0.4578848375 0.37886510625 0.436906828125 0.516479784375 0.4795862265625 0.56235134375
5 0.5302228 0.6048250093750001 0.5526475703125 0.4672103296875 0.51069155 0.4298335046875 0.4882667828125 0.5555555546875001 0.5302228 0.6048250093750001
22 0.58881655 0.6608902484375 0.6119646984375 0.50798505 0.5606047453125 0.468909275 0.5396267359375 0.61162079375 0.58881655 0.6608902484375
19 0.6365596078125 0.696568128125 0.658984375 0.5470608218749999 0.619921875 0.516479784375 0.5974971078125 0.659191303125 0.6365596078125 0.696568128125
1 0.6835792828125 0.730547059375 0.705280671875 0.5861365968750001 0.674175346875 0.5640502890625 0.6568142359375 0.7101597015625 0.6835792828125 0.730547059375
1 0.794256365625 0.8239891281249999 0.816681134375 0.68637445 0.783405671875 0.6540944640624999 0.7660445609375001 0.7917091421875 0.794256365625 0.8239891281249999
1 0.9497829859375001 0.79680598125 0.9251880781249999 0.946313284375 0.9620804390625001 0.976894325 0.9845052093750001 0.8188922890624999 0.9497829859375001 0.79680598125
8 0.912890625 0.9395175 0.9316984953125 0.7798165140625 0.8940827546874999 0.7458375828125 0.8673177093750001 0.900441725 0.912890625 0.9395175
8 0.854296875 0.8834522609375 0.881061921875 0.7322460093750001 0.8354890046874999 0.6914712890625 0.8108940984374999 0.8460754312500001 0.854296875 0.8834522609375
0 0.7428964125 0.7866122984375 0.769661459375 0.6337071015625 0.7269820609375001 0.6048250093750001 0.7009403921875 0.75942915625 0.7428964125 0.7866122984375