2 0.27734375 0.496875 0.05234375 0.49921875
4 0.38046875 0.490625 0.053125 0.49921875
0 0.3328125 0.4921875 0.05 0.50234375
13 0.15859375 0.49453125 0.06484375 0.5109375
9 0.73671875 0.50546875 0.04765625 0.5
2 0.83828125 0.4984375 0.046875 0.49453125
10 0.63828125 0.49765625 0.05390625 0.49609375
8 0.69140625 0.49765625 0.046875 0.49921875
1 0.5375 0.4984375 0.03125 0.49140625
6 0.790625 0.50078125 0.046875 0.49296875
6 0.94453125 0.48828125 0.053125 0.4734375
7 0.88828125 0.49296875 0.05 0.49375
1 0.5875 0.49921875 0.0328125 0.4859375
3 0.48359375 0.4875 0.04765625 0.496875
0 0.4296875 0.48984375 0.0515625 0.49375
13 0.21796875 0.48984375 0.06171875 0.51015625
29 0.08359375 0.49609375 0.0890625 0.49765625