8 0.371875 0.46328125 0.046875 0.39296875
5 0.7421875 0.51875 0.04609375 0.40234375
0 0.64921875 0.50859375 0.046875 0.39765625
14 0.21953125 0.43828125 0.05234375 0.40390625
7 0.7875 0.52578125 0.04453125 0.40234375
10 0.47265625 0.4765625 0.05703125 0.39765625
0 0.69453125 0.5140625 0.04609375 0.39921875
29 0.15234375 0.42734375 0.08046875 0.4140625
5 0.834375 0.53046875 0.04921875 0.3984375
1 0.41953125 0.4734375 0.03515625 0.39609375
30 0.0890625 0.4140625 0.0578125 0.415625
21 0.59140625 0.4953125 0.06328125 0.41171875
5 0.88359375 0.5390625 0.046875 0.39375
11 0.52890625 0.4796875 0.05625 0.40703125
8 0.92890625 0.55703125 0.04453125 0.4015625
17 0.32109375 0.46015625 0.05703125 0.3703125
23 0.2671875 0.4390625 0.046875 0.37890625