9 0.815625 0.45390625 0.04921875 0.478125
0 0.9234375 0.42578125 0.05078125 0.48046875
10 0.59609375 0.490625 0.05078125 0.4796875
10 0.4375 0.515625 0.04765625 0.50546875
16 0.1765625 0.5765625 0.05078125 0.475
2 0.7578125 0.4640625 0.05390625 0.48203125
4 0.384375 0.5328125 0.05234375 0.4890625
1 0.70234375 0.4734375 0.040625 0.475
6 0.6515625 0.48046875 0.05625 0.48515625
0 0.334375 0.540625 0.05390625 0.4828125
30 0.4859375 0.51328125 0.053125 0.5
15 0.27890625 0.55390625 0.0484375 0.48515625
32 0.12578125 0.58515625 0.05078125 0.48125
6 0.86953125 0.43515625 0.053125 0.4875
14 0.23046875 0.56171875 0.05078125 0.484375
30 0.07890625 0.59296875 0.05 0.48671875
21 0.53984375 0.50078125 0.0625 0.51015625