30 0.046296296875 0.0591347640625 0.020978009375000002 0.19296607500000001 0.0687210640625 0.2303143484375 0.0940393515625 0.0995953953125 0.046296296875 0.0591347640625
29 0.0940393515625 0.1027077484375 0.0694444453125 0.2303143484375 0.1453993046875 0.2956738234375 0.16782407500000002 0.1571739796875 0.0940393515625 0.1027077484375
8 0.1699942125 0.15873015937499999 0.14322916562500002 0.29878618125 0.19314236093749998 0.3408029875 0.21773726718750003 0.2038593234375 0.1699942125 0.15873015937499999
8 0.8174189828125 0.7002801140625 0.7892071765625001 0.8356676015625 0.8340567125 0.8807967640625 0.8622685171875 0.7329598484375001 0.8174189828125 0.7002801140625
32 0.2199074078125 0.20697167656249998 0.19748263906250002 0.348583878125 0.24233217499999998 0.3859321515625 0.2705439828125 0.25054466406250003 0.2199074078125 0.20697167656249998
32 0.271990740625 0.2458761296875 0.24594907500000002 0.3890445078125 0.2951388890625 0.42483660156249997 0.320457175 0.2847805796875 0.271990740625 0.2458761296875
32 0.3211805546875 0.29100529062499997 0.2965856484375 0.42172424375000006 0.344328703125 0.4621848734375 0.3718171296875 0.336134453125 0.3211805546875 0.29100529062499997
32 0.5049189828125 0.60068471875 0.5302372671875 0.46374105 0.47743055468750006 0.4123871765625 0.4528356484375 0.5571117359375 0.5049189828125 0.60068471875
12 0.3761574078125 0.333022096875 0.3493923609375 0.47463429843749994 0.40002893593750005 0.5088702140625 0.4260706015625 0.3781512609375 0.3761574078125 0.333022096875
19 0.4289641203125 0.3781512609375 0.40364583437499996 0.5166511046875 0.44921875 0.56178026875 0.47453703750000004 0.41083100000000006 0.4289641203125 0.3781512609375
21 0.52734375 0.45440398281250005 0.5056423609375 0.596016184375 0.5707465265625 0.6644880171875001 0.5996817125 0.5088702140625 0.52734375 0.45440398281250005
16 0.6011284734375 0.51820728125 0.5765335640625 0.6644880171875001 0.6278935171875 0.7111733578125 0.6488715265625 0.5633364453125 0.6011284734375 0.51820728125
0 0.6539351859375 0.566448803125 0.6300636578125001 0.7049486468749999 0.6814236109375 0.7454092734375 0.703125 0.6084656093749999 0.6539351859375 0.566448803125
2 0.7060185171875 0.6084656093749999 0.6843171296875 0.7454092734375 0.7327835640625 0.782757546875 0.7515914359375 0.6489262359375 0.7060185171875 0.6084656093749999
4 0.76171875 0.6442577015625 0.735677084375 0.7858699031249999 0.7848668984375 0.8294428859374999 0.807291665625 0.68471833125 0.76171875 0.6442577015625
6 0.8629918984374999 0.7376283859375 0.8376736109375 0.8854652984375001 0.891927084375 0.9259259249999999 0.9143518515625001 0.7780890125 0.8629918984374999 0.7376283859375
2 0.91796875 0.7889822609375 0.8977141203125001 0.9165888578124999 0.9396701390625 0.9710550874999999 0.9599247671875 0.8185496421874999 0.91796875 0.7889822609375