11 0.5171875 0.51640625 0.05703125 0.38125
29 0.146875 0.56328125 0.0796875 0.39453125
0 0.68828125 0.48828125 0.04296875 0.37578125
8 0.93125 0.45625 0.040625 0.3671875
12 0.63515625 0.4953125 0.05625 0.38046875
4 0.365625 0.5375 0.046875 0.38671875
6 0.46640625 0.5234375 0.046875 0.38046875
14 0.21796875 0.56015625 0.05546875 0.38984375
30 0.07734375 0.57265625 0.05625 0.3953125
0 0.7828125 0.47890625 0.04375 0.36640625
7 0.83125 0.465625 0.040625 0.378125
1 0.41640625 0.52890625 0.03359375 0.38046875
1 0.8796875 0.46484375 0.028125 0.37265625
2 0.321875 0.5546875 0.0453125 0.3796875
0 0.73046875 0.48203125 0.04296875 0.37109375
20 0.57421875 0.49921875 0.05 0.39140625
20 0.26875 0.5453125 0.0578125 0.41640625