12 0.63515625 0.4953125 0.0609375 0.4078125
4 0.36640625 0.5375 0.05234375 0.41171875
8 0.93046875 0.45546875 0.0453125 0.3953125
14 0.2171875 0.56171875 0.05703125 0.4109375
11 0.5171875 0.515625 0.0609375 0.40703125
7 0.83203125 0.46640625 0.04609375 0.4015625
30 0.07578125 0.57421875 0.0609375 0.4078125
0 0.68828125 0.48671875 0.04765625 0.3984375
29 0.1453125 0.56640625 0.08359375 0.41328125
1 0.88203125 0.46484375 0.0359375 0.4
6 0.46640625 0.52421875 0.0484375 0.403125
0 0.7828125 0.47578125 0.04609375 0.39375
1 0.415625 0.52890625 0.040625 0.4109375
2 0.321875 0.553125 0.05078125 0.4046875
0 0.73125 0.48046875 0.04453125 0.39296875
20 0.5765625 0.50390625 0.053125 0.41328125
20 0.2671875 0.546875 0.05703125 0.3953125