29 0.1515625 0.55703125 0.084375 0.4515625
1 0.41484375 0.51953125 0.034375 0.4375
11 0.52890625 0.503125 0.04921875 0.44296875
11 0.31953125 0.52890625 0.0515625 0.43671875
0 0.7328125 0.47109375 0.0453125 0.43046875
30 0.0828125 0.56796875 0.05703125 0.45703125
0 0.690625 0.4796875 0.04375 0.43046875
0 0.6421875 0.4859375 0.04453125 0.428125
8 0.36640625 0.5234375 0.04609375 0.43046875
2 0.83203125 0.4625 0.0453125 0.43125
14 0.2203125 0.553125 0.04921875 0.43671875
7 0.878125 0.45390625 0.04453125 0.44375
22 0.5859375 0.49140625 0.053125 0.440625
2 0.9296875 0.45078125 0.0453125 0.4328125
1 0.78046875 0.4734375 0.03359375 0.44296875
13 0.46875 0.50546875 0.05390625 0.44453125
18 0.2640625 0.53515625 0.04375 0.4390625