29 0.15234375 0.55234375 0.08203125 0.44296875
11 0.5296875 0.50234375 0.05078125 0.43359375
8 0.3671875 0.525 0.0453125 0.421875
1 0.41640625 0.5203125 0.034375 0.43203125
11 0.315625 0.534375 0.0515625 0.43125
0 0.6421875 0.4859375 0.04296875 0.415625
2 0.8328125 0.46484375 0.0453125 0.421875
0 0.6875 0.48203125 0.04375 0.4125
30 0.08359375 0.56015625 0.05546875 0.43828125
0 0.7328125 0.4703125 0.04453125 0.41484375
22 0.58671875 0.4828125 0.0515625 0.4265625
14 0.2203125 0.5484375 0.0484375 0.4359375
7 0.87890625 0.45 0.0453125 0.42734375
1 0.7796875 0.47265625 0.0328125 0.428125
2 0.9265625 0.43984375 0.0453125 0.41875
13 0.46953125 0.50859375 0.053125 0.43359375
18 0.26640625 0.53515625 0.04765625 0.4296875