5 0.815625 0.51484375 0.05078125 0.62890625
2 0.26328125 0.4875 0.0453125 0.56796875
5 0.3171875 0.48359375 0.04453125 0.56953125
4 0.934375 0.5296875 0.0515625 0.61875
9 0.1109375 0.48515625 0.04296875 0.55859375
9 0.75390625 0.51328125 0.0515625 0.61015625
11 0.47265625 0.49375 0.05078125 0.58203125
32 0.06015625 0.48359375 0.04609375 0.57109375
6 0.69375 0.51328125 0.05 0.5984375
24 0.58203125 0.50390625 0.05390625 0.60546875
1 0.3640625 0.49296875 0.03125 0.56953125
22 0.5234375 0.49453125 0.0484375 0.59375
4 0.16171875 0.4859375 0.04140625 0.55859375
10 0.41796875 0.4921875 0.05 0.57421875
7 0.8734375 0.5171875 0.05078125 0.6421875
1 0.640625 0.5109375 0.03515625 0.61796875
12 0.2078125 0.49296875 0.05390625 0.57265625