0 0.7359375 0.49375 0.04765625 0.47421875
14 0.21171875 0.5421875 0.05390625 0.51953125
2 0.328125 0.53203125 0.04921875 0.4984375
9 0.82890625 0.49140625 0.046875 0.465625
11 0.52109375 0.51484375 0.0578125 0.49375
0 0.6890625 0.50390625 0.0484375 0.47265625
16 0.2703125 0.53359375 0.0640625 0.5078125
3 0.8796875 0.48359375 0.046875 0.46484375
5 0.78125 0.49296875 0.04609375 0.471875
21 0.5796875 0.5 0.0703125 0.49140625
30 0.07578125 0.5578125 0.06328125 0.52109375
4 0.37265625 0.5296875 0.05234375 0.49609375
29 0.14609375 0.5484375 0.0890625 0.52109375
2 0.928125 0.4875 0.05078125 0.4609375
1 0.41875 0.52421875 0.03671875 0.49609375
0 0.64375 0.5046875 0.046875 0.475
4 0.4640625 0.5171875 0.0515625 0.496875