9 0.9296875 0.65234375 0.05390625 0.4171875
11 0.2828125 0.4421875 0.0484375 0.4328125
1 0.38515625 0.47421875 0.0328125 0.43984375
21 0.54765625 0.52578125 0.0671875 0.45625
2 0.66640625 0.56875 0.05546875 0.44375
13 0.23359375 0.4296875 0.053125 0.43984375
2 0.3390625 0.46953125 0.05390625 0.43046875
9 0.759375 0.59765625 0.05078125 0.4421875
13 0.609375 0.5359375 0.05546875 0.4453125
0 0.87421875 0.6328125 0.0515625 0.42578125
2 0.8171875 0.6140625 0.0546875 0.4390625
7 0.48671875 0.5015625 0.05625 0.45703125
28 0.1234375 0.39296875 0.05546875 0.4546875
28 0.18046875 0.409375 0.05546875 0.45625
20 0.07734375 0.38359375 0.0453125 0.4421875
11 0.43125 0.4796875 0.0484375 0.43515625
1 0.7140625 0.5625 0.0375 0.45078125