9 0.9296875 0.653125 0.053125 0.42109375
11 0.2828125 0.44140625 0.04765625 0.43125
1 0.384375 0.47265625 0.03203125 0.4359375
21 0.5484375 0.5265625 0.065625 0.45703125
13 0.23359375 0.4296875 0.05234375 0.43984375
2 0.66640625 0.5703125 0.0546875 0.44765625
2 0.3390625 0.46875 0.053125 0.42421875
13 0.6109375 0.5515625 0.05234375 0.44375
9 0.75859375 0.59921875 0.05 0.4453125
0 0.8734375 0.63046875 0.05078125 0.428125
7 0.4875 0.50234375 0.05546875 0.45546875
2 0.81640625 0.61484375 0.0546875 0.440625
28 0.1234375 0.3921875 0.05546875 0.45859375
20 0.0765625 0.384375 0.04453125 0.44296875
28 0.1796875 0.40859375 0.0546875 0.45859375
1 0.71328125 0.5828125 0.0375 0.4546875
11 0.42890625 0.4875 0.053125 0.4546875