9 0.93125 0.65078125 0.05390625 0.44140625
1 0.38515625 0.475 0.0296875 0.44453125
21 0.546875 0.52265625 0.06640625 0.4625
2 0.66640625 0.56328125 0.05625 0.4546875
2 0.340625 0.4640625 0.05546875 0.43984375
0 0.86796875 0.6265625 0.053125 0.4484375
2 0.81640625 0.6109375 0.05390625 0.4546875
9 0.75625 0.59765625 0.05234375 0.45625
13 0.60703125 0.5375 0.053125 0.459375
11 0.428125 0.49375 0.0546875 0.45
7 0.48671875 0.5 0.053125 0.459375
1 0.71171875 0.58828125 0.03671875 0.45078125
11 0.28203125 0.4421875 0.05234375 0.44375
13 0.22890625 0.43125 0.05390625 0.44375
20 0.0734375 0.37734375 0.04375 0.4765625
28 0.12421875 0.38671875 0.05546875 0.465625
28 0.1765625 0.4015625 0.05703125 0.44375