9 0.86640625 0.57109375 0.0546875 0.49765625
0 0.66875 0.52578125 0.046875 0.49453125
0 0.7171875 0.53046875 0.053125 0.5015625
0 0.45390625 0.4875 0.04921875 0.4953125
30 0.15 0.421875 0.06796875 0.50859375
5 0.91640625 0.57734375 0.05234375 0.49921875
21 0.0859375 0.41875 0.07109375 0.51328125
1 0.8171875 0.57421875 0.0390625 0.51015625
10 0.39921875 0.47734375 0.06015625 0.48984375
0 0.5 0.48984375 0.053125 0.503125
2 0.246875 0.45703125 0.05390625 0.490625
3 0.29375 0.4390625 0.0515625 0.49375
21 0.55625 0.503125 0.0640625 0.515625
3 0.7671875 0.546875 0.05078125 0.49609375
19 0.6203125 0.5140625 0.059375 0.5015625
11 0.3453125 0.45390625 0.05078125 0.478125
1 0.2 0.4359375 0.046875 0.5140625