8 0.32109375 0.4109375 0.04921875 0.41484375
2 0.703125 0.56640625 0.0484375 0.43203125
22 0.5359375 0.496875 0.05390625 0.43125
9 0.94375 0.66484375 0.05390625 0.43984375
23 0.21875 0.359375 0.05078125 0.4140625
9 0.11484375 0.3140625 0.05 0.4
11 0.48125 0.47421875 0.053125 0.42734375
24 0.59140625 0.5125 0.0546875 0.43125
6 0.878125 0.64609375 0.0515625 0.4421875
0 0.646875 0.5453125 0.0546875 0.43515625
4 0.16640625 0.3328125 0.04609375 0.4078125
2 0.76015625 0.59375 0.05546875 0.4390625
7 0.8203125 0.6140625 0.05234375 0.45546875
32 0.06171875 0.2890625 0.059375 0.421875
5 0.425 0.4546875 0.04765625 0.41171875
15 0.26875 0.38984375 0.059375 0.4140625
1 0.37421875 0.4234375 0.0359375 0.38046875