10 0.44453125 0.50390625 0.05546875 0.6453125
9 0.8375 0.53203125 0.0484375 0.65
8 0.69375 0.51953125 0.05390625 0.65625
30 0.07890625 0.48046875 0.0578125 0.64296875
16 0.19453125 0.49140625 0.05703125 0.6421875
0 0.740625 0.52109375 0.05390625 0.65234375
2 0.8859375 0.5375 0.04375 0.65234375
32 0.13359375 0.48515625 0.05859375 0.63359375
15 0.25078125 0.49453125 0.04921875 0.65859375
21 0.56484375 0.509375 0.08125 0.63984375
4 0.9328125 0.53671875 0.05234375 0.653125
14 0.30390625 0.4953125 0.05234375 0.65703125
7 0.7921875 0.53125 0.0453125 0.65234375
10 0.63828125 0.515625 0.05390625 0.64375
7 0.5015625 0.51640625 0.04765625 0.64765625
4 0.39296875 0.49296875 0.04453125 0.63125
0 0.34765625 0.49140625 0.04296875 0.60859375