2 0.36640625 0.53671875 0.04140625 0.53984375
8 0.19765625 0.55 0.04296875 0.5328125
22 0.584375 0.50390625 0.05 0.56015625
30 0.05703125 0.55546875 0.05 0.54453125
6 0.8484375 0.471875 0.04296875 0.53203125
2 0.9546875 0.4625 0.0453125 0.54296875
10 0.25234375 0.54140625 0.05078125 0.54765625
29 0.125 0.55234375 0.07109375 0.53828125
0 0.74375 0.490625 0.04453125 0.54609375
12 0.315625 0.54140625 0.046875 0.54140625
1 0.6890625 0.49375 0.03125 0.553125
22 0.41953125 0.52890625 0.0484375 0.55234375
17 0.4734375 0.52265625 0.04375 0.55546875
0 0.8984375 0.471875 0.03984375 0.5390625
1 0.79921875 0.48125 0.034375 0.53828125
8 0.52890625 0.51328125 0.03828125 0.546875
19 0.6359375 0.5015625 0.04765625 0.5171875