32 0.0730613421875 0.0420507859375 0.0347222234375 0.3525796546875 0.084635415625 0.3881610875 0.129484953125 0.0841015671875 0.0730613421875 0.0420507859375
9 0.1258680546875 0.08895358125 0.0882523140625 0.3768397203125 0.13671875 0.41889050625 0.1721643515625 0.12130034062499999 0.1258680546875 0.08895358125
9 0.8572048609375 0.582241628125 0.8203125 0.8830664718750001 0.872395834375 0.92188258125 0.9100115734375 0.6145883890625 0.8572048609375 0.582241628125
4 0.177228009375 0.11968300000000001 0.138165509375 0.42697719687499996 0.1866319453125 0.4609412921875 0.2293113421875 0.15202975937500002 0.177228009375 0.11968300000000001
16 0.2336516203125 0.1552644359375 0.1924189828125 0.4593239515625 0.24811921250000002 0.49975739687500004 0.285011575 0.19084586875 0.2336516203125 0.1552644359375
2 0.285734953125 0.1924632046875 0.247395834375 0.504609415625 0.2951388890625 0.5401908468750001 0.3370949078125 0.22157528750000002 0.285734953125 0.1924632046875
8 0.33637152656249997 0.219957946875 0.29730902656249997 0.5418081828125 0.3457754625 0.569302925 0.3884548609375 0.25877405625 0.33637152656249997 0.219957946875
1 0.392071759375 0.260391396875 0.3573495375 0.5806242921875 0.3804976859375 0.59518033125 0.4260706015625 0.27979945 0.392071759375 0.260391396875
3 0.42317708437499996 0.2830341265625 0.3848379625 0.5935629953125 0.4296875 0.6210577374999999 0.4658564828125 0.31052886874999996 0.42317708437499996 0.2830341265625
3 0.6401909734375 0.4302118734375 0.6032986109375 0.7472100921875 0.6488715265625 0.776322175 0.6929976859375 0.4609412921875 0.6401909734375 0.4302118734375
11 0.4716435171875 0.31052886874999996 0.4340277765625 0.6275270921875 0.4832175921875 0.6647258609375 0.5244502328125 0.349344978125 0.4716435171875 0.31052886874999996
21 0.525896990625 0.3477276421875 0.486834490625 0.6695778734375 0.5425347234375 0.7100113234375 0.5866608796875 0.3849264109375 0.525896990625 0.3477276421875
24 0.5881076390625 0.3881610875 0.545428240625 0.70354196875 0.5953414359375 0.7407407421875 0.6358506953124999 0.4302118734375 0.5881076390625 0.3881610875
5 0.6944444453124999 0.46417596562499996 0.6481481484375 0.776322175 0.703125 0.8167556203125 0.7443576390625 0.49328804843749996 0.6944444453124999 0.46417596562499996
5 0.877459490625 0.92673459375 0.924479165625 0.9720200562500001 0.9707754625 0.6582565109375 0.9121817125 0.622675078125 0.877459490625 0.92673459375
0 0.7060185171875 0.8102862703125 0.760271990625 0.85880640625 0.8036747671875 0.53857350625 0.7450810171875 0.49975739687500004 0.7060185171875 0.8102862703125
0 0.8015046296874999 0.5434255203125 0.7588252328125 0.8474850390625001 0.8174189828125 0.8976225156250001 0.8535879625 0.572537603125 0.8015046296874999 0.5434255203125