2 0.3484375 0.58125 0.0625 0.34609375
2 0.66875 0.44765625 0.0609375 0.35078125
13 0.6171875 0.46640625 0.06015625 0.3546875
4 0.7734375 0.39765625 0.05390625 0.34375
13 0.23125 0.6078125 0.06328125 0.3546875
21 0.55234375 0.4921875 0.0765625 0.36328125
5 0.865625 0.3578125 0.05625 0.3515625
1 0.81875 0.37578125 0.040625 0.34609375
28 0.17734375 0.6390625 0.0640625 0.35625
0 0.7203125 0.4078125 0.05 0.334375
11 0.29453125 0.59140625 0.05859375 0.35546875
28 0.1140625 0.665625 0.059375 0.36328125
11 0.4421875 0.53515625 0.059375 0.36171875
6 0.91328125 0.33671875 0.05625 0.33359375
3 0.4890625 0.5109375 0.05859375 0.36015625
1 0.3953125 0.54296875 0.04375 0.3453125
20 0.071875 0.6765625 0.06015625 0.36015625