8 0.20703125 0.45234375 0.03828125 0.45
29 0.13515625 0.4359375 0.07109375 0.47890625
2 0.90234375 0.58828125 0.0390625 0.43046875
30 0.0640625 0.4296875 0.04375 0.48515625
2 0.37890625 0.48125 0.0375 0.45234375
7 0.79921875 0.5609375 0.0390625 0.43671875
0 0.84921875 0.5703125 0.0390625 0.4328125
3 0.9578125 0.59609375 0.0421875 0.434375
0 0.746875 0.5546875 0.04140625 0.43359375
14 0.48515625 0.48984375 0.0375 0.4421875
0 0.69453125 0.54140625 0.04453125 0.4390625
10 0.2625 0.46484375 0.04921875 0.4640625
6 0.53515625 0.5109375 0.03828125 0.43984375
22 0.325 0.46875 0.04453125 0.4734375
22 0.43125 0.48359375 0.0453125 0.42578125
15 0.5859375 0.51953125 0.034375 0.4421875
17 0.63984375 0.5390625 0.0453125 0.44765625