2 0.3453125 0.51015625 0.05 0.58046875
0 0.87421875 0.51328125 0.0484375 0.59921875
21 0.56484375 0.503125 0.06796875 0.5921875
8 0.246875 0.5046875 0.04609375 0.584375
0 0.92890625 0.5125 0.0515625 0.60625
0 0.7296875 0.5125 0.04765625 0.58046875
4 0.82578125 0.51171875 0.04921875 0.59453125
4 0.13359375 0.5046875 0.05234375 0.59453125
2 0.39609375 0.50625 0.04765625 0.59453125
6 0.29765625 0.50390625 0.04921875 0.5984375
9 0.7765625 0.509375 0.04765625 0.5953125
31 0.0765625 0.496875 0.0578125 0.61953125
9 0.678125 0.51328125 0.04921875 0.5828125
11 0.63046875 0.50625 0.053125 0.6015625
19 0.19453125 0.5015625 0.06171875 0.59140625
4 0.49921875 0.5171875 0.0453125 0.55078125
32 0.446875 0.5125 0.0546875 0.55078125