4 0.36484375 0.49453125 0.05546875 0.42109375
13 0.61640625 0.55703125 0.05546875 0.41640625
21 0.54921875 0.5390625 0.06953125 0.42734375
2 0.3078125 0.48046875 0.05703125 0.43359375
2 0.67421875 0.57109375 0.05390625 0.40859375
13 0.19453125 0.43828125 0.05625 0.43515625
7 0.73359375 0.58046875 0.05234375 0.41875
8 0.91328125 0.6265625 0.05546875 0.41640625
7 0.84921875 0.59609375 0.0515625 0.4171875
7 0.48671875 0.528125 0.05703125 0.4234375
28 0.078125 0.4140625 0.0546875 0.40859375
11 0.42421875 0.5078125 0.05390625 0.41484375
20 0.02109375 0.4 0.0421875 0.471875
5 0.97265625 0.6359375 0.0515625 0.415625
0 0.79296875 0.590625 0.0515625 0.409375
28 0.1359375 0.42734375 0.06015625 0.4203125
11 0.24765625 0.45390625 0.0484375 0.40234375