5 0.89453125 0.675 0.0421875 0.35546875
29 0.121875 0.34453125 0.075 0.38828125
1 0.740625 0.6171875 0.028125 0.3484375
12 0.40859375 0.4765625 0.0484375 0.35078125
8 0.95078125 0.6953125 0.04375 0.3359375
8 0.19140625 0.384375 0.04140625 0.3484375
32 0.3515625 0.44375 0.046875 0.375
32 0.24140625 0.40625 0.04375 0.3703125
32 0.51640625 0.521875 0.0453125 0.36640625
32 0.3 0.425 0.04296875 0.38046875
30 0.05234375 0.31171875 0.05390625 0.38125
2 0.84375 0.65703125 0.04296875 0.35
0 0.68515625 0.59765625 0.0453125 0.34921875
0 0.79375 0.63359375 0.0421875 0.353125
19 0.459375 0.49375 0.04375 0.334375
22 0.57265625 0.5578125 0.04921875 0.35859375
16 0.6296875 0.58515625 0.0484375 0.35078125