20 0.05 0.19710144999999998 0.07265625 0.0710144921875 0.01875 0.027536231249999998 0.003125 0.1550724640625 0.05 0.19710144999999998
25 0.10234375 0.23623188437499998 0.1265625 0.1159420296875 0.071875 0.0681159421875 0.05078125 0.1942028984375 0.10234375 0.23623188437499998
5 0.14609375 0.27681159375000003 0.171875 0.1492753625 0.1296875 0.1159420296875 0.10234375 0.23768115937499998 0.14609375 0.27681159375000003
10 0.203125 0.32318840625 0.22421875 0.189855071875 0.17265625 0.14782608749999998 0.1484375 0.27536231875 0.203125 0.32318840625
10 0.61640625 0.663768115625 0.64140625 0.5289855078125 0.58671875 0.4797101453125 0.55703125 0.610144928125 0.61640625 0.663768115625
3 0.24453125 0.3536231890625 0.271875 0.23188405781250002 0.22890625 0.19855072499999998 0.2046875 0.32318840625 0.24453125 0.3536231890625
3 0.79921875 0.8057971015625001 0.85390625 0.8521739125 0.8796875 0.7188405796875 0.8265625 0.67681159375 0.79921875 0.8057971015625001
13 0.31015625 0.410144928125 0.3359375 0.2826086953125 0.2796875 0.234782609375 0.253125 0.36666666718749996 0.31015625 0.410144928125
14 0.37109375 0.45942029062499995 0.396875 0.3333333328125 0.34296875 0.288405796875 0.32109375 0.41739130468749996 0.37109375 0.45942029062499995
14 0.42890625 0.5072463765624999 0.4578125 0.3840579703125 0.403125 0.33623188437499996 0.37578125 0.46666666718750005 0.42890625 0.5072463765624999
8 0.48046875 0.5478260875000001 0.50625 0.42173912968750005 0.4609375 0.385507246875 0.43515625 0.5159420296875 0.48046875 0.5478260875000001
21 0.55390625 0.6043478265625 0.58125 0.4840579703125 0.51875 0.43043478281249997 0.49375 0.5550724640625 0.55390625 0.6043478265625
0 0.67109375 0.7072463765625 0.70078125 0.57681159375 0.6546875 0.536231884375 0.6265625 0.6681159421875 0.67109375 0.7072463765625
0 0.73125 0.7550724640625 0.75703125 0.6246376812500001 0.71484375 0.585507246875 0.6875 0.7086956515625 0.73125 0.7550724640625
0 0.79140625 0.8 0.81796875 0.6710144921875 0.76796875 0.6304347828125 0.7421875 0.7579710140625 0.79140625 0.8
0 0.91484375 0.901449275 0.9390625 0.7710144921875 0.88515625 0.7289855078125 0.8609375 0.8579710140625 0.91484375 0.901449275
2 0.9796875 0.9521739124999999 1 0.8202898546874999 0.95 0.77681159375 0.925 0.9115942031250001 0.9796875 0.9521739124999999