8 0.18828125 0.465625 0.0421875 0.4828125
4 0.3640625 0.4890625 0.0484375 0.51171875
1 0.69453125 0.56484375 0.03359375 0.50390625
30 0.04375 0.43203125 0.04765625 0.51484375
0 0.7453125 0.58671875 0.0421875 0.4921875
29 0.115625 0.4421875 0.071875 0.51171875
3 0.95703125 0.6375 0.040625 0.49921875
10 0.2453125 0.47265625 0.0546875 0.49921875
22 0.5859375 0.5359375 0.05 0.50234375
6 0.9 0.63046875 0.04375 0.49296875
17 0.4765625 0.51171875 0.04296875 0.50703125
0 0.84921875 0.61171875 0.0421875 0.48359375
16 0.31015625 0.4828125 0.0484375 0.50546875
19 0.63984375 0.55234375 0.04375 0.50546875
9 0.53046875 0.5265625 0.0421875 0.48828125
22 0.42109375 0.49375 0.05078125 0.49375
2 0.7984375 0.61171875 0.04375 0.5171875