8 0.184375 0.475 0.04140625 0.4921875
4 0.3640625 0.49453125 0.04765625 0.503125
3 0.95625 0.63984375 0.040625 0.4890625
1 0.6953125 0.56015625 0.03359375 0.49921875
30 0.04453125 0.4265625 0.0453125 0.5140625
22 0.5859375 0.5375 0.05 0.50703125
29 0.115625 0.44609375 0.0703125 0.5109375
0 0.7453125 0.590625 0.040625 0.4796875
6 0.89921875 0.63046875 0.04453125 0.48515625
2 0.79921875 0.60390625 0.04296875 0.47265625
10 0.24453125 0.47265625 0.05546875 0.5046875
16 0.30625 0.48828125 0.0484375 0.51171875
22 0.42421875 0.4953125 0.046875 0.50390625
9 0.53203125 0.5296875 0.040625 0.49765625
17 0.478125 0.50859375 0.04296875 0.51171875
0 0.8484375 0.6125 0.03984375 0.47421875
19 0.63984375 0.55859375 0.04375 0.5171875