1 0.69375 0.5640625 0.034375 0.5203125
8 0.184375 0.4703125 0.0421875 0.509375
10 0.24296875 0.47421875 0.05078125 0.50859375
4 0.3625 0.50390625 0.04609375 0.51640625
0 0.74453125 0.5859375 0.04375 0.51015625
3 0.95703125 0.6375 0.0421875 0.509375
30 0.04296875 0.453125 0.04453125 0.509375
29 0.1171875 0.4578125 0.07890625 0.51953125
22 0.5875 0.53515625 0.04921875 0.51796875
22 0.421875 0.5 0.0484375 0.5328125
6 0.89921875 0.63515625 0.05 0.49375
0 0.8484375 0.6171875 0.0390625 0.4703125
2 0.796875 0.60234375 0.04375 0.51171875
16 0.3046875 0.496875 0.05546875 0.5
17 0.47890625 0.50234375 0.0484375 0.5
9 0.53125 0.52890625 0.04140625 0.50546875
19 0.6390625 0.56171875 0.0484375 0.5234375