4 0.15078125 0.62421875 0.04921875 0.48515625
8 0.31171875 0.584375 0.0484375 0.5
1 0.83203125 0.4453125 0.03359375 0.55234375
2 0.71015625 0.48984375 0.053125 0.53125
9 0.09921875 0.64765625 0.04375 0.48359375
1 0.365625 0.56484375 0.02890625 0.51015625
2 0.89453125 0.42734375 0.0546875 0.5578125
3 0.76875 0.46953125 0.05546875 0.53125
11 0.47890625 0.53984375 0.05 0.5078125
23 0.2015625 0.6171875 0.046875 0.49296875
22 0.53125 0.52578125 0.05234375 0.5125
32 0.04921875 0.65625 0.046875 0.4953125
24 0.58984375 0.51171875 0.05390625 0.515625
5 0.4171875 0.553125 0.04375 0.5125
0 0.64921875 0.49609375 0.05390625 0.53046875
0 0.9609375 0.4171875 0.0578125 0.559375
15 0.25390625 0.59296875 0.05 0.47109375