4 0.1515625 0.61875 0.0484375 0.47421875
8 0.31171875 0.58046875 0.04765625 0.48828125
1 0.83203125 0.44765625 0.03125 0.54296875
2 0.709375 0.4875 0.05234375 0.52109375
1 0.36640625 0.5609375 0.02734375 0.49765625
9 0.1 0.6421875 0.0421875 0.47265625
2 0.89453125 0.428125 0.053125 0.55390625
11 0.47890625 0.53828125 0.04921875 0.5
3 0.76796875 0.47109375 0.05390625 0.52265625
23 0.2 0.61875 0.04609375 0.484375
22 0.53125 0.52421875 0.05234375 0.50390625
32 0.046875 0.65 0.04375 0.48984375
24 0.58984375 0.5109375 0.053125 0.503125
5 0.4171875 0.5484375 0.0421875 0.5046875
0 0.96015625 0.41640625 0.05703125 0.5546875
0 0.64921875 0.49375 0.053125 0.5203125
15 0.25625 0.59453125 0.05 0.47421875