9 0.92578125 0.4671875 0.04921875 0.59453125
5 0.34375 0.54453125 0.05078125 0.61796875
32 0.06015625 0.5875 0.05234375 0.62578125
12 0.23515625 0.571875 0.0546875 0.6015625
9 0.1171875 0.5859375 0.046875 0.621875
0 0.6609375 0.50078125 0.05078125 0.5984375
8 0.76328125 0.48125 0.05234375 0.59140625
9 0.86953125 0.47265625 0.05078125 0.58828125
4 0.17578125 0.57890625 0.046875 0.6125
0 0.8171875 0.478125 0.0515625 0.58671875
12 0.43125 0.53125 0.05703125 0.603125
10 0.49375 0.521875 0.05390625 0.6
3 0.7109375 0.49296875 0.04609375 0.59140625
1 0.38359375 0.5421875 0.03046875 0.6046875
12 0.54921875 0.51640625 0.05234375 0.6015625
24 0.60546875 0.5078125 0.0609375 0.6
26 0.2875 0.55078125 0.0578125 0.62421875