9 0.92578125 0.4671875 0.05 0.60390625
5 0.34375 0.54296875 0.0515625 0.62578125
12 0.23515625 0.571875 0.05546875 0.6078125
0 0.821875 0.47734375 0.05234375 0.5953125
32 0.059375 0.59140625 0.05390625 0.64140625
0 0.6609375 0.5 0.05234375 0.609375
9 0.11796875 0.5859375 0.04765625 0.6296875
12 0.43125 0.53046875 0.05859375 0.61171875
4 0.17578125 0.58046875 0.04765625 0.62109375
8 0.76484375 0.48203125 0.05 0.609375
9 0.86953125 0.47265625 0.0515625 0.59765625
3 0.7140625 0.4875 0.046875 0.609375
10 0.49375 0.52265625 0.05390625 0.6078125
1 0.38359375 0.540625 0.03125 0.61171875
12 0.54921875 0.5140625 0.053125 0.6125
24 0.60546875 0.49765625 0.059375 0.609375
26 0.2875 0.54921875 0.05078125 0.603125