9 0.9265625 0.46640625 0.053125 0.6078125
9 0.1171875 0.58515625 0.0484375 0.6421875
4 0.175 0.5765625 0.04921875 0.6328125
5 0.34375 0.540625 0.05234375 0.6390625
12 0.4296875 0.53359375 0.06171875 0.61640625
0 0.65703125 0.50390625 0.05390625 0.61640625
8 0.76484375 0.47734375 0.05234375 0.6171875
12 0.2359375 0.56796875 0.0578125 0.61796875
0 0.82109375 0.475 0.05234375 0.60390625
9 0.86953125 0.47109375 0.053125 0.60546875
32 0.05859375 0.59375 0.053125 0.65546875
1 0.38359375 0.5390625 0.03203125 0.61953125
10 0.49296875 0.525 0.05546875 0.61953125
26 0.28359375 0.54921875 0.046875 0.603125
12 0.55078125 0.51875 0.06328125 0.609375
24 0.60625 0.5078125 0.06328125 0.60625
3 0.71171875 0.50234375 0.053125 0.58125