21 0.5109375 0.4796875 0.08046875 0.4359375
21 0.69296875 0.43203125 0.0734375 0.4328125
3 0.84375 0.38828125 0.046875 0.43984375
3 0.890625 0.3765625 0.0453125 0.4375
10 0.228125 0.56171875 0.05859375 0.4453125
6 0.115625 0.57890625 0.05390625 0.459375
13 0.634375 0.4546875 0.05234375 0.42109375
30 0.34375 0.53046875 0.06015625 0.43984375
32 0.06015625 0.60703125 0.053125 0.45234375
30 0.284375 0.540625 0.0609375 0.4484375
14 0.39375 0.525 0.046875 0.4375
6 0.7984375 0.4109375 0.04609375 0.4328125
10 0.58046875 0.46484375 0.0546875 0.43046875
2 0.7515625 0.421875 0.0484375 0.428125
6 0.93671875 0.3640625 0.04609375 0.428125
25 0.4453125 0.50625 0.0515625 0.43828125
15 0.1671875 0.57421875 0.0609375 0.43828125