0 0.88359375 0.36328125 0.05390625 0.45859375
13 0.23984375 0.59296875 0.06328125 0.5125
2 0.35859375 0.5515625 0.05859375 0.50703125
0 0.6828125 0.440625 0.05390625 0.478125
0 0.83515625 0.3765625 0.05078125 0.4640625
11 0.4515625 0.52265625 0.05546875 0.4875
11 0.30390625 0.5796875 0.059375 0.50234375
1 0.4078125 0.5390625 0.04140625 0.50546875
4 0.5109375 0.50078125 0.05859375 0.4765625
28 0.11953125 0.63515625 0.071875 0.53046875
7 0.72890625 0.40859375 0.05234375 0.4875
13 0.63125 0.46484375 0.05625 0.478125
21 0.56953125 0.48125 0.06796875 0.48671875
20 0.0625 0.6546875 0.0640625 0.53203125
26 0.18125 0.6203125 0.05390625 0.528125
4 0.7875 0.3953125 0.05625 0.47265625
8 0.9328125 0.33984375 0.05625 0.465625