24 0.60078125 0.51875 0.053125 0.5984375
8 0.3390625 0.48359375 0.0515625 0.59921875
2 0.721875 0.53671875 0.0515625 0.61328125
11 0.48828125 0.4953125 0.0546875 0.6046875
9 0.11796875 0.45390625 0.04921875 0.6
7 0.9515625 0.5609375 0.0515625 0.60546875
0 0.66171875 0.528125 0.05625 0.60234375
32 0.06171875 0.45390625 0.05234375 0.621875
23 0.23046875 0.46640625 0.0515625 0.6109375
22 0.54609375 0.509375 0.0546875 0.59921875
4 0.17421875 0.4609375 0.05 0.603125
9 0.83125 0.55546875 0.05 0.59921875
5 0.77578125 0.53984375 0.046875 0.60625
2 0.89453125 0.565625 0.05625 0.61171875
4 0.42890625 0.49296875 0.04921875 0.59140625
15 0.28203125 0.46796875 0.04296875 0.6078125
1 0.38515625 0.48515625 0.02734375 0.6