24 0.60234375 0.51796875 0.05390625 0.60078125
23 0.23125 0.4703125 0.05390625 0.62734375
8 0.33828125 0.484375 0.05234375 0.6171875
9 0.1171875 0.4546875 0.05078125 0.61640625
2 0.7203125 0.5375 0.0515625 0.61796875
4 0.1734375 0.46015625 0.04765625 0.61953125
0 0.66171875 0.53046875 0.05390625 0.6078125
22 0.54609375 0.5109375 0.05546875 0.5984375
11 0.48671875 0.50234375 0.05625 0.6
32 0.06015625 0.45859375 0.053125 0.6234375
2 0.89609375 0.5609375 0.05859375 0.62578125
7 0.9515625 0.55625 0.046875 0.6140625
9 0.83125 0.55390625 0.05078125 0.6046875
4 0.42734375 0.49296875 0.04765625 0.59765625
5 0.77421875 0.53984375 0.04921875 0.6125
1 0.38671875 0.484375 0.028125 0.60625
15 0.28203125 0.478125 0.04921875 0.61328125