30 0.10579427187499998 0.2719907390625 0.14322916562500002 0.1157407390625 0.09521484375 0.082465278125 0.057779946875 0.2329282390625 0.10579427187499998 0.2719907390625
32 0.15299479062500002 0.3139467609375 0.19287109375 0.1591435171875 0.14078775937500002 0.1157407390625 0.10498046875 0.2734375 0.15299479062500002 0.3139467609375
16 0.2001953125 0.35590277812500004 0.2392578125 0.1982060171875 0.1904296875 0.1591435171875 0.15299479062500002 0.3139467609375 0.2001953125 0.35590277812500004
15 0.243326821875 0.3891782390625 0.286458334375 0.230034721875 0.242513021875 0.1953125 0.19856770937499998 0.3457754625 0.243326821875 0.3891782390625
15 0.296223959375 0.4311342609375 0.340169271875 0.2676504625 0.284830728125 0.230034721875 0.243326821875 0.38628472187499996 0.296223959375 0.4311342609375
0 0.348307290625 0.48321759374999995 0.39306640625 0.3139467609375 0.342610678125 0.2748842609375 0.298665365625 0.4282407390625 0.348307290625 0.48321759374999995
0 0.49153645937499996 0.60040509375 0.541178384375 0.4296875 0.48665364687499996 0.380497684375 0.44352213437500004 0.5555555562500001 0.49153645937499996 0.60040509375
4 0.392252603125 0.5193865734374999 0.44189453125 0.341435184375 0.388997396875 0.30381944375000003 0.345052084375 0.47309027812500004 0.392252603125 0.5193865734374999
10 0.44677734375 0.567129628125 0.48746744687500004 0.3790509265625 0.43701171875 0.341435184375 0.3955078125 0.5193865734374999 0.44677734375 0.567129628125
10 0.594889321875 0.458622684375 0.547688803125 0.645254628125 0.599772134375 0.6901041671875 0.647786459375 0.5063657390625 0.594889321875 0.458622684375
21 0.538736978125 0.419560184375 0.49479166562500004 0.5946180562500001 0.54931640625 0.6365740734374999 0.596516928125 0.46296296249999996 0.538736978125 0.419560184375
6 0.652669271875 0.732060184375 0.696614584375 0.5497685171875 0.646158853125 0.5049189828125 0.598958334375 0.6814236109375 0.652669271875 0.732060184375
6 0.806477865625 0.859375 0.856119790625 0.6770833328125 0.80078125 0.6336805562500001 0.755208334375 0.810185184375 0.806477865625 0.859375
1 0.694173178125 0.7725694437499999 0.7421875 0.5830439828125 0.699055990625 0.5541087953125 0.6591796875 0.7335069437499999 0.694173178125 0.7725694437499999
3 0.75439453125 0.815972221875 0.802408853125 0.6307870375 0.74462890625 0.5873842609375 0.701497396875 0.7638888890625 0.75439453125 0.815972221875
2 0.862630209375 0.9071180562500001 0.911458334375 0.7060185171875 0.852864584375 0.668402778125 0.811360678125 0.855034721875 0.862630209375 0.9071180562500001
2 0.961100259375 0.752314815625 0.9130859375 0.7161458328125 0.86669921875 0.8897569437499999 0.91796875 0.9346064828125 0.961100259375 0.752314815625