2 0.878125 0.4 0.053125 0.51953125
9 0.109375 0.615625 0.03984375 0.45625
2 0.6953125 0.45390625 0.04609375 0.5078125
2 0.2578125 0.57578125 0.04375 0.47421875
4 0.3140625 0.5640625 0.0390625 0.471875
4 0.159375 0.60078125 0.04140625 0.4515625
5 0.753125 0.425 0.05078125 0.51640625
3 0.6375 0.46953125 0.0484375 0.50234375
11 0.46953125 0.51015625 0.053125 0.4859375
4 0.940625 0.36953125 0.05625 0.53359375
0 0.81484375 0.41640625 0.0515625 0.51640625
12 0.415625 0.52890625 0.0484375 0.47734375
32 0.059375 0.63984375 0.04375 0.471875
22 0.5234375 0.5 0.0515625 0.49609375
1 0.36171875 0.54140625 0.03046875 0.47578125
24 0.57734375 0.478125 0.0578125 0.48046875
19 0.20625 0.5796875 0.04765625 0.46953125