8 0.37734375 0.55390625 0.0484375 0.4046875
14 0.21875 0.60234375 0.0625 0.43046875
3 0.8640625 0.39296875 0.04609375 0.3796875
4 0.95546875 0.3671875 0.05078125 0.38515625
30 0.06640625 0.65390625 0.0625 0.4328125
14 0.54765625 0.48828125 0.05859375 0.41875
1 0.81796875 0.40703125 0.03671875 0.39609375
29 0.14296875 0.6265625 0.0875 0.4359375
0 0.77109375 0.42109375 0.046875 0.3921875
0 0.728125 0.43203125 0.0453125 0.3859375
3 0.3296875 0.56875 0.05078125 0.40859375
3 0.9078125 0.384375 0.04296875 0.38046875
14 0.27578125 0.5875 0.0578125 0.4234375
12 0.675 0.44375 0.06015625 0.38984375
1 0.42890625 0.5375 0.04296875 0.41796875
21 0.6140625 0.46875 0.075 0.41640625
10 0.490625 0.5125 0.06640625 0.42265625