5 0.9484375 0.6265625 0.0484375 0.4421875
0 0.64140625 0.5421875 0.04609375 0.440625
5 0.8421875 0.60078125 0.04609375 0.4359375
10 0.1625 0.38828125 0.05703125 0.4609375
2 0.74296875 0.5796875 0.04765625 0.4296875
0 0.5921875 0.53671875 0.0484375 0.43671875
2 0.690625 0.56328125 0.0453125 0.44296875
13 0.34453125 0.4515625 0.0625 0.45703125
5 0.4125 0.4671875 0.04921875 0.4515625
2 0.8921875 0.62109375 0.04765625 0.44375
7 0.7953125 0.5921875 0.0421875 0.4359375
25 0.096875 0.3671875 0.053125 0.45546875
4 0.46796875 0.496875 0.04921875 0.44296875
26 0.28125 0.428125 0.04296875 0.453125
28 0.52890625 0.5140625 0.06015625 0.4484375
18 0.21796875 0.425 0.04609375 0.40703125
18 0.0359375 0.36484375 0.03828125 0.43203125