2 0.94765625 0.503125 0.0515625 0.65
24 0.60625 0.49375 0.05 0.64921875
5 0.3359375 0.49296875 0.04921875 0.64296875
2 0.28046875 0.490625 0.046875 0.6390625
22 0.553125 0.4875 0.05 0.6390625
3 0.83359375 0.50234375 0.0453125 0.63203125
4 0.17265625 0.49140625 0.0484375 0.6375
9 0.11640625 0.49765625 0.04609375 0.6375
12 0.228125 0.4875 0.0484375 0.6453125
11 0.4984375 0.48671875 0.0484375 0.63671875
9 0.77421875 0.5 0.0484375 0.6203125
1 0.665625 0.49921875 0.03671875 0.63671875
32 0.06484375 0.4890625 0.046875 0.6640625
1 0.38828125 0.4875 0.03359375 0.64140625
10 0.44140625 0.4859375 0.04921875 0.64140625
6 0.72109375 0.5015625 0.04609375 0.62734375
6 0.8875 0.5046875 0.0453125 0.63828125