2 0.4046875 0.53203125 0.059375 0.53828125
5 0.725 0.52734375 0.05078125 0.51640625
9 0.671875 0.5296875 0.05390625 0.5125
9 0.8875 0.540625 0.04921875 0.49609375
0 0.56484375 0.521875 0.05078125 0.50625
0 0.61875 0.5203125 0.05546875 0.51171875
25 0.50859375 0.52109375 0.05703125 0.51796875
13 0.34765625 0.52578125 0.05390625 0.54140625
1 0.4546875 0.52421875 0.03203125 0.53125
21 0.19140625 0.51953125 0.0640625 0.55703125
4 0.94140625 0.54453125 0.0546875 0.490625
20 0.24140625 0.5171875 0.0578125 0.55859375
9 0.7765625 0.5328125 0.0515625 0.51015625
26 0.078125 0.52109375 0.0515625 0.58046875
31 0.2921875 0.521875 0.04921875 0.54921875
8 0.83046875 0.53515625 0.05234375 0.52265625
25 0.13046875 0.5171875 0.0546875 0.5578125