2 0.40390625 0.5328125 0.059375 0.53515625
5 0.725 0.52734375 0.05078125 0.509375
9 0.671875 0.53046875 0.05390625 0.50703125
9 0.88359375 0.53515625 0.0546875 0.4796875
25 0.5078125 0.5234375 0.05625 0.51328125
13 0.34765625 0.528125 0.05390625 0.53984375
0 0.565625 0.52578125 0.05078125 0.50078125
0 0.61875 0.52265625 0.05546875 0.50625
21 0.190625 0.52578125 0.0609375 0.5515625
20 0.23984375 0.52265625 0.053125 0.553125
1 0.4546875 0.52734375 0.0328125 0.52890625
4 0.940625 0.54296875 0.053125 0.46484375
9 0.77734375 0.53359375 0.05078125 0.50078125
26 0.07734375 0.5140625 0.053125 0.57421875
31 0.29140625 0.52421875 0.05 0.54609375
25 0.1328125 0.53046875 0.0546875 0.54296875
5 0.72265625 0.5328125 0.05390625 0.50703125