9 0.88515625 0.540625 0.05859375 0.50859375
2 0.4046875 0.53359375 0.06171875 0.54921875
5 0.72421875 0.52890625 0.05234375 0.52890625
20 0.240625 0.52109375 0.05625 0.571875
0 0.61640625 0.5265625 0.0546875 0.525
1 0.45546875 0.5265625 0.03359375 0.54609375
0 0.56171875 0.5265625 0.0578125 0.52265625
4 0.94296875 0.546875 0.05703125 0.5015625
26 0.0765625 0.5125 0.05234375 0.58828125
13 0.346875 0.5265625 0.05390625 0.55703125
9 0.67109375 0.52890625 0.05390625 0.52734375
25 0.51015625 0.52578125 0.059375 0.5328125
31 0.29296875 0.51015625 0.05703125 0.5328125
25 0.1296875 0.50703125 0.053125 0.54765625
21 0.18515625 0.5046875 0.05859375 0.553125
9 0.77734375 0.5203125 0.05390625 0.52265625
8 0.8296875 0.53046875 0.0578125 0.54296875