9 0.85 0.61328125 0.04609375 0.41796875
5 0.9671875 0.6359375 0.04453125 0.42421875
8 0.19140625 0.44375 0.0390625 0.390625
29 0.125 0.4125 0.06640625 0.4265625
30 0.06171875 0.3984375 0.04921875 0.43046875
0 0.68359375 0.571875 0.04375 0.4046875
32 0.29453125 0.46640625 0.0453125 0.41875
32 0.23828125 0.45234375 0.04296875 0.41640625
9 0.90859375 0.628125 0.04609375 0.41953125
32 0.5109375 0.521875 0.04765625 0.43359375
0 0.7359375 0.58359375 0.0453125 0.403125
32 0.34765625 0.478125 0.0453125 0.4203125
19 0.45546875 0.50625 0.04453125 0.41640625
7 0.79453125 0.59765625 0.04453125 0.42890625
16 0.625 0.5625 0.04921875 0.4203125
12 0.4 0.50078125 0.0453125 0.41640625
22 0.5671875 0.53984375 0.046875 0.4203125