11 0.52890625 0.49609375 0.05859375 0.36875
8 0.3796875 0.54609375 0.0546875 0.35390625
29 0.15390625 0.60703125 0.08828125 0.390625
1 0.73203125 0.43671875 0.03984375 0.36640625
6 0.4765625 0.51640625 0.0546875 0.3609375
30 0.084375 0.6296875 0.0671875 0.3859375
14 0.225 0.58359375 0.06328125 0.375
0 0.6921875 0.45234375 0.05546875 0.36484375
0 0.64375 0.46796875 0.053125 0.36171875
7 0.9328125 0.3765625 0.05625 0.3828125
22 0.58671875 0.47265625 0.0671875 0.37109375
8 0.8359375 0.4125 0.05390625 0.365625
1 0.7828125 0.4265625 0.04375 0.37734375
9 0.884375 0.39765625 0.0515625 0.34921875
5 0.33359375 0.56015625 0.0578125 0.36640625
17 0.278125 0.578125 0.06328125 0.375
1 0.4296875 0.5375 0.04296875 0.36875