11 0.52890625 0.4953125 0.059375 0.36875
8 0.3796875 0.546875 0.0546875 0.35546875
29 0.15390625 0.60625 0.08828125 0.39140625
1 0.73203125 0.43671875 0.03984375 0.365625
30 0.084375 0.6296875 0.0671875 0.3859375
6 0.4765625 0.51640625 0.0546875 0.36171875
14 0.225 0.58203125 0.06328125 0.3765625
0 0.6921875 0.45234375 0.05546875 0.36484375
0 0.64453125 0.4671875 0.053125 0.36171875
7 0.9328125 0.3765625 0.05625 0.3828125
22 0.58671875 0.4765625 0.0671875 0.37109375
8 0.8328125 0.41171875 0.053125 0.35625
1 0.78203125 0.42578125 0.04375 0.3765625
9 0.884375 0.39765625 0.05078125 0.34921875
5 0.33359375 0.559375 0.0578125 0.3671875
1 0.4265625 0.52734375 0.05 0.36796875
17 0.28125 0.565625 0.065625 0.365625