29 0.1203125 0.2875 0.0796875 0.26171875
0 0.73125 0.64296875 0.04375 0.24765625
8 0.18359375 0.3328125 0.0390625 0.240625
30 0.459375 0.4796875 0.04609375 0.26796875
0 0.67734375 0.6125 0.040625 0.246875
30 0.05234375 0.259375 0.04296875 0.27109375
22 0.29921875 0.396875 0.05390625 0.26171875
22 0.5703125 0.55 0.04921875 0.2703125
6 0.78046875 0.67421875 0.04453125 0.24296875
1 0.840625 0.71171875 0.028125 0.2453125
10 0.2375 0.3640625 0.05546875 0.25390625
4 0.35078125 0.42890625 0.04921875 0.2359375
22 0.40546875 0.45 0.059375 0.246875
6 0.5171875 0.5234375 0.0546875 0.22265625
17 0.62421875 0.5796875 0.05078125 0.23828125
5 0.8859375 0.73671875 0.0484375 0.253125
7 0.94296875 0.75 0.0484375 0.27265625