4 0.896875 0.621875 0.04609375 0.45859375
2 0.94375 0.63046875 0.05 0.46328125
8 0.846875 0.603125 0.0453125 0.46953125
11 0.51796875 0.51015625 0.05625 0.46953125
14 0.19921875 0.409375 0.05546875 0.47734375
12 0.30703125 0.44375 0.05859375 0.471875
4 0.35859375 0.46875 0.046875 0.459375
1 0.40390625 0.4734375 0.03359375 0.46328125
1 0.79765625 0.5921875 0.0328125 0.47109375
0 0.703125 0.56328125 0.04375 0.46875
12 0.45625 0.4828125 0.059375 0.4640625
30 0.0640625 0.38125 0.06484375 0.4875
21 0.58671875 0.5296875 0.06875 0.48203125
29 0.12890625 0.3921875 0.084375 0.5
1 0.7484375 0.578125 0.034375 0.47421875
15 0.24609375 0.43046875 0.05234375 0.45390625
12 0.64921875 0.553125 0.05859375 0.490625