4 0.896875 0.62265625 0.04609375 0.4578125
8 0.84765625 0.60390625 0.04453125 0.46640625
2 0.95078125 0.6359375 0.04921875 0.46484375
11 0.51796875 0.509375 0.05625 0.4703125
14 0.19921875 0.409375 0.05546875 0.47578125
12 0.30703125 0.44296875 0.05859375 0.471875
1 0.40390625 0.4734375 0.03359375 0.46328125
1 0.7984375 0.59296875 0.0328125 0.46875
4 0.35859375 0.46875 0.046875 0.46015625
0 0.703125 0.56328125 0.04375 0.46875
30 0.0640625 0.38046875 0.06484375 0.4875
12 0.45625 0.48203125 0.059375 0.46484375
1 0.74765625 0.578125 0.034375 0.4734375
21 0.58671875 0.5296875 0.06875 0.48359375
29 0.128125 0.39140625 0.08515625 0.4984375
15 0.24765625 0.42421875 0.04765625 0.46640625
12 0.64765625 0.56640625 0.06015625 0.46484375