29 0.1484375 0.4015625 0.0828125 0.41640625
1 0.68359375 0.584375 0.0328125 0.3734375
7 0.88359375 0.6796875 0.04765625 0.36171875
4 0.83203125 0.6546875 0.05 0.36484375
8 0.21796875 0.4484375 0.05078125 0.365625
30 0.0734375 0.36875 0.05859375 0.425
1 0.7359375 0.6125 0.03203125 0.353125
4 0.38515625 0.4734375 0.04609375 0.36875
2 0.54296875 0.51328125 0.046875 0.371875
6 0.93203125 0.69921875 0.0453125 0.3484375
9 0.78125 0.62734375 0.046875 0.36015625
10 0.271875 0.45625 0.0609375 0.37421875
26 0.33671875 0.45703125 0.0484375 0.36171875
22 0.43671875 0.46484375 0.059375 0.346875
17 0.49140625 0.4921875 0.0625 0.37421875
15 0.58515625 0.525 0.05234375 0.3921875
19 0.6328125 0.55234375 0.0515625 0.40859375