29 0.1484375 0.40234375 0.0828125 0.41796875
7 0.88359375 0.678125 0.046875 0.35234375
1 0.68359375 0.58359375 0.0328125 0.36875
4 0.83125 0.6578125 0.04921875 0.35390625
8 0.21796875 0.45 0.05 0.36484375
1 0.7359375 0.6109375 0.03125 0.3453125
30 0.07265625 0.3703125 0.05546875 0.41875
6 0.93203125 0.6984375 0.0453125 0.34296875
4 0.38515625 0.47265625 0.0453125 0.3640625
2 0.54375 0.5140625 0.046875 0.36796875
9 0.78125 0.6265625 0.04609375 0.35078125
22 0.4390625 0.47734375 0.05703125 0.37421875
10 0.27109375 0.45859375 0.05234375 0.37890625
26 0.3359375 0.47734375 0.0515625 0.3921875
17 0.48984375 0.484375 0.05546875 0.3671875
15 0.5828125 0.53828125 0.0484375 0.38984375
19 0.6296875 0.56953125 0.059375 0.37578125