3 0.9 0.5765625 0.04453125 0.41953125
8 0.85078125 0.559375 0.04453125 0.42265625
11 0.54140625 0.4984375 0.05703125 0.45078125
0 0.7046875 0.52734375 0.04609375 0.43828125
12 0.48125 0.48046875 0.06015625 0.44140625
4 0.375 0.465625 0.0484375 0.44765625
14 0.21328125 0.43515625 0.05625 0.4625
0 0.75078125 0.54296875 0.04609375 0.43359375
3 0.80546875 0.5484375 0.0421875 0.42890625
1 0.42421875 0.471875 0.03671875 0.45390625
0 0.95234375 0.58125 0.04765625 0.41875
0 0.659375 0.52109375 0.0453125 0.440625
29 0.14140625 0.41953125 0.084375 0.46953125
12 0.3203125 0.45546875 0.05703125 0.4515625
30 0.07734375 0.41328125 0.05703125 0.4734375
22 0.603125 0.503125 0.06015625 0.45625
15 0.2625 0.43046875 0.05 0.41875