8 0.85078125 0.56015625 0.04296875 0.40546875
11 0.54375 0.4953125 0.0546875 0.4171875
0 0.7046875 0.528125 0.04375 0.41796875
3 0.8984375 0.57734375 0.0421875 0.40546875
0 0.95390625 0.5796875 0.0453125 0.39765625
29 0.140625 0.42578125 0.0828125 0.4421875
14 0.2109375 0.434375 0.053125 0.44453125
4 0.37421875 0.46640625 0.04609375 0.42578125
0 0.75078125 0.54296875 0.04453125 0.41875
12 0.48125 0.48359375 0.05859375 0.42109375
3 0.8046875 0.55546875 0.04140625 0.4
0 0.65859375 0.521875 0.04453125 0.42265625
12 0.3203125 0.45703125 0.05234375 0.42734375
1 0.425 0.47421875 0.0359375 0.4296875
22 0.60390625 0.50703125 0.0609375 0.4328125
15 0.26171875 0.4421875 0.05234375 0.425
30 0.06328125 0.4015625 0.06484375 0.428125