2 0.64609375 0.52265625 0.05390625 0.59296875
2 0.26875 0.5125 0.0484375 0.5890625
24 0.58984375 0.51953125 0.053125 0.5921875
4 0.16328125 0.50859375 0.04765625 0.5859375
3 0.703125 0.5234375 0.04921875 0.596875
11 0.4265625 0.5125 0.0515625 0.590625
9 0.109375 0.50859375 0.04375 0.58359375
11 0.48359375 0.5140625 0.05 0.5953125
32 0.0546875 0.50625 0.04375 0.596875
5 0.87265625 0.528125 0.05234375 0.5890625
21 0.53671875 0.51484375 0.05546875 0.59609375
12 0.2171875 0.5140625 0.05 0.5875
4 0.81640625 0.5203125 0.04765625 0.6015625
1 0.37421875 0.5125 0.03671875 0.59140625
4 0.32421875 0.515625 0.05 0.590625
7 0.7578125 0.5234375 0.05 0.60078125
0 0.92421875 0.5328125 0.05234375 0.5703125