2 0.64609375 0.5234375 0.05234375 0.58984375
2 0.26875 0.51171875 0.0484375 0.5890625
3 0.703125 0.5234375 0.04921875 0.59140625
4 0.1625 0.50703125 0.04765625 0.58984375
11 0.484375 0.51484375 0.04921875 0.58984375
9 0.109375 0.5078125 0.04453125 0.5859375
21 0.5390625 0.51640625 0.05625 0.590625
4 0.815625 0.52265625 0.0484375 0.60078125
1 0.3734375 0.51328125 0.0359375 0.5859375
11 0.4265625 0.51328125 0.0515625 0.58515625
24 0.590625 0.51953125 0.0515625 0.5921875
32 0.053125 0.50390625 0.04609375 0.6
4 0.32421875 0.51484375 0.05 0.58984375
5 0.87109375 0.534375 0.05234375 0.5953125
12 0.2171875 0.5125 0.05 0.5890625
0 0.92578125 0.5375 0.05078125 0.58671875
7 0.7578125 0.5234375 0.05 0.6