2 0.64609375 0.51953125 0.05234375 0.5875
2 0.26875 0.51171875 0.04921875 0.58359375
4 0.1625 0.50859375 0.0484375 0.58359375
11 0.425 0.51015625 0.0515625 0.5859375
11 0.4828125 0.51015625 0.0515625 0.58828125
3 0.70234375 0.51796875 0.04765625 0.59140625
9 0.109375 0.51015625 0.04375 0.5828125
32 0.053125 0.50625 0.04765625 0.603125
24 0.590625 0.515625 0.0515625 0.58359375
12 0.2171875 0.5125 0.05 0.58125
21 0.5375 0.5109375 0.05546875 0.58828125
1 0.37265625 0.5140625 0.0359375 0.5828125
4 0.325 0.51328125 0.05078125 0.5828125
4 0.81484375 0.51875 0.05 0.596875
5 0.87109375 0.5265625 0.0515625 0.59453125
7 0.75546875 0.515625 0.05 0.596875
0 0.92578125 0.53203125 0.04765625 0.59765625