9 0.83125 0.60703125 0.03828125 0.35078125
12 0.41015625 0.49609375 0.04140625 0.3859375
8 0.934375 0.62421875 0.03828125 0.35703125
6 0.8828125 0.6125 0.0375 0.35234375
19 0.4625 0.50625 0.04140625 0.39453125
3 0.73515625 0.584375 0.03828125 0.359375
8 0.2015625 0.4390625 0.0359375 0.3765625
32 0.24765625 0.44921875 0.03828125 0.39609375
32 0.51328125 0.52265625 0.03828125 0.3890625
30 0.0640625 0.39453125 0.0484375 0.4015625
32 0.30546875 0.46640625 0.0390625 0.384375
32 0.35546875 0.47890625 0.04140625 0.38046875
29 0.13515625 0.4140625 0.06796875 0.40078125
0 0.68359375 0.56796875 0.03828125 0.35703125
1 0.77890625 0.58984375 0.02734375 0.3625
16 0.634375 0.55 0.046875 0.3703125
21 0.57109375 0.53515625 0.06015625 0.365625