3 0.72421875 0.58203125 0.046875 0.43984375
10 0.6171875 0.55625 0.0546875 0.43203125
28 0.4296875 0.5171875 0.05859375 0.440625
6 0.32421875 0.4953125 0.05 0.4375
9 0.3734375 0.50625 0.05078125 0.44296875
21 0.55234375 0.540625 0.071875 0.44140625
30 0.10546875 0.44453125 0.06171875 0.465625
9 0.48671875 0.5296875 0.04765625 0.44375
5 0.934375 0.62578125 0.04921875 0.4328125
2 0.671875 0.56796875 0.046875 0.43515625
1 0.8265625 0.60234375 0.0375 0.44609375
7 0.775 0.58515625 0.0484375 0.44375
21 0.0390625 0.43125 0.07109375 0.4671875
5 0.8796875 0.61796875 0.04609375 0.43203125
1 0.165625 0.46484375 0.04453125 0.44765625
26 0.2171875 0.47109375 0.05859375 0.453125
15 0.27109375 0.5 0.05234375 0.44453125