8 0.33671875 0.5515625 0.04921875 0.596875
4 0.16875 0.5859375 0.04921875 0.61796875
8 0.934375 0.434375 0.05234375 0.6046875
22 0.546875 0.50546875 0.0515625 0.60625
24 0.603125 0.4984375 0.05234375 0.603125
23 0.225 0.56875 0.04921875 0.61328125
9 0.1046875 0.6 0.0515625 0.60546875
4 0.43125 0.528125 0.05390625 0.596875
32 0.05234375 0.6125 0.04609375 0.61796875
4 0.871875 0.4484375 0.0484375 0.59140625
2 0.725 0.4796875 0.0515625 0.6078125
1 0.38203125 0.5421875 0.025 0.59609375
6 0.77890625 0.4640625 0.0484375 0.60078125
0 0.6625 0.48203125 0.05078125 0.60234375
11 0.2796875 0.55859375 0.05234375 0.61484375
11 0.4890625 0.51875 0.05234375 0.59765625
1 0.8234375 0.45 0.034375 0.60625