13 0.21484375 0.3390625 0.06171875 0.28671875
11 0.259375 0.37265625 0.05390625 0.27578125
13 0.59375 0.55390625 0.059375 0.3
11 0.41875 0.45859375 0.05703125 0.2953125
0 0.64375 0.58125 0.0578125 0.30546875
4 0.36328125 0.434375 0.05546875 0.2875
28 0.16796875 0.31015625 0.0609375 0.290625
7 0.8171875 0.6828125 0.05859375 0.3234375
2 0.31484375 0.40234375 0.05859375 0.28828125
7 0.69921875 0.6140625 0.05859375 0.31796875
20 0.07421875 0.2734375 0.0578125 0.2875
6 0.8703125 0.71953125 0.0578125 0.3140625
21 0.528125 0.51484375 0.07265625 0.31484375
9 0.47109375 0.48515625 0.05546875 0.3015625
28 0.12109375 0.29375 0.059375 0.29296875
1 0.925 0.74609375 0.0375 0.31015625
6 0.7546875 0.6484375 0.06015625 0.30625