20 0.0484375 0.73046875 0.053125 0.378125
28 0.16328125 0.6765625 0.05859375 0.38828125
28 0.09765625 0.70390625 0.05859375 0.38984375
1 0.39296875 0.55703125 0.0421875 0.35546875
11 0.28515625 0.61484375 0.05703125 0.3578125
13 0.22265625 0.64609375 0.059375 0.36328125
13 0.63125 0.4390625 0.0625 0.34765625
2 0.88828125 0.32109375 0.0578125 0.3625
2 0.68671875 0.415625 0.06015625 0.35078125
3 0.8328125 0.340625 0.05546875 0.35546875
21 0.565625 0.471875 0.07421875 0.359375
11 0.446875 0.540625 0.05390625 0.35703125
0 0.734375 0.38515625 0.053125 0.34765625
0 0.4984375 0.5015625 0.05546875 0.35078125
2 0.34609375 0.59296875 0.05546875 0.35078125
7 0.93828125 0.2828125 0.0578125 0.365625
1 0.7828125 0.36015625 0.040625 0.33828125