8 0.7921875 0.54921875 0.053125 0.49453125
20 0.08203125 0.49296875 0.05390625 0.5640625
2 0.740625 0.54765625 0.053125 0.50390625
13 0.259375 0.5046875 0.059375 0.55625
21 0.59140625 0.52890625 0.0671875 0.5203125
2 0.37265625 0.51328125 0.0640625 0.54921875
8 0.46875 0.51875 0.05625 0.528125
28 0.13828125 0.49140625 0.06796875 0.57109375
13 0.6515625 0.5328125 0.0546875 0.515625
11 0.3171875 0.509375 0.05859375 0.5546875
1 0.421875 0.515625 0.04453125 0.5421875
7 0.87578125 0.55703125 0.0484375 0.48203125
1 0.834375 0.5515625 0.03359375 0.49140625
5 0.93046875 0.55234375 0.053125 0.465625
28 0.2 0.50078125 0.06171875 0.55625
1 0.6921875 0.53984375 0.0375 0.51484375
30 0.5234375 0.53046875 0.06484375 0.52734375