13 0.26015625 0.5046875 0.0546875 0.5265625
21 0.590625 0.52734375 0.06328125 0.48984375
20 0.0859375 0.49375 0.05234375 0.553125
2 0.74140625 0.54296875 0.0484375 0.4734375
11 0.31796875 0.503125 0.053125 0.51953125
8 0.7921875 0.54296875 0.0484375 0.465625
7 0.87734375 0.55234375 0.0421875 0.46171875
1 0.834375 0.5453125 0.03203125 0.4640625
5 0.93125 0.55234375 0.04765625 0.45234375
1 0.4234375 0.51484375 0.0359375 0.51328125
13 0.65 0.528125 0.05 0.4859375
2 0.37265625 0.51171875 0.0578125 0.51796875
11 0.471875 0.515625 0.046875 0.50546875
1 0.6921875 0.53828125 0.03359375 0.48203125
28 0.14296875 0.49609375 0.0640625 0.53671875
30 0.5234375 0.521875 0.0578125 0.4984375
28 0.2 0.49921875 0.05703125 0.53046875