8 0.3640625 0.509375 0.046875 0.45546875
30 0.07109375 0.484375 0.05390625 0.47109375
6 0.45859375 0.50703125 0.046875 0.46328125
14 0.21015625 0.49453125 0.053125 0.465625
11 0.5140625 0.5109375 0.05625 0.46171875
0 0.68671875 0.521875 0.0453125 0.4546875
5 0.3203125 0.50703125 0.04453125 0.4609375
17 0.26640625 0.49921875 0.05234375 0.4625
0 0.640625 0.5140625 0.04375 0.46015625
8 0.88125 0.51875 0.04453125 0.4515625
21 0.58046875 0.509375 0.065625 0.46640625
0 0.73203125 0.51875 0.04609375 0.45546875
9 0.78203125 0.52421875 0.04453125 0.44921875
8 0.83125 0.52265625 0.046875 0.4484375
1 0.41328125 0.51328125 0.0359375 0.45625
29 0.140625 0.49453125 0.0859375 0.4625
6 0.92578125 0.51015625 0.05 0.45078125