16 0.2609375 0.475 0.06171875 0.4296875
7 0.77734375 0.584375 0.04375 0.4109375
4 0.46171875 0.51875 0.04765625 0.41328125
2 0.3203125 0.4953125 0.046875 0.41015625
0 0.72890625 0.575 0.0453125 0.3984375
0 0.678125 0.56875 0.04375 0.39609375
5 0.93203125 0.615625 0.0484375 0.4234375
30 0.065625 0.434375 0.0546875 0.4375
14 0.2015625 0.4609375 0.05078125 0.421875
11 0.515625 0.5328125 0.04921875 0.4046875
1 0.41171875 0.50625 0.03359375 0.41796875
1 0.8796875 0.61640625 0.03046875 0.42265625
2 0.828125 0.6078125 0.0453125 0.4203125
29 0.13359375 0.446875 0.08203125 0.43828125
4 0.3640625 0.5078125 0.04765625 0.409375
0 0.63203125 0.55 0.04296875 0.40234375
22 0.575 0.5453125 0.05234375 0.40859375