7 0.778125 0.58359375 0.04140625 0.4046875
16 0.26015625 0.4734375 0.059375 0.428125
5 0.92578125 0.61640625 0.04765625 0.4171875
30 0.06484375 0.4328125 0.0578125 0.44296875
0 0.67734375 0.56875 0.04296875 0.3890625
0 0.72890625 0.57421875 0.04453125 0.3921875
14 0.20234375 0.459375 0.05078125 0.4234375
2 0.3203125 0.49609375 0.0453125 0.41484375
4 0.46171875 0.51953125 0.046875 0.409375
11 0.515625 0.53125 0.04921875 0.40078125
1 0.8796875 0.61640625 0.028125 0.4125
1 0.4109375 0.5078125 0.03203125 0.41796875
4 0.3640625 0.5078125 0.04609375 0.40859375
29 0.134375 0.4453125 0.08125 0.440625
2 0.82890625 0.60234375 0.04296875 0.41484375
0 0.63125 0.55078125 0.0421875 0.39765625
22 0.57421875 0.54375 0.05 0.40390625