16 0.26015625 0.47421875 0.0609375 0.4296875
7 0.778125 0.58359375 0.04296875 0.409375
0 0.72890625 0.575 0.0453125 0.396875
2 0.3203125 0.49765625 0.0453125 0.415625
4 0.46171875 0.51875 0.04765625 0.41328125
5 0.93203125 0.61484375 0.0484375 0.41953125
0 0.67734375 0.56875 0.04296875 0.39453125
30 0.065625 0.43203125 0.05625 0.43984375
11 0.515625 0.53203125 0.04921875 0.40390625
14 0.20234375 0.46015625 0.05078125 0.421875
1 0.41171875 0.50703125 0.0328125 0.41953125
1 0.87890625 0.61640625 0.0296875 0.42109375
2 0.828125 0.60703125 0.04453125 0.41953125
29 0.134375 0.44609375 0.08203125 0.4390625
4 0.3640625 0.50859375 0.046875 0.41015625
0 0.63203125 0.55 0.0421875 0.403125
22 0.575 0.54453125 0.0515625 0.4078125