30 0.07890625 0.1421875 0.078125 0.1984375
10 0.2640625 0.26640625 0.07109375 0.21171875
17 0.46953125 0.4140625 0.0703125 0.21640625
1 0.775 0.6375 0.05703125 0.22265625
9 0.9390625 0.765625 0.071875 0.19765625
12 0.3203125 0.30703125 0.0671875 0.21015625
22 0.5734375 0.49921875 0.071875 0.2125
0 0.7265625 0.61171875 0.065625 0.19921875
22 0.415625 0.38046875 0.065625 0.2109375
8 0.8796875 0.73203125 0.04921875 0.171875
7 0.83046875 0.68359375 0.04921875 0.15546875
1 0.67734375 0.57578125 0.02734375 0.18125
19 0.62421875 0.53671875 0.05703125 0.17421875
6 0.52265625 0.46484375 0.05 0.15546875
2 0.36796875 0.3484375 0.0453125 0.15546875
8 0.21171875 0.2390625 0.046875 0.1703125
29 0.1546875 0.1953125 0.06640625 0.1796875