30 0.0859375 0.14609375 0.053125 0.16015625
17 0.46953125 0.4140625 0.0671875 0.21171875
10 0.2625 0.26875 0.06875 0.2140625
22 0.57265625 0.49296875 0.071875 0.215625
1 0.77578125 0.64296875 0.05859375 0.22421875
22 0.41640625 0.38203125 0.0671875 0.21953125
8 0.88125 0.7265625 0.06640625 0.19609375
12 0.31953125 0.30390625 0.06875 0.196875
1 0.675 0.584375 0.05390625 0.21015625
2 0.36796875 0.353125 0.05703125 0.18984375
29 0.15234375 0.19140625 0.0859375 0.203125
9 0.93515625 0.75546875 0.05546875 0.17734375
7 0.83203125 0.68828125 0.0453125 0.18359375
0 0.7265625 0.61875 0.04765625 0.159375
6 0.51875 0.46171875 0.04609375 0.15
8 0.21171875 0.24140625 0.04453125 0.16875
19 0.621875 0.540625 0.05078125 0.19296875