12 0.43125 0.49609375 0.053125 0.503125
4 0.94609375 0.5390625 0.053125 0.5546875
22 0.5390625 0.5 0.05234375 0.51640625
2 0.278125 0.490625 0.046875 0.51640625
3 0.65390625 0.51015625 0.05 0.50390625
2 0.7609375 0.52109375 0.04765625 0.54375
2 0.82578125 0.5296875 0.05234375 0.54609375
11 0.4875 0.50078125 0.04765625 0.515625
19 0.22734375 0.4890625 0.046875 0.51484375
4 0.33046875 0.490625 0.0421875 0.5171875
1 0.88046875 0.52734375 0.03828125 0.55
32 0.06953125 0.4859375 0.04453125 0.515625
9 0.11875 0.484375 0.04140625 0.50625
24 0.59921875 0.50546875 0.05234375 0.51171875
1 0.378125 0.49375 0.03359375 0.51171875
1 0.70703125 0.51015625 0.03359375 0.51796875
4 0.171875 0.4796875 0.0421875 0.51015625