30 0.47109375 0.503125 0.046875 0.315625
30 0.06015625 0.29140625 0.0453125 0.31171875
4 0.35859375 0.45078125 0.040625 0.2875
29 0.128125 0.31953125 0.0625 0.30625
9 0.52109375 0.534375 0.034375 0.28984375
0 0.69765625 0.6234375 0.03828125 0.29140625
17 0.6453125 0.5921875 0.0453125 0.29921875
6 0.746875 0.65 0.0390625 0.296875
10 0.2453125 0.39921875 0.05 0.29296875
7 0.8609375 0.6953125 0.0390625 0.29765625
8 0.1953125 0.36484375 0.03671875 0.27890625
3 0.96484375 0.74765625 0.04296875 0.30078125
6 0.90625 0.72734375 0.0390625 0.29765625
22 0.3078125 0.41953125 0.0484375 0.30234375
21 0.5859375 0.56328125 0.059375 0.31328125
22 0.4140625 0.475 0.046875 0.29453125
4 0.80234375 0.68515625 0.04609375 0.3046875