11 0.52109375 0.54375 0.05625 0.346875
14 0.21171875 0.4171875 0.05546875 0.35546875
30 0.0765625 0.37265625 0.05703125 0.36484375
16 0.27109375 0.4375 0.0640625 0.35703125
2 0.32890625 0.47421875 0.05 0.334375
0 0.7421875 0.6296875 0.04609375 0.32578125
0 0.6453125 0.5890625 0.04921875 0.33984375
0 0.69453125 0.61484375 0.04609375 0.334375
4 0.46953125 0.52265625 0.05 0.3453125
29 0.14609375 0.3875 0.07890625 0.3734375
1 0.41953125 0.5 0.03203125 0.33984375
0 0.83828125 0.665625 0.04765625 0.32578125
4 0.93984375 0.7140625 0.04921875 0.328125
0 0.88984375 0.68671875 0.046875 0.328125
4 0.375 0.49453125 0.04375 0.3265625
21 0.584375 0.5640625 0.06796875 0.34375
6 0.790625 0.646875 0.05234375 0.32734375