1 0.41796875 0.4859375 0.03671875 0.44140625
21 0.6015625 0.52734375 0.07109375 0.44296875
0 0.753125 0.56875 0.04921875 0.42109375
29 0.1328125 0.421875 0.09296875 0.459375
30 0.05703125 0.40859375 0.06328125 0.44609375
0 0.70546875 0.5546875 0.04921875 0.42265625
14 0.2015625 0.4421875 0.05390625 0.43671875
0 0.6578125 0.54140625 0.0484375 0.425
3 0.946875 0.625 0.0515625 0.42734375
4 0.7984375 0.57578125 0.0484375 0.43515625
8 0.84765625 0.5859375 0.04921875 0.43984375
2 0.89453125 0.60859375 0.05234375 0.41953125
13 0.53203125 0.5109375 0.06328125 0.41953125
13 0.471875 0.48828125 0.0609375 0.43125
8 0.36953125 0.48828125 0.05 0.40703125
24 0.2578125 0.43515625 0.06328125 0.4640625
17 0.315625 0.4578125 0.059375 0.43515625