1 0.41875 0.48671875 0.03828125 0.4328125
29 0.13046875 0.4234375 0.09140625 0.4625
3 0.946875 0.6125 0.05703125 0.42265625
17 0.31953125 0.46171875 0.0640625 0.4421875
21 0.6 0.525 0.0765625 0.44765625
14 0.19921875 0.440625 0.059375 0.43984375
30 0.05703125 0.41015625 0.06640625 0.4546875
13 0.53359375 0.5109375 0.06328125 0.44375
0 0.65859375 0.546875 0.053125 0.42734375
4 0.8 0.58515625 0.05234375 0.4296875
0 0.74921875 0.57421875 0.05 0.4328125
24 0.25546875 0.45546875 0.0640625 0.43984375
8 0.36640625 0.471875 0.04609375 0.40703125
13 0.471875 0.496875 0.0625 0.40703125
0 0.70390625 0.56171875 0.05 0.40703125
8 0.8484375 0.59453125 0.05 0.4234375
2 0.89375 0.60859375 0.0546875 0.44375