13 0.63203125 0.44609375 0.05859375 0.39375
21 0.5671875 0.46796875 0.07265625 0.40390625
13 0.225 0.62890625 0.059375 0.40390625
20 0.0484375 0.7125 0.05546875 0.43046875
8 0.84140625 0.353125 0.0578125 0.378125
6 0.7859375 0.378125 0.06171875 0.38203125
2 0.72734375 0.40703125 0.06171875 0.37890625
6 0.89609375 0.3234375 0.059375 0.39296875
11 0.446875 0.53203125 0.0546875 0.38828125
26 0.1671875 0.659375 0.05703125 0.43203125
28 0.1015625 0.68125 0.0671875 0.42890625
1 0.39765625 0.5515625 0.03671875 0.39375
2 0.3515625 0.5859375 0.06015625 0.37890625
11 0.29140625 0.60078125 0.059375 0.38984375
0 0.95546875 0.3046875 0.0578125 0.390625
1 0.67421875 0.4265625 0.03984375 0.40078125
3 0.5015625 0.4984375 0.053125 0.3921875