13 0.225 0.63046875 0.05859375 0.40859375
21 0.56796875 0.46953125 0.07265625 0.40625
8 0.83984375 0.35 0.0578125 0.38671875
13 0.63203125 0.44765625 0.05703125 0.39921875
20 0.0484375 0.7078125 0.05234375 0.43046875
6 0.7859375 0.38046875 0.06171875 0.3890625
26 0.16796875 0.65703125 0.053125 0.42890625
2 0.728125 0.409375 0.06015625 0.38125
11 0.29140625 0.60078125 0.06015625 0.39375
28 0.1015625 0.68125 0.06640625 0.43125
6 0.89609375 0.32421875 0.05703125 0.40078125
11 0.44921875 0.525 0.05390625 0.40078125
1 0.39765625 0.55234375 0.0359375 0.396875
0 0.95546875 0.30546875 0.05703125 0.40078125
1 0.67421875 0.42578125 0.03984375 0.4078125
2 0.34375 0.578125 0.05859375 0.38984375
3 0.49921875 0.4953125 0.0546875 0.3890625