3 0.76484375 0.7125 0.08046875 0.2125
1 0.64765625 0.61875 0.0734375 0.2140625
9 0.8265625 0.765625 0.08046875 0.21171875
0 0.70625 0.66953125 0.078125 0.21328125
21 0.55 0.52890625 0.11015625 0.22734375
1 0.48984375 0.48515625 0.09453125 0.21640625
7 0.3765625 0.38984375 0.0921875 0.21875
10 0.428125 0.4390625 0.08671875 0.22265625
9 0.9484375 0.86328125 0.08125 0.22578125
0 0.325 0.33671875 0.09296875 0.2078125
9 0.88671875 0.81875 0.08046875 0.21328125
10 0.58828125 0.56875 0.08515625 0.221875
15 0.2734375 0.290625 0.071875 0.22578125
15 0.221875 0.246875 0.07578125 0.17421875
16 0.17265625 0.2125 0.0609375 0.16640625
32 0.12421875 0.17265625 0.07578125 0.19296875
30 0.0734375 0.12421875 0.06953125 0.19921875