3 0.76484375 0.7125 0.078125 0.21328125
9 0.8265625 0.765625 0.08046875 0.2171875
0 0.7078125 0.67109375 0.0765625 0.2109375
1 0.64765625 0.61875 0.0734375 0.21796875
21 0.5375 0.5296875 0.08515625 0.22734375
1 0.490625 0.484375 0.09609375 0.22109375
9 0.9484375 0.865625 0.08046875 0.23046875
0 0.32421875 0.33828125 0.09375 0.209375
7 0.37578125 0.38984375 0.09296875 0.221875
9 0.88671875 0.81953125 0.08046875 0.215625
16 0.17578125 0.2234375 0.090625 0.209375
15 0.2671875 0.296875 0.09609375 0.20390625
10 0.42734375 0.440625 0.0875 0.22890625
10 0.5859375 0.5859375 0.059375 0.209375
15 0.22109375 0.24609375 0.0734375 0.1828125
32 0.121875 0.16875 0.06796875 0.1875
30 0.07265625 0.12265625 0.07265625 0.19296875