11 0.2578125 0.51796875 0.05078125 0.5796875
30 0.07109375 0.515625 0.05859375 0.57421875
9 0.77109375 0.49765625 0.04921875 0.6140625
29 0.1421875 0.51171875 0.07890625 0.58671875
1 0.66953125 0.49375 0.02734375 0.60546875
0 0.5640625 0.4984375 0.04375 0.59609375
17 0.4109375 0.50625 0.0515625 0.58984375
25 0.61953125 0.4984375 0.0484375 0.60234375
4 0.35703125 0.52890625 0.046875 0.5578125
2 0.87578125 0.49765625 0.04296875 0.63359375
3 0.82890625 0.4953125 0.04140625 0.62578125
15 0.309375 0.5203125 0.0421875 0.5796875
7 0.7203125 0.5 0.04609375 0.62109375
7 0.92734375 0.47421875 0.04609375 0.64453125
19 0.4640625 0.51328125 0.0484375 0.60390625
25 0.5109375 0.51015625 0.03046875 0.5828125
7 0.20625 0.50078125 0.04375 0.5765625