5 0.79375 0.6765625 0.03984375 0.31875
8 0.94765625 0.7390625 0.04140625 0.30546875
4 0.7421875 0.65625 0.04296875 0.31875
32 0.5140625 0.5546875 0.04296875 0.3453125
0 0.68984375 0.6375 0.040625 0.32265625
12 0.41171875 0.503125 0.0421875 0.32890625
8 0.203125 0.41171875 0.0375 0.325
21 0.5734375 0.584375 0.065625 0.33359375
32 0.25546875 0.43359375 0.040625 0.3203125
32 0.3078125 0.4609375 0.04140625 0.32265625
3 0.89140625 0.72890625 0.03828125 0.3125
8 0.8421875 0.70078125 0.04140625 0.30546875
32 0.35625 0.4765625 0.04375 0.334375
29 0.1390625 0.3734375 0.0734375 0.35390625
19 0.4609375 0.52578125 0.0421875 0.33046875
16 0.63515625 0.615625 0.0484375 0.33046875
30 0.06796875 0.340625 0.04453125 0.33828125