5 0.79375 0.678125 0.03828125 0.30859375
8 0.946875 0.73984375 0.0421875 0.309375
32 0.51484375 0.5546875 0.04375 0.34765625
12 0.4109375 0.50390625 0.04140625 0.3296875
32 0.25546875 0.43203125 0.04140625 0.33203125
0 0.68984375 0.63984375 0.040625 0.3203125
4 0.7421875 0.65859375 0.040625 0.31484375
32 0.30703125 0.45546875 0.03828125 0.340625
8 0.20234375 0.415625 0.0390625 0.328125
8 0.8421875 0.7015625 0.040625 0.30546875
19 0.4609375 0.5265625 0.0421875 0.33046875
21 0.57421875 0.584375 0.06484375 0.33359375
32 0.35625 0.478125 0.04296875 0.3375
29 0.1375 0.38671875 0.071875 0.33203125
3 0.89140625 0.7296875 0.03828125 0.3140625
30 0.06875 0.34921875 0.0453125 0.34921875
16 0.6359375 0.615625 0.05234375 0.34609375