11 0.5 0.53125 0.0640625 0.52578125
3 0.76640625 0.5 0.053125 0.54140625
4 0.44296875 0.5359375 0.04921875 0.52734375
29 0.13515625 0.56953125 0.078125 0.51171875
1 0.39765625 0.540625 0.040625 0.52265625
0 0.66484375 0.51484375 0.05 0.534375
3 0.309375 0.55625 0.04609375 0.50625
0 0.61953125 0.5203125 0.05 0.53359375
14 0.1984375 0.56015625 0.05625 0.50859375
30 0.07109375 0.57734375 0.0625 0.515625
3 0.87890625 0.48984375 0.05625 0.55078125
1 0.7125 0.50390625 0.0453125 0.53984375
0 0.93125 0.48359375 0.06015625 0.553125
6 0.81953125 0.50234375 0.05546875 0.553125
22 0.55625 0.51953125 0.06328125 0.5390625
4 0.35234375 0.53125 0.0515625 0.51484375
16 0.25234375 0.5484375 0.06484375 0.48125