10 0.64921875 0.528125 0.05859375 0.60234375
2 0.515625 0.52265625 0.0515625 0.6109375
10 0.4609375 0.515625 0.05859375 0.61171875
30 0.08125 0.496875 0.0640625 0.625
6 0.70546875 0.5328125 0.04921875 0.6
21 0.584375 0.525 0.07265625 0.6078125
1 0.88203125 0.54140625 0.0328125 0.59453125
2 0.79609375 0.5359375 0.0484375 0.60625
6 0.84140625 0.5453125 0.0484375 0.60625
15 0.31796875 0.5140625 0.05390625 0.62734375
32 0.1375 0.49921875 0.0625 0.62109375
1 0.746875 0.5359375 0.03125 0.59609375
4 0.40546875 0.5171875 0.05234375 0.6109375
14 0.26171875 0.50859375 0.05625 0.6234375
4 0.9359375 0.540625 0.05546875 0.6109375
16 0.203125 0.5046875 0.06484375 0.61953125
0 0.3609375 0.51796875 0.04453125 0.61015625