3 0.65 0.540625 0.0484375 0.44765625
24 0.59609375 0.515625 0.04921875 0.45703125
3 0.821875 0.59375 0.04765625 0.475
32 0.06171875 0.33515625 0.0609375 0.45546875
9 0.11328125 0.35234375 0.05 0.4484375
21 0.5359375 0.48671875 0.05546875 0.475
11 0.42734375 0.45625 0.05078125 0.453125
2 0.2703125 0.41328125 0.046875 0.4390625
1 0.88125 0.615625 0.02890625 0.46875
1 0.37734375 0.44375 0.03359375 0.44453125
2 0.94296875 0.63359375 0.05 0.4796875
11 0.48515625 0.47734375 0.04609375 0.45625
4 0.16796875 0.3703125 0.04453125 0.44765625
1 0.7640625 0.57578125 0.0296875 0.4609375
0 0.7046875 0.5546875 0.04921875 0.44765625
4 0.32421875 0.43046875 0.04453125 0.4421875
19 0.22109375 0.38828125 0.0515625 0.45234375