24 0.59609375 0.51171875 0.0484375 0.45390625
3 0.65 0.5390625 0.04765625 0.44375
11 0.42734375 0.4625 0.0484375 0.44453125
11 0.4859375 0.47734375 0.0484375 0.45078125
32 0.059375 0.3265625 0.046875 0.45078125
2 0.26640625 0.41484375 0.04296875 0.43046875
2 0.93984375 0.63046875 0.04765625 0.4609375
1 0.3765625 0.44453125 0.034375 0.43828125
1 0.88203125 0.60625 0.02734375 0.46171875
9 0.11484375 0.35390625 0.053125 0.44140625
19 0.22109375 0.39453125 0.05078125 0.44765625
3 0.82265625 0.59140625 0.046875 0.46953125
1 0.76328125 0.5765625 0.0359375 0.45546875
4 0.16328125 0.36640625 0.04140625 0.42421875
4 0.31875 0.41015625 0.046875 0.4171875
21 0.53515625 0.48359375 0.05390625 0.47109375
0 0.70390625 0.5625 0.04375 0.43515625