3 0.65 0.540625 0.04921875 0.4515625
24 0.59609375 0.515625 0.0484375 0.459375
3 0.821875 0.59375 0.04765625 0.47734375
21 0.53515625 0.50234375 0.05703125 0.478125
9 0.1125 0.3515625 0.0484375 0.45
32 0.06328125 0.334375 0.0578125 0.4546875
11 0.484375 0.4765625 0.04609375 0.46015625
1 0.88203125 0.615625 0.0296875 0.46953125
1 0.37734375 0.44453125 0.03515625 0.45078125
2 0.94375 0.634375 0.05390625 0.48671875
0 0.70390625 0.5546875 0.04921875 0.45078125
2 0.2703125 0.4140625 0.046875 0.44296875
11 0.428125 0.46171875 0.0484375 0.45078125
4 0.16796875 0.36875 0.04375 0.4515625
4 0.3234375 0.42734375 0.04453125 0.4546875
1 0.765625 0.57578125 0.0296875 0.46328125
19 0.2203125 0.3890625 0.0515625 0.45625