10 0.23828125 0.3671875 0.04375 0.28671875
22 0.3984375 0.45703125 0.046875 0.29765625
8 0.19296875 0.34609375 0.0359375 0.278125
17 0.45390625 0.48125 0.040625 0.3015625
29 0.125 0.309375 0.0625 0.30859375
2 0.94296875 0.7484375 0.04296875 0.31015625
0 0.71875 0.62578125 0.04140625 0.31015625
1 0.8859375 0.71328125 0.0265625 0.31015625
12 0.3015625 0.40078125 0.04296875 0.29375
9 0.8265625 0.68125 0.0421875 0.30703125
1 0.6671875 0.60078125 0.02265625 0.3
1 0.77421875 0.6578125 0.0265625 0.30546875
30 0.0609375 0.28203125 0.04140625 0.303125
2 0.34921875 0.43046875 0.03984375 0.2859375
19 0.6140625 0.571875 0.04609375 0.31015625
1 0.50546875 0.53046875 0.03203125 0.3046875
22 0.55859375 0.5265625 0.05 0.29765625