0 0.646875 0.59921875 0.053125 0.3078125
14 0.20234375 0.3578125 0.053125 0.31171875
8 0.36171875 0.4421875 0.05078125 0.296875
11 0.5234375 0.52421875 0.05703125 0.30234375
21 0.5875 0.5625 0.071875 0.3125
10 0.4640625 0.49296875 0.065625 0.3109375
1 0.41171875 0.46640625 0.03671875 0.2984375
30 0.0703125 0.296875 0.06171875 0.31875
4 0.74453125 0.65625 0.05234375 0.3015625
7 0.89296875 0.73828125 0.05625 0.31328125
29 0.13828125 0.31953125 0.08359375 0.32421875
23 0.25234375 0.38125 0.05546875 0.31015625
17 0.3125 0.41484375 0.05625 0.30703125
1 0.946875 0.78203125 0.04453125 0.2984375
7 0.8453125 0.71171875 0.04609375 0.35234375
6 0.79375 0.678125 0.05078125 0.334375
0 0.69609375 0.62890625 0.05 0.31640625