8 0.35625 0.49453125 0.0484375 0.57421875
22 0.55546875 0.5171875 0.046875 0.578125
9 0.86484375 0.55390625 0.05078125 0.5859375
10 0.3046875 0.4875 0.05 0.58359375
9 0.1375 0.48359375 0.046875 0.57734375
24 0.61015625 0.52265625 0.05234375 0.58125
4 0.1921875 0.48203125 0.04453125 0.58671875
11 0.50234375 0.5109375 0.05234375 0.57890625
23 0.246875 0.4875 0.04921875 0.578125
4 0.80703125 0.55234375 0.04453125 0.59375
4 0.44765625 0.5015625 0.046875 0.58203125
32 0.08671875 0.4828125 0.04765625 0.58828125
7 0.74765625 0.5328125 0.04609375 0.59921875
0 0.66484375 0.528125 0.05234375 0.57734375
5 0.91953125 0.55625 0.04765625 0.6015625
1 0.40546875 0.50078125 0.02734375 0.578125
1 0.7078125 0.53828125 0.03359375 0.58203125