8 0.35625 0.49375 0.0484375 0.57421875
22 0.55546875 0.51796875 0.046875 0.57890625
9 0.86484375 0.55390625 0.0515625 0.58515625
10 0.3046875 0.4875 0.05 0.58359375
9 0.1375 0.48359375 0.046875 0.57734375
24 0.61015625 0.52265625 0.05234375 0.58125
4 0.1921875 0.48125 0.0453125 0.5859375
11 0.50234375 0.5109375 0.053125 0.5796875
4 0.446875 0.50078125 0.046875 0.58203125
23 0.246875 0.4875 0.05 0.578125
4 0.80703125 0.553125 0.04453125 0.5921875
7 0.7484375 0.5328125 0.04609375 0.5984375
32 0.08671875 0.48125 0.0484375 0.5890625
0 0.66484375 0.528125 0.05234375 0.57734375
5 0.91953125 0.55546875 0.04765625 0.6
1 0.40546875 0.50078125 0.02734375 0.57890625
1 0.70625 0.53515625 0.0328125 0.5640625