22 0.55546875 0.51328125 0.04609375 0.56796875
8 0.35546875 0.49609375 0.0453125 0.55625
9 0.86484375 0.55546875 0.05078125 0.5703125
10 0.30390625 0.484375 0.0484375 0.57421875
9 0.13828125 0.48359375 0.04453125 0.575
4 0.1921875 0.4828125 0.04375 0.58046875
4 0.80625 0.55234375 0.04453125 0.57578125
4 0.44765625 0.5015625 0.04609375 0.56640625
7 0.74765625 0.5328125 0.04375 0.5828125
32 0.0859375 0.4828125 0.04609375 0.58046875
0 0.66328125 0.53125 0.04765625 0.56875
23 0.24140625 0.484375 0.0515625 0.575
5 0.91875 0.55625 0.0453125 0.5875
24 0.6109375 0.52109375 0.04921875 0.571875
11 0.50078125 0.50859375 0.04921875 0.56171875
1 0.70859375 0.53359375 0.02890625 0.54375
1 0.4015625 0.50234375 0.03203125 0.55859375