20 0.0515625 0.5078125 0.0484375 0.5453125
13 0.23125 0.50859375 0.053125 0.50859375
11 0.29453125 0.51796875 0.05078125 0.49453125
13 0.63984375 0.5296875 0.05078125 0.47109375
21 0.5734375 0.525 0.0609375 0.47890625
7 0.9359375 0.53046875 0.04453125 0.4734375
11 0.44921875 0.51953125 0.04453125 0.4765625
28 0.1109375 0.50625 0.0625 0.5296875
26 0.1734375 0.50625 0.04609375 0.5234375
4 0.84453125 0.5359375 0.0484375 0.47578125
1 0.88671875 0.540625 0.0296875 0.47265625
1 0.68671875 0.53203125 0.03046875 0.4765625
2 0.353125 0.52109375 0.0546875 0.484375
7 0.78984375 0.53203125 0.0484375 0.47734375
1 0.40625 0.52109375 0.0328125 0.478125
30 0.50703125 0.52109375 0.053125 0.47734375
7 0.73125 0.53125 0.04296875 0.4828125