10 0.2765625 0.41796875 0.05546875 0.3640625
21 0.55 0.55390625 0.06484375 0.3828125
6 0.33125 0.4359375 0.05078125 0.36328125
7 0.87265625 0.71484375 0.05078125 0.39140625
9 0.38046875 0.47578125 0.04921875 0.3703125
2 0.66640625 0.6140625 0.04609375 0.3625
30 0.1296875 0.35390625 0.06015625 0.38125
5 0.71796875 0.63359375 0.0484375 0.36953125
1 0.8203125 0.6890625 0.040625 0.37421875
1 0.18671875 0.37421875 0.0359375 0.37890625
18 0.2265625 0.40078125 0.04609375 0.35703125
21 0.06484375 0.31875 0.0703125 0.38515625
28 0.434375 0.49296875 0.05546875 0.37421875
9 0.4890625 0.5203125 0.04921875 0.36875
2 0.9265625 0.7390625 0.05625 0.36328125
4 0.76640625 0.66796875 0.0484375 0.3734375
19 0.61171875 0.5796875 0.0578125 0.3890625