9 0.86953125 0.55625 0.05703125 0.5625
5 0.6890625 0.51484375 0.05234375 0.53984375
4 0.1625 0.425 0.046875 0.4875
0 0.74375 0.5296875 0.05703125 0.5421875
3 0.63515625 0.51015625 0.04609375 0.53125
8 0.31015625 0.4546875 0.0484375 0.4921875
5 0.934375 0.559375 0.05625 0.56796875
3 0.41328125 0.471875 0.046875 0.5
32 0.0625 0.41328125 0.0546875 0.49296875
0 0.809375 0.54296875 0.0578125 0.54296875
24 0.575 0.5046875 0.0578125 0.52421875
9 0.1140625 0.4203125 0.05 0.4890625
11 0.4671875 0.48046875 0.05546875 0.51015625
2 0.26171875 0.44296875 0.0484375 0.49296875
16 0.21328125 0.4421875 0.05859375 0.48671875
1 0.36328125 0.4640625 0.0328125 0.4984375
21 0.51875 0.490625 0.05625 0.51953125