9 0.8703125 0.55546875 0.05625 0.5609375
5 0.6890625 0.5140625 0.05078125 0.5375
0 0.74453125 0.52890625 0.05546875 0.5390625
3 0.63515625 0.509375 0.0453125 0.52890625
8 0.3125 0.4515625 0.04765625 0.4890625
4 0.1625 0.4234375 0.04609375 0.484375
5 0.93515625 0.559375 0.05546875 0.565625
32 0.0625 0.4140625 0.0546875 0.48984375
0 0.809375 0.5421875 0.0578125 0.540625
24 0.575 0.50390625 0.05703125 0.52109375
3 0.4125 0.4734375 0.04609375 0.4953125
11 0.4671875 0.47734375 0.05625 0.50703125
9 0.1140625 0.42109375 0.05 0.48515625
16 0.21328125 0.4421875 0.0578125 0.484375
2 0.25703125 0.446875 0.04609375 0.48828125
21 0.51875 0.48984375 0.05546875 0.51640625
1 0.36328125 0.4640625 0.0328125 0.496875