5 0.88828125 0.4015625 0.0421875 0.3546875
4 0.478125 0.546875 0.04765625 0.3640625
14 0.21640625 0.63828125 0.0578125 0.375
0 0.8421875 0.4203125 0.04296875 0.3421875
2 0.334375 0.60234375 0.04765625 0.35625
0 0.65234375 0.48515625 0.046875 0.35
30 0.0765625 0.68984375 0.053125 0.3765625
3 0.9421875 0.38515625 0.0421875 0.3453125
11 0.5296875 0.52421875 0.0484375 0.35859375
4 0.37734375 0.58671875 0.0453125 0.3640625
0 0.6984375 0.46953125 0.04296875 0.3296875
0 0.74765625 0.4546875 0.04453125 0.3296875
21 0.59375 0.50859375 0.06484375 0.353125
29 0.146875 0.65703125 0.07578125 0.371875
1 0.42421875 0.5640625 0.034375 0.3671875
6 0.7953125 0.43359375 0.04609375 0.3296875
16 0.27421875 0.61640625 0.0625 0.3578125