6 0.79453125 0.47265625 0.0484375 0.434375
32 0.5296875 0.49765625 0.0484375 0.48828125
0 0.7453125 0.471875 0.0453125 0.44609375
4 0.89296875 0.46171875 0.05078125 0.434375
32 0.37265625 0.51640625 0.04609375 0.4875
6 0.8421875 0.471875 0.04453125 0.43046875
0 0.69453125 0.47890625 0.04609375 0.45078125
5 0.425 0.51796875 0.0453125 0.48828125
22 0.590625 0.48359375 0.053125 0.48046875
30 0.05234375 0.57265625 0.05390625 0.4953125
29 0.1328125 0.56015625 0.08359375 0.5015625
32 0.3203125 0.52890625 0.04921875 0.49765625
22 0.47890625 0.50625 0.053125 0.48046875
16 0.64375 0.4796875 0.0578125 0.4625
8 0.2078125 0.55 0.0453125 0.4671875
32 0.259375 0.53828125 0.04765625 0.490625
7 0.9390625 0.446875 0.0484375 0.4296875