10 0.66484375 0.5515625 0.053125 0.56953125
10 0.478125 0.5234375 0.0578125 0.58359375
21 0.5984375 0.53984375 0.0734375 0.58125
30 0.0828125 0.45859375 0.0625 0.6015625
0 0.36953125 0.50625 0.04296875 0.59296875
4 0.41796875 0.509375 0.0515625 0.5953125
7 0.53125 0.53359375 0.0484375 0.57578125
2 0.76875 0.5703125 0.04453125 0.5859375
1 0.81171875 0.57578125 0.028125 0.5765625
3 0.72109375 0.56328125 0.04921875 0.5765625
7 0.9015625 0.5890625 0.04765625 0.5875
14 0.2703125 0.48671875 0.0546875 0.59140625
15 0.3265625 0.49453125 0.0515625 0.60234375
32 0.14453125 0.4671875 0.06015625 0.59765625
1 0.953125 0.59921875 0.0390625 0.56875
1 0.85546875 0.58046875 0.04296875 0.58359375
16 0.2046875 0.4703125 0.07265625 0.5671875