19 0.46875 0.4765625 0.071875 0.1578125
32 0.31171875 0.3375 0.0765625 0.14921875
1 0.7328125 0.7109375 0.05625 0.14609375
8 0.20625 0.24296875 0.06875 0.14140625
32 0.25703125 0.278125 0.07734375 0.15234375
12 0.41875 0.428125 0.07578125 0.1421875
32 0.51875 0.52578125 0.0703125 0.15234375
0 0.834375 0.79453125 0.06015625 0.13359375
30 0.07265625 0.1046875 0.09921875 0.1578125
16 0.6328125 0.621875 0.0703125 0.1453125
22 0.57421875 0.56796875 0.07890625 0.16015625
0 0.6828125 0.65859375 0.06484375 0.1453125
5 0.92890625 0.88203125 0.05078125 0.13515625
2 0.88125 0.846875 0.05234375 0.1234375
3 0.78125 0.7546875 0.04765625 0.12890625
32 0.36171875 0.378125 0.05859375 0.1453125
29 0.1453125 0.175 0.07734375 0.14375