12 0.27578125 0.2765625 0.065625 0.16328125
0 0.79453125 0.73359375 0.06953125 0.17890625
5 0.73984375 0.69453125 0.06796875 0.17265625
22 0.36875 0.3515625 0.06796875 0.18046875
3 0.68828125 0.64140625 0.06015625 0.17109375
21 0.53125 0.49609375 0.075 0.16875
17 0.425 0.4 0.0609375 0.1671875
1 0.63984375 0.60625 0.05859375 0.16640625
29 0.10859375 0.121875 0.075 0.15703125
2 0.846875 0.784375 0.06875 0.19296875
30 0.0484375 0.08515625 0.07109375 0.15078125
9 0.903125 0.8359375 0.04765625 0.15703125
19 0.58828125 0.55390625 0.05078125 0.1671875
2 0.3234375 0.31640625 0.046875 0.13203125
8 0.1734375 0.17109375 0.0390625 0.12890625
10 0.21796875 0.23203125 0.04375 0.1390625
0 0.47109375 0.4421875 0.04296875 0.13671875