30 0.07734375 0.19140625 0.07421875 0.21640625
10 0.2625 0.328125 0.0609375 0.20234375
17 0.4765625 0.484375 0.0625 0.21171875
22 0.42578125 0.44921875 0.06484375 0.22578125
2 0.9 0.81015625 0.05625 0.203125
1 0.6953125 0.65546875 0.03984375 0.2
3 0.84765625 0.7734375 0.05703125 0.203125
2 0.36953125 0.4109375 0.05390625 0.2078125
16 0.3234375 0.36953125 0.06171875 0.209375
8 0.95546875 0.84921875 0.06015625 0.21171875
21 0.58515625 0.5703125 0.071875 0.22578125
2 0.74375 0.690625 0.0609375 0.21328125
8 0.20859375 0.29140625 0.0578125 0.1953125
5 0.79765625 0.725 0.0453125 0.19140625
19 0.6453125 0.61796875 0.04765625 0.2
9 0.52578125 0.5265625 0.04453125 0.1765625
29 0.15 0.2375 0.0734375 0.21171875