30 0.07734375 0.190625 0.07265625 0.215625
10 0.2625 0.328125 0.06171875 0.20234375
17 0.47578125 0.48359375 0.0625 0.2109375
22 0.4265625 0.45 0.06328125 0.2234375
16 0.3234375 0.37109375 0.06171875 0.21171875
2 0.9 0.81171875 0.05546875 0.2078125
2 0.3703125 0.4125 0.05390625 0.20625
1 0.69453125 0.65390625 0.040625 0.20859375
3 0.84765625 0.7734375 0.05625 0.20390625
8 0.20859375 0.29140625 0.05703125 0.19375
2 0.74453125 0.68984375 0.06015625 0.21171875
21 0.584375 0.56875 0.07265625 0.22421875
8 0.95546875 0.85 0.0578125 0.21171875
29 0.1484375 0.23359375 0.0796875 0.2296875
19 0.64453125 0.61328125 0.0609375 0.21796875
5 0.79765625 0.74140625 0.05 0.1875
9 0.52734375 0.52578125 0.046875 0.1875