16 0.2453125 0.4078125 0.0671875 0.40546875
29 0.1203125 0.3421875 0.0890625 0.434375
4 0.3546875 0.45390625 0.04921875 0.396875
1 0.9578125 0.69140625 0.03359375 0.38671875
2 0.84921875 0.65 0.05234375 0.39140625
4 0.45234375 0.49296875 0.0515625 0.4015625
0 0.68984375 0.58671875 0.04765625 0.38671875
11 0.50625 0.51328125 0.0578125 0.40546875
14 0.18984375 0.3796875 0.0546875 0.40390625
1 0.3984375 0.47265625 0.0328125 0.39609375
2 0.30859375 0.4328125 0.05 0.3859375
2 0.7953125 0.6375 0.053125 0.37890625
30 0.05546875 0.32734375 0.0625 0.43046875
0 0.74375 0.6015625 0.04921875 0.38359375
21 0.571875 0.53671875 0.07578125 0.40859375
0 0.63984375 0.559375 0.05078125 0.38984375
0 0.90234375 0.671875 0.05546875 0.38125