4 0.3984375 0.49921875 0.05 0.5
11 0.45546875 0.50234375 0.0453125 0.49375
1 0.6671875 0.51953125 0.02734375 0.51640625
28 0.17421875 0.478125 0.0546875 0.51484375
13 0.6265625 0.50546875 0.0546875 0.49609375
0 0.91484375 0.521875 0.04453125 0.4734375
21 0.5578125 0.5046875 0.06015625 0.484375
28 0.11328125 0.475 0.0546875 0.51796875
11 0.28515625 0.4859375 0.05 0.49375
13 0.23125 0.48046875 0.04921875 0.49921875
3 0.8234375 0.515625 0.040625 0.49609375
1 0.871875 0.521875 0.0328125 0.4921875
7 0.71640625 0.515625 0.04921875 0.51640625
2 0.34375 0.5015625 0.05 0.4875
5 0.77109375 0.51484375 0.0453125 0.5046875
1 0.50078125 0.50390625 0.03828125 0.496875
20 0.0671875 0.46796875 0.04375 0.509375