11 0.45546875 0.50546875 0.0453125 0.4875
13 0.6265625 0.50859375 0.05390625 0.4875
4 0.3984375 0.50234375 0.05 0.49609375
1 0.6671875 0.521875 0.0265625 0.50546875
11 0.28515625 0.48671875 0.04921875 0.4875
28 0.1140625 0.475 0.053125 0.50859375
28 0.175 0.4796875 0.0546875 0.50546875
0 0.91484375 0.52265625 0.04453125 0.46328125
13 0.23203125 0.48203125 0.04921875 0.4921875
1 0.871875 0.52265625 0.03125 0.48046875
21 0.55859375 0.50703125 0.059375 0.47734375
3 0.82265625 0.51796875 0.04375 0.484375
2 0.34375 0.50234375 0.05078125 0.48359375
3 0.7703125 0.51640625 0.0453125 0.48828125
7 0.71640625 0.51875 0.04765625 0.5046875
1 0.5015625 0.51640625 0.03515625 0.509375
20 0.06484375 0.4703125 0.046875 0.540625