9 0.646875 0.5953125 0.0703125 0.34609375
21 0.15625 0.31640625 0.07578125 0.3125
0 0.5953125 0.5625 0.06640625 0.334375
5 0.70546875 0.61796875 0.07578125 0.340625
8 0.82421875 0.68203125 0.075 0.32578125
9 0.88359375 0.709375 0.08203125 0.32578125
2 0.36875 0.46015625 0.0703125 0.30703125
20 0.20390625 0.3515625 0.0625 0.31328125
4 0.94765625 0.73203125 0.084375 0.3015625
25 0.48046875 0.50078125 0.0625 0.3375
0 0.53359375 0.52578125 0.065625 0.34140625
9 0.7625 0.64453125 0.07734375 0.328125
1 0.4234375 0.46953125 0.046875 0.32421875
13 0.31171875 0.40546875 0.0625 0.31875
25 0.09296875 0.29765625 0.05078125 0.3171875
26 0.04296875 0.26171875 0.053125 0.3375
31 0.25859375 0.38203125 0.05234375 0.3296875