11 0.28046875 0.5 0.05078125 0.54375
13 0.63046875 0.5265625 0.0484375 0.5203125
11 0.44921875 0.5234375 0.04921875 0.53515625
13 0.225 0.49609375 0.05078125 0.553125
4 0.39296875 0.515625 0.0515625 0.54375
2 0.684375 0.5375 0.05234375 0.525
8 0.8515625 0.54375 0.04921875 0.51484375
20 0.053125 0.48515625 0.046875 0.575
8 0.796875 0.53828125 0.04921875 0.52109375
28 0.16640625 0.49453125 0.05625 0.56875
9 0.503125 0.52265625 0.05234375 0.52578125
1 0.95625 0.54765625 0.0296875 0.53125
28 0.10390625 0.490625 0.0578125 0.5734375
6 0.73671875 0.53984375 0.04921875 0.52734375
2 0.3390625 0.5171875 0.053125 0.54765625
6 0.909375 0.55 0.04609375 0.51875
21 0.5671875 0.51953125 0.06875 0.5328125