13 0.63984375 0.60546875 0.06796875 0.32421875
13 0.24140625 0.34609375 0.06015625 0.30234375
11 0.45625 0.47890625 0.05703125 0.29765625
11 0.30078125 0.3890625 0.05703125 0.3015625
1 0.94921875 0.79296875 0.0515625 0.30625
7 0.7359375 0.6640625 0.06796875 0.31953125
7 0.80078125 0.7015625 0.0671875 0.315625
4 0.5109375 0.525 0.06171875 0.30390625
1 0.4109375 0.45859375 0.0375 0.296875
1 0.69375 0.63984375 0.05078125 0.30859375
2 0.35546875 0.43125 0.06328125 0.3078125
28 0.1375 0.28359375 0.05625 0.30859375
26 0.18984375 0.315625 0.0578125 0.3140625
20 0.08671875 0.26484375 0.0484375 0.29921875
0 0.85625 0.73203125 0.06875 0.303125
1 0.909375 0.7734375 0.0546875 0.3015625
21 0.57421875 0.56484375 0.078125 0.31328125