24 0.5765625 0.49453125 0.05390625 0.56796875
8 0.92421875 0.47109375 0.05625 0.60546875
22 0.52109375 0.5 0.0484375 0.5640625
11 0.25859375 0.52578125 0.05 0.54765625
32 0.0578125 0.54453125 0.0484375 0.546875
4 0.4109375 0.5140625 0.0484375 0.55234375
8 0.3125 0.51953125 0.04375 0.54453125
5 0.74296875 0.47890625 0.0515625 0.60234375
4 0.159375 0.5375 0.040625 0.53515625
11 0.47109375 0.503125 0.05234375 0.553125
0 0.6359375 0.49375 0.05 0.57578125
1 0.80703125 0.4828125 0.03203125 0.60546875
23 0.2078125 0.53203125 0.04765625 0.5359375
7 0.86484375 0.475 0.0515625 0.609375
1 0.3640625 0.5140625 0.028125 0.54453125
9 0.1109375 0.53828125 0.0453125 0.53359375
1 0.6890625 0.48671875 0.0359375 0.57734375