8 0.92421875 0.46953125 0.05390625 0.58828125
24 0.57578125 0.49375 0.05390625 0.55859375
22 0.521875 0.4984375 0.0484375 0.553125
32 0.05859375 0.54140625 0.04765625 0.53515625
23 0.2078125 0.528125 0.046875 0.52578125
8 0.31328125 0.51640625 0.0421875 0.53515625
11 0.25859375 0.52421875 0.04921875 0.5375
5 0.74375 0.47578125 0.05078125 0.5921875
1 0.8078125 0.478125 0.03125 0.596875
4 0.159375 0.534375 0.03984375 0.525
11 0.47109375 0.49921875 0.05 0.559375
7 0.865625 0.471875 0.05078125 0.59921875
9 0.1109375 0.53828125 0.04453125 0.521875
1 0.3640625 0.51015625 0.02734375 0.53671875
0 0.6359375 0.4890625 0.05 0.56015625
4 0.41171875 0.5109375 0.0484375 0.546875
1 0.68984375 0.48515625 0.03359375 0.56796875