24 0.57578125 0.496875 0.0546875 0.56640625
8 0.92421875 0.47109375 0.05546875 0.6015625
22 0.521875 0.5 0.0484375 0.56171875
32 0.05859375 0.54765625 0.0484375 0.54296875
5 0.74296875 0.47890625 0.0515625 0.60078125
8 0.31328125 0.51875 0.04375 0.54375
23 0.2078125 0.5328125 0.046875 0.53359375
4 0.4109375 0.5125 0.0484375 0.5515625
1 0.80703125 0.48203125 0.03125 0.60625
11 0.47109375 0.503125 0.053125 0.55234375
11 0.25859375 0.52578125 0.05 0.546875
4 0.159375 0.53828125 0.040625 0.5328125
0 0.6359375 0.4953125 0.05 0.57109375
1 0.3640625 0.51328125 0.028125 0.54453125
7 0.865625 0.475 0.0515625 0.609375
9 0.1109375 0.540625 0.0453125 0.52890625
1 0.690625 0.4890625 0.03515625 0.57734375