11 0.515625 0.49140625 0.04921875 0.3609375
5 0.8296875 0.42421875 0.03984375 0.37265625
30 0.0828125 0.5765625 0.05078125 0.375
29 0.15703125 0.559375 0.07421875 0.38125
0 0.6859375 0.45625 0.04296875 0.34765625
1 0.77734375 0.43828125 0.0296875 0.365625
1 0.921875 0.41015625 0.02890625 0.371875
1 0.4125 0.515625 0.02890625 0.36171875
6 0.46484375 0.50234375 0.0453125 0.35546875
14 0.2234375 0.5515625 0.05078125 0.3609375
0 0.63984375 0.46328125 0.04296875 0.35390625
2 0.32265625 0.54140625 0.04453125 0.35859375
2 0.87578125 0.4234375 0.0421875 0.3640625
20 0.27265625 0.546875 0.04296875 0.3546875
4 0.36875 0.53203125 0.04140625 0.3484375
0 0.7296875 0.4453125 0.04140625 0.346875
21 0.57578125 0.48203125 0.06328125 0.3609375