5 0.8296875 0.42578125 0.04140625 0.390625
11 0.515625 0.48984375 0.05234375 0.3796875
29 0.15390625 0.559375 0.0796875 0.39921875
30 0.08046875 0.57421875 0.0546875 0.39609375
0 0.6859375 0.4546875 0.04375 0.36328125
1 0.4125 0.5140625 0.03203125 0.37734375
1 0.778125 0.4296875 0.03046875 0.3875
2 0.32265625 0.540625 0.046875 0.37890625
1 0.921875 0.41171875 0.03046875 0.39609375
6 0.4640625 0.5015625 0.04765625 0.37265625
20 0.2734375 0.5453125 0.04453125 0.371875
4 0.36875 0.53046875 0.04453125 0.37421875
2 0.88046875 0.4234375 0.04375 0.378125
14 0.2234375 0.55078125 0.05234375 0.37734375
0 0.73515625 0.44296875 0.04375 0.371875
0 0.63984375 0.4640625 0.0453125 0.371875
21 0.5765625 0.475 0.0734375 0.37578125