3 0.64765625 0.5296875 0.046875 0.54140625
6 0.7609375 0.54765625 0.0484375 0.55859375
8 0.8734375 0.56015625 0.0484375 0.57265625
24 0.59453125 0.51484375 0.04765625 0.5609375
9 0.1140625 0.4265625 0.04453125 0.5359375
11 0.48359375 0.49296875 0.05 0.54375
8 0.3234375 0.46796875 0.04765625 0.5328125
5 0.93828125 0.5671875 0.0515625 0.584375
4 0.16796875 0.434375 0.04453125 0.53203125
21 0.534375 0.503125 0.05546875 0.55078125
32 0.06484375 0.415625 0.04765625 0.5515625
1 0.81875 0.5515625 0.0328125 0.5734375
16 0.22109375 0.44609375 0.05234375 0.53125
2 0.2703125 0.4515625 0.04609375 0.53984375
4 0.70078125 0.54140625 0.04765625 0.54921875
1 0.3765625 0.47578125 0.02734375 0.53671875
3 0.42734375 0.48671875 0.0421875 0.53828125