3 0.64765625 0.53046875 0.04765625 0.54140625
6 0.7609375 0.5484375 0.04921875 0.55859375
8 0.8734375 0.5609375 0.0484375 0.57109375
11 0.4828125 0.49765625 0.0484375 0.54375
8 0.3234375 0.46796875 0.04765625 0.53203125
24 0.59453125 0.51484375 0.04765625 0.5609375
9 0.1140625 0.421875 0.04453125 0.534375
5 0.93828125 0.56796875 0.0515625 0.58359375
4 0.16796875 0.43515625 0.04453125 0.53125
21 0.534375 0.503125 0.05625 0.5515625
32 0.06484375 0.415625 0.046875 0.55078125
1 0.81875 0.55234375 0.0328125 0.5734375
16 0.22109375 0.446875 0.05234375 0.53125
2 0.2703125 0.45234375 0.04609375 0.54140625
4 0.7 0.54140625 0.04765625 0.54921875
3 0.4265625 0.48671875 0.04296875 0.5390625
1 0.3765625 0.47578125 0.0265625 0.5359375