12 0.6140625 0.57734375 0.05625 0.35546875
21 0.55234375 0.5421875 0.0625 0.3609375
1 0.66484375 0.6125 0.0359375 0.3546875
9 0.45 0.49140625 0.05078125 0.3625
8 0.93984375 0.76875 0.0578125 0.35078125
0 0.71796875 0.634375 0.05234375 0.35546875
3 0.34296875 0.42578125 0.04375 0.35078125
1 0.8296875 0.70703125 0.04140625 0.35
5 0.775 0.66171875 0.05078125 0.3578125
20 0.07265625 0.3140625 0.0578125 0.3703125
5 0.29140625 0.39609375 0.05 0.34921875
10 0.2375 0.37890625 0.046875 0.34296875
23 0.39375 0.4578125 0.05 0.36796875
32 0.1828125 0.35546875 0.0515625 0.34765625
4 0.88046875 0.74609375 0.053125 0.3703125
28 0.12734375 0.31640625 0.05703125 0.34765625
1 0.50078125 0.51796875 0.04140625 0.34765625