10 0.615625 0.55234375 0.05546875 0.50546875
10 0.44765625 0.5234375 0.05 0.50859375
16 0.1703125 0.46875 0.059375 0.53359375
4 0.39140625 0.5125 0.05546875 0.51796875
6 0.50234375 0.53046875 0.0578125 0.50078125
15 0.228125 0.48671875 0.05390625 0.5375
32 0.11171875 0.4625 0.053125 0.53125
8 0.66875 0.56015625 0.0546875 0.4984375
2 0.88828125 0.6046875 0.05625 0.5140625
9 0.94921875 0.61640625 0.0515625 0.5046875
7 0.7796875 0.5796875 0.05078125 0.51484375
21 0.56015625 0.53984375 0.0578125 0.50390625
9 0.83359375 0.59765625 0.05390625 0.5078125
30 0.05390625 0.44453125 0.0546875 0.52421875
0 0.72578125 0.57734375 0.0546875 0.51171875
0 0.340625 0.5015625 0.05390625 0.51796875
14 0.28125 0.4953125 0.05859375 0.53203125