10 0.615625 0.5515625 0.05546875 0.50859375
10 0.44765625 0.52265625 0.05 0.51328125
16 0.1703125 0.46875 0.059375 0.53359375
4 0.39140625 0.5125 0.05546875 0.5203125
15 0.228125 0.4859375 0.0546875 0.53671875
8 0.66875 0.5640625 0.053125 0.49765625
6 0.50234375 0.53046875 0.05703125 0.5046875
2 0.88828125 0.6046875 0.05625 0.515625
9 0.94765625 0.6171875 0.0546875 0.50625
32 0.11171875 0.4625 0.053125 0.53203125
9 0.83359375 0.59765625 0.0546875 0.509375
21 0.56015625 0.540625 0.05703125 0.50546875
30 0.05546875 0.44453125 0.05390625 0.5375
7 0.7796875 0.5796875 0.05 0.51640625
0 0.33984375 0.5015625 0.053125 0.51796875
0 0.72578125 0.57734375 0.0546875 0.5140625
14 0.28203125 0.4953125 0.05703125 0.52890625