8 0.79296875 0.64453125 0.05 0.36484375
19 0.44765625 0.48984375 0.04453125 0.371875
16 0.62578125 0.5703125 0.05078125 0.3671875
29 0.11171875 0.3359375 0.0671875 0.378125
0 0.73515625 0.62578125 0.04453125 0.35625
32 0.503125 0.52421875 0.0484375 0.3796875
8 0.178125 0.37421875 0.0421875 0.34453125
22 0.5625 0.5421875 0.05078125 0.378125
32 0.3375 0.453125 0.0453125 0.40390625
0 0.67734375 0.60234375 0.04609375 0.35234375
1 0.84921875 0.66796875 0.03046875 0.36015625
8 0.90625 0.703125 0.04296875 0.35625
32 0.22734375 0.3984375 0.04765625 0.3828125
32 0.28203125 0.4234375 0.04453125 0.396875
9 0.96875 0.72578125 0.0453125 0.34765625
12 0.38984375 0.471875 0.04765625 0.375
30 0.0484375 0.309375 0.05078125 0.3859375