12 0.421875 0.50078125 0.0453125 0.36953125
19 0.48046875 0.52265625 0.04375 0.38828125
32 0.24765625 0.44375 0.04296875 0.37890625
9 0.81171875 0.62734375 0.04140625 0.35078125
0 0.703125 0.58984375 0.04140625 0.359375
0 0.86484375 0.640625 0.040625 0.35546875
29 0.12421875 0.4046875 0.06875 0.384375
32 0.30859375 0.46171875 0.04296875 0.38671875
30 0.05390625 0.3828125 0.046875 0.38515625
2 0.915625 0.66015625 0.03984375 0.3578125
32 0.53125 0.5328125 0.04609375 0.390625
8 0.1984375 0.43125 0.040625 0.365625
0 0.75625 0.61015625 0.04296875 0.3515625
4 0.96875 0.66953125 0.03984375 0.35234375
22 0.59453125 0.55234375 0.04765625 0.3859375
32 0.36171875 0.4859375 0.04453125 0.36796875
16 0.64921875 0.56484375 0.0515625 0.37734375