12 0.409375 0.425 0.075 0.171875
19 0.45859375 0.47890625 0.07421875 0.18203125
32 0.25 0.2921875 0.075 0.1921875
1 0.82890625 0.79140625 0.06796875 0.1796875
32 0.35546875 0.38515625 0.075 0.1734375
8 0.1953125 0.24375 0.0671875 0.16953125
0 0.6796875 0.65859375 0.071875 0.17890625
1 0.87734375 0.8375 0.06484375 0.190625
5 0.72890625 0.7046875 0.071875 0.17265625
16 0.6328125 0.61640625 0.07890625 0.1828125
30 0.06796875 0.140625 0.08359375 0.21640625
29 0.1390625 0.18515625 0.08984375 0.1984375
32 0.303125 0.33828125 0.078125 0.18046875
32 0.509375 0.52109375 0.08046875 0.184375
21 0.57265625 0.5765625 0.09375 0.1921875
5 0.93046875 0.8703125 0.0734375 0.17578125
5 0.78046875 0.74921875 0.05078125 0.14375