1 0.8765625 0.83046875 0.0703125 0.1875
12 0.409375 0.421875 0.07578125 0.18046875
32 0.3546875 0.38359375 0.07421875 0.178125
1 0.8296875 0.7828125 0.07109375 0.17890625
8 0.19921875 0.24921875 0.06796875 0.17265625
32 0.25 0.290625 0.07734375 0.1953125
19 0.45859375 0.47578125 0.07421875 0.18984375
16 0.63203125 0.61640625 0.08046875 0.1859375
32 0.509375 0.51640625 0.078125 0.18828125
30 0.06875 0.1453125 0.08359375 0.2140625
21 0.57265625 0.575 0.09140625 0.2
32 0.3046875 0.3375 0.07890625 0.1890625
5 0.72890625 0.70234375 0.0734375 0.178125
0 0.6796875 0.65859375 0.075 0.178125
29 0.14140625 0.190625 0.09375 0.1984375
5 0.928125 0.8703125 0.0453125 0.153125
5 0.7765625 0.74765625 0.04453125 0.16796875