30 0.07734375 0.68125 0.06015625 0.4359375
0 0.653125 0.45390625 0.046875 0.39296875
4 0.8828125 0.36796875 0.0421875 0.371875
9 0.83515625 0.3828125 0.04453125 0.37578125
14 0.2265625 0.6234375 0.053125 0.4171875
1 0.4171875 0.5453125 0.0328125 0.4125
21 0.59375 0.4703125 0.06640625 0.39921875
29 0.1515625 0.6484375 0.0859375 0.44296875
1 0.74375 0.4203125 0.028125 0.396875
0 0.93125 0.34609375 0.04375 0.37265625
8 0.36953125 0.565625 0.04921875 0.39296875
18 0.27265625 0.60703125 0.0421875 0.403125
0 0.6984375 0.43671875 0.04375 0.3890625
3 0.3234375 0.5828125 0.05 0.4109375
11 0.53203125 0.49609375 0.05234375 0.4125
1 0.78984375 0.39296875 0.0359375 0.3890625
27 0.47109375 0.51640625 0.06015625 0.390625