17 0.63515625 0.54453125 0.0484375 0.51796875
4 0.5125 0.540625 0.04453125 0.51015625
2 0.6890625 0.56015625 0.04296875 0.5140625
0 0.79140625 0.571875 0.04609375 0.5140625
29 0.12421875 0.49453125 0.0734375 0.528125
22 0.40546875 0.52734375 0.0484375 0.521875
1 0.7390625 0.565625 0.028125 0.52578125
6 0.8921875 0.578125 0.04296875 0.51171875
8 0.19375 0.50546875 0.0421875 0.5125
4 0.3484375 0.521875 0.04375 0.51796875
6 0.84296875 0.571875 0.04296875 0.5109375
0 0.45703125 0.5265625 0.04140625 0.51953125
1 0.9515625 0.5984375 0.03515625 0.5015625
30 0.05390625 0.48203125 0.04921875 0.54140625
18 0.246875 0.5140625 0.0375 0.5109375
21 0.57109375 0.53359375 0.0625 0.50234375
12 0.29453125 0.50859375 0.05234375 0.46484375