17 0.634375 0.5453125 0.04921875 0.51640625
4 0.51171875 0.54140625 0.04453125 0.5078125
0 0.7921875 0.57421875 0.0453125 0.51015625
2 0.68828125 0.56171875 0.04375 0.50859375
22 0.4046875 0.5265625 0.046875 0.51953125
1 0.7390625 0.5671875 0.028125 0.52109375
6 0.89296875 0.5796875 0.0421875 0.51171875
6 0.84296875 0.57578125 0.0421875 0.51171875
4 0.34765625 0.51953125 0.04375 0.51796875
29 0.12421875 0.49921875 0.06484375 0.528125
18 0.24609375 0.5125 0.0375 0.5078125
1 0.9515625 0.60078125 0.03359375 0.5015625
30 0.05390625 0.47890625 0.05234375 0.52734375
8 0.19375 0.5046875 0.0421875 0.51015625
27 0.45703125 0.52734375 0.040625 0.51796875
2 0.296875 0.51640625 0.04453125 0.515625
21 0.571875 0.55234375 0.0609375 0.53984375