4 0.8734375 0.571875 0.06328125 0.54296875
5 0.94296875 0.59140625 0.06484375 0.546875
8 0.315625 0.4515625 0.0515625 0.475
3 0.81484375 0.5609375 0.05390625 0.525
1 0.3640625 0.46484375 0.0390625 0.48359375
5 0.75 0.5484375 0.0578125 0.5234375
2 0.69140625 0.5390625 0.05625 0.515625
5 0.521875 0.5015625 0.0546875 0.4875
11 0.415625 0.4734375 0.053125 0.48515625
0 0.63671875 0.52734375 0.05546875 0.4984375
27 0.578125 0.51640625 0.05390625 0.496875
23 0.46953125 0.48828125 0.0546875 0.49921875
12 0.26640625 0.45 0.05390625 0.4703125
19 0.07578125 0.40234375 0.046875 0.45234375
21 0.125 0.415625 0.0515625 0.46171875
17 0.171875 0.415625 0.0421875 0.46171875
25 0.21484375 0.43828125 0.05 0.4703125