3 0.93671875 0.5421875 0.05 0.5359375
10 0.16328125 0.48671875 0.046875 0.5421875
3 0.7625 0.5234375 0.04375 0.53984375
8 0.70234375 0.51796875 0.0484375 0.5390625
6 0.590625 0.51640625 0.04765625 0.53515625
9 0.53828125 0.51796875 0.0484375 0.5375
5 0.81875 0.5234375 0.04609375 0.5484375
0 0.87734375 0.53359375 0.05078125 0.5390625
2 0.31875 0.5015625 0.04765625 0.55
2 0.4828125 0.509375 0.04765625 0.55703125
22 0.1046875 0.48046875 0.053125 0.54375
1 0.425 0.509375 0.0390625 0.54609375
14 0.26484375 0.4984375 0.04609375 0.540625
4 0.3703125 0.50546875 0.05078125 0.54921875
19 0.053125 0.471875 0.0453125 0.53984375
4 0.64765625 0.51796875 0.053125 0.54453125
13 0.21015625 0.478125 0.05390625 0.53671875