5 0.74453125 0.54140625 0.04296875 0.4640625
12 0.5328125 0.51953125 0.046875 0.4328125
4 0.43125 0.5125 0.04609375 0.4421875
3 0.91484375 0.5671875 0.03984375 0.4421875
20 0.48359375 0.51796875 0.03984375 0.4375
10 0.1796875 0.4828125 0.0453125 0.4203125
5 0.33125 0.49609375 0.04453125 0.44296875
7 0.69140625 0.52890625 0.04375 0.4609375
1 0.37734375 0.50078125 0.03515625 0.45234375
22 0.13125 0.4765625 0.0484375 0.42734375
7 0.80234375 0.546875 0.04453125 0.4609375
0 0.85625 0.559375 0.04765625 0.44296875
7 0.64296875 0.525 0.04296875 0.44375
22 0.27890625 0.4875 0.0484375 0.43515625
6 0.5875 0.51953125 0.04453125 0.43984375
13 0.23046875 0.4875 0.046875 0.4078125
19 0.08515625 0.47890625 0.04453125 0.390625