12 0.484375 0.5125 0.0609375 0.43828125
0 0.7984375 0.56953125 0.04609375 0.41640625
29 0.15625 0.475 0.08359375 0.43984375
0 0.75078125 0.5609375 0.04375 0.4234375
0 0.7046875 0.54609375 0.0453125 0.43359375
11 0.5421875 0.5234375 0.05703125 0.44375
11 0.33203125 0.5015625 0.05703125 0.44140625
30 0.08515625 0.46171875 0.0609375 0.4515625
0 0.940625 0.603125 0.04765625 0.40703125
4 0.3828125 0.50859375 0.0484375 0.43359375
14 0.225 0.4875 0.05390625 0.43046875
20 0.5984375 0.53203125 0.05 0.428125
12 0.65390625 0.54140625 0.059375 0.42421875
0 0.89140625 0.58515625 0.04453125 0.4140625
9 0.84296875 0.5796875 0.0453125 0.41484375
1 0.42890625 0.50234375 0.0421875 0.45
15 0.27734375 0.49609375 0.05078125 0.44453125