11 0.51484375 0.51875 0.0578125 0.4875
7 0.84375 0.58671875 0.05234375 0.4921875
3 0.79375 0.58359375 0.0484375 0.47421875
0 0.6421875 0.54453125 0.053125 0.478125
4 0.36484375 0.49375 0.0515625 0.46953125
0 0.69375 0.5578125 0.04609375 0.47421875
0 0.74453125 0.5703125 0.046875 0.46484375
5 0.89921875 0.60546875 0.05390625 0.49140625
14 0.20546875 0.44140625 0.05703125 0.49140625
1 0.4109375 0.4984375 0.0359375 0.48203125
7 0.45859375 0.50703125 0.05 0.4859375
3 0.32109375 0.4796875 0.04921875 0.46640625
1 0.95390625 0.62109375 0.03828125 0.49921875
16 0.26171875 0.459375 0.06484375 0.4765625
30 0.0671875 0.4140625 0.06171875 0.49296875
21 0.584375 0.528125 0.06796875 0.4875
29 0.1375 0.4265625 0.0796875 0.49453125