2 0.6859375 0.56015625 0.04296875 0.52421875
17 0.6328125 0.54453125 0.04296875 0.534375
12 0.3046875 0.53359375 0.04375 0.5203125
8 0.2 0.5234375 0.0390625 0.51328125
0 0.94921875 0.58046875 0.0421875 0.503125
30 0.06015625 0.51875 0.04921875 0.5296875
22 0.409375 0.53359375 0.04296875 0.521875
1 0.89453125 0.575 0.03203125 0.5203125
6 0.8421875 0.56875 0.0421875 0.5203125
0 0.7375 0.56328125 0.0421875 0.5203125
6 0.5203125 0.5421875 0.03671875 0.52265625
1 0.79375 0.5671875 0.0359375 0.525
29 0.13203125 0.52109375 0.06875 0.5375
27 0.46484375 0.52890625 0.04140625 0.52265625
18 0.2484375 0.52421875 0.03828125 0.53359375
22 0.57734375 0.54140625 0.04609375 0.52265625
4 0.35703125 0.540625 0.03984375 0.5078125