2 0.68515625 0.56171875 0.04375 0.53359375
17 0.63359375 0.5453125 0.04609375 0.54296875
30 0.0609375 0.49609375 0.0515625 0.484375
22 0.41484375 0.51875 0.04453125 0.5015625
0 0.73828125 0.5640625 0.0421875 0.52890625
0 0.95078125 0.58984375 0.0421875 0.5125
1 0.89453125 0.58515625 0.03046875 0.53046875
29 0.1328125 0.48515625 0.071875 0.46875
1 0.79296875 0.56953125 0.03671875 0.525
8 0.20234375 0.49609375 0.04296875 0.453125
2 0.30625 0.50078125 0.04296875 0.4890625
22 0.57578125 0.53984375 0.04765625 0.53671875
0 0.4703125 0.525 0.04140625 0.5140625
6 0.51953125 0.5359375 0.03984375 0.52109375
6 0.8421875 0.56875 0.04296875 0.51953125
4 0.35625 0.546875 0.04453125 0.48359375
18 0.2515625 0.5046875 0.040625 0.5078125