10 0.4734375 0.52578125 0.06640625 0.24921875
21 0.5703125 0.4484375 0.08203125 0.25390625
0 0.8734375 0.24140625 0.06875 0.25546875
0 0.36015625 0.60390625 0.0734375 0.2453125
2 0.5203125 0.49453125 0.0671875 0.25390625
9 0.77421875 0.309375 0.0734375 0.25
6 0.41953125 0.5578125 0.0703125 0.24921875
1 0.72734375 0.340625 0.0671875 0.25234375
10 0.62578125 0.41484375 0.07265625 0.2453125
4 0.82578125 0.27734375 0.071875 0.2453125
9 0.92578125 0.19921875 0.0671875 0.221875
3 0.67890625 0.3796875 0.0671875 0.2171875
15 0.30390625 0.64609375 0.06171875 0.2234375
15 0.24765625 0.678125 0.06328125 0.23984375
30 0.08984375 0.7953125 0.078125 0.2296875
32 0.14921875 0.76328125 0.0734375 0.23125
16 0.203125 0.72265625 0.0703125 0.21875