21 0.56953125 0.44921875 0.08203125 0.253125
0 0.36015625 0.60390625 0.07421875 0.2453125
0 0.8734375 0.240625 0.06875 0.25390625
9 0.77421875 0.30703125 0.071875 0.2484375
10 0.47421875 0.5265625 0.0671875 0.24921875
6 0.41953125 0.559375 0.0703125 0.2484375
1 0.72734375 0.3421875 0.06484375 0.25
2 0.51953125 0.4953125 0.0671875 0.25234375
10 0.62578125 0.41640625 0.071875 0.24609375
4 0.82578125 0.2765625 0.071875 0.24609375
16 0.19921875 0.7265625 0.075 0.25703125
9 0.92578125 0.19609375 0.0703125 0.2125
3 0.6796875 0.38125 0.07265625 0.2203125
15 0.3078125 0.646875 0.06953125 0.225
15 0.25 0.68125 0.06171875 0.28984375
32 0.15 0.76015625 0.0828125 0.23125
30 0.08984375 0.79765625 0.0828125 0.234375