30 0.07578125 0.49296875 0.0578125 0.39609375
4 0.46875 0.496875 0.05078125 0.3890625
0 0.6375 0.49921875 0.04453125 0.378125
11 0.5203125 0.496875 0.053125 0.39296875
4 0.825 0.50625 0.0484375 0.38359375
14 0.2125 0.4875 0.0578125 0.3984375
16 0.27109375 0.4875 0.0640625 0.3875
1 0.41875 0.50078125 0.0328125 0.38203125
0 0.68125 0.50546875 0.046875 0.371875
1 0.72890625 0.50390625 0.034375 0.3828125
29 0.1484375 0.4859375 0.0765625 0.4
4 0.92109375 0.51171875 0.046875 0.36484375
22 0.58046875 0.49609375 0.05859375 0.39453125
2 0.77578125 0.5125 0.04921875 0.37265625
3 0.32890625 0.4953125 0.0484375 0.375
6 0.87578125 0.50625 0.046875 0.375
4 0.371875 0.50390625 0.0453125 0.3796875