11 0.5234375 0.49453125 0.05390625 0.3953125
30 0.07734375 0.48984375 0.0578125 0.40625
4 0.825 0.50625 0.05078125 0.38984375
0 0.63671875 0.50390625 0.04765625 0.37265625
4 0.46875 0.4953125 0.0515625 0.39375
16 0.27109375 0.48671875 0.0640625 0.38984375
4 0.9203125 0.51328125 0.04921875 0.36953125
1 0.7296875 0.50546875 0.0359375 0.3875
14 0.2125 0.48828125 0.059375 0.4046875
1 0.41875 0.49921875 0.03515625 0.384375
0 0.68203125 0.50625 0.0484375 0.3796875
4 0.371875 0.49921875 0.04921875 0.3828125
6 0.87578125 0.50625 0.04921875 0.38125
29 0.14296875 0.4890625 0.07734375 0.40546875
3 0.32890625 0.496875 0.05 0.38046875
2 0.77578125 0.5140625 0.0515625 0.378125
22 0.58515625 0.49609375 0.05859375 0.3953125