4 0.434375 0.5265625 0.06171875 0.5703125
0 0.75234375 0.53828125 0.05625 0.53984375
2 0.7 0.53359375 0.05859375 0.55859375
11 0.31875 0.521875 0.0578125 0.571875
20 0.075 0.5125 0.0609375 0.5984375
13 0.25390625 0.51796875 0.06171875 0.57265625
28 0.13203125 0.515625 0.06640625 0.5859375
0 0.884375 0.54375 0.059375 0.53046875
0 0.8046875 0.5390625 0.05703125 0.540625
5 0.54765625 0.534375 0.05625 0.5578125
11 0.4921875 0.5296875 0.0546875 0.56015625
2 0.375 0.528125 0.06328125 0.571875
4 0.94375 0.54765625 0.05859375 0.52265625
28 0.1953125 0.51875 0.0703125 0.58359375
20 0.59609375 0.52890625 0.0515625 0.56875
13 0.646875 0.5328125 0.05703125 0.55703125
1 0.84609375 0.54453125 0.040625 0.53828125