20 0.075 0.5140625 0.0609375 0.61328125
13 0.259375 0.51875 0.059375 0.58828125
11 0.49296875 0.53359375 0.059375 0.58203125
28 0.13203125 0.51484375 0.065625 0.60859375
11 0.31875 0.52421875 0.06015625 0.58671875
2 0.37578125 0.53125 0.0640625 0.5796875
0 0.74921875 0.54296875 0.0578125 0.55390625
0 0.88828125 0.5453125 0.0578125 0.54375
0 0.79921875 0.53671875 0.06171875 0.54921875
4 0.43515625 0.5328125 0.05625 0.5859375
28 0.19453125 0.51796875 0.06953125 0.6
2 0.6953125 0.5421875 0.06328125 0.56640625
0 0.64140625 0.528125 0.0609375 0.5796875
20 0.5921875 0.528125 0.046875 0.5734375
5 0.54453125 0.5265625 0.05703125 0.5765625
1 0.85 0.54921875 0.03828125 0.5375
4 0.93984375 0.54453125 0.0515625 0.534375