4 0.434375 0.52578125 0.0625 0.57265625
0 0.75234375 0.53671875 0.05703125 0.53828125
11 0.31875 0.521875 0.0578125 0.57421875
2 0.7 0.53125 0.05859375 0.5625
20 0.075 0.51328125 0.0609375 0.6
28 0.13203125 0.51640625 0.065625 0.5875
13 0.25703125 0.51875 0.059375 0.5734375
0 0.80546875 0.53828125 0.0578125 0.53984375
0 0.884375 0.54375 0.059375 0.52890625
11 0.49296875 0.52890625 0.05546875 0.56328125
5 0.54765625 0.5328125 0.05625 0.55859375
2 0.375 0.528125 0.06328125 0.5734375
4 0.94296875 0.54765625 0.059375 0.51953125
28 0.1953125 0.51953125 0.07109375 0.584375
20 0.59609375 0.5265625 0.05078125 0.57265625
1 0.84609375 0.54375 0.040625 0.53671875
13 0.646875 0.53125 0.0578125 0.5578125