12 0.484375 0.51171875 0.06015625 0.4703125
11 0.33125 0.50546875 0.05625 0.47421875
11 0.54296875 0.5171875 0.05546875 0.47265625
8 0.8421875 0.528125 0.04375 0.45859375
4 0.38203125 0.51484375 0.046875 0.46875
29 0.1546875 0.49296875 0.08203125 0.48046875
30 0.0859375 0.48671875 0.0578125 0.48203125
0 0.79765625 0.52578125 0.0421875 0.45390625
14 0.2234375 0.503125 0.05390625 0.4703125
7 0.94296875 0.5296875 0.04453125 0.46171875
7 0.8875 0.53046875 0.040625 0.465625
20 0.5984375 0.51484375 0.04453125 0.46875
0 0.70390625 0.5234375 0.0421875 0.46171875
1 0.42734375 0.509375 0.0390625 0.48125
0 0.75 0.51875 0.04140625 0.459375
15 0.27578125 0.50625 0.04765625 0.47578125
12 0.65234375 0.521875 0.05703125 0.46796875