12 0.48359375 0.5109375 0.059375 0.47421875
11 0.33046875 0.50390625 0.05625 0.471875
4 0.38125 0.51328125 0.04609375 0.46796875
30 0.0859375 0.484375 0.05703125 0.4734375
11 0.5421875 0.5140625 0.05546875 0.47109375
29 0.15390625 0.4890625 0.0828125 0.47421875
8 0.8421875 0.52890625 0.04375 0.45625
14 0.2234375 0.50078125 0.0546875 0.4671875
7 0.8875 0.5296875 0.04140625 0.465625
7 0.9421875 0.5296875 0.04375 0.46171875
0 0.7046875 0.5234375 0.04296875 0.4609375
0 0.79765625 0.52578125 0.0421875 0.4546875
1 0.42734375 0.509375 0.0390625 0.47890625
0 0.75078125 0.51875 0.0421875 0.45703125
20 0.59765625 0.51640625 0.04609375 0.4671875
15 0.27578125 0.5015625 0.0484375 0.471875
12 0.65234375 0.521875 0.0578125 0.465625