4 0.88359375 0.7203125 0.05 0.3421875
4 0.3625 0.46171875 0.04765625 0.33359375
21 0.58046875 0.56796875 0.06875 0.3609375
12 0.45859375 0.49921875 0.05859375 0.3484375
12 0.3171875 0.42578125 0.0546875 0.35390625
8 0.8375 0.69765625 0.04765625 0.34765625
11 0.515625 0.54140625 0.05859375 0.340625
30 0.08359375 0.31953125 0.06171875 0.35703125
2 0.9390625 0.74140625 0.053125 0.3546875
14 0.2140625 0.38359375 0.05234375 0.33671875
29 0.1515625 0.34375 0.07890625 0.359375
0 0.696875 0.6328125 0.046875 0.35625
1 0.74375 0.6484375 0.03515625 0.34921875
1 0.41015625 0.478125 0.034375 0.3421875
1 0.79140625 0.67421875 0.03671875 0.35390625
12 0.6453125 0.6015625 0.06015625 0.3609375
15 0.2625 0.403125 0.046875 0.34765625