11 0.515625 0.54296875 0.059375 0.34609375
30 0.084375 0.321875 0.06171875 0.35078125
8 0.840625 0.6953125 0.05 0.35078125
12 0.3171875 0.43125 0.05859375 0.35625
0 0.7 0.6390625 0.053125 0.35
4 0.3640625 0.4625 0.04921875 0.3421875
14 0.2109375 0.3765625 0.0578125 0.346875
1 0.41015625 0.48203125 0.03203125 0.34921875
29 0.14921875 0.3515625 0.07265625 0.36484375
4 0.88359375 0.71953125 0.053125 0.3484375
1 0.74140625 0.65390625 0.0390625 0.35703125
12 0.46015625 0.50390625 0.06015625 0.35078125
21 0.58125 0.56640625 0.07578125 0.3578125
1 0.7921875 0.67265625 0.03984375 0.35390625
2 0.94296875 0.74921875 0.059375 0.35546875
12 0.64765625 0.60078125 0.0609375 0.3640625
15 0.2578125 0.403125 0.0515625 0.3921875