24 0.58203125 0.48125 0.05078125 0.43125
11 0.47578125 0.51484375 0.0453125 0.42734375
7 0.74609375 0.42109375 0.04921875 0.45
6 0.809375 0.40234375 0.04765625 0.4453125
8 0.315625 0.57421875 0.0453125 0.41015625
32 0.0609375 0.65625 0.046875 0.43359375
0 0.640625 0.46953125 0.0484375 0.4203125
6 0.93046875 0.3671875 0.05 0.44453125
4 0.16171875 0.62421875 0.04375 0.41015625
4 0.42109375 0.53828125 0.046875 0.41171875
9 0.86953125 0.39375 0.0484375 0.44140625
1 0.3703125 0.553125 0.02734375 0.41640625
9 0.10859375 0.63671875 0.04453125 0.4125
22 0.525 0.4921875 0.05 0.43359375
1 0.69140625 0.44140625 0.0296875 0.43359375
23 0.21015625 0.61171875 0.0484375 0.403125
12 0.26015625 0.5875 0.0453125 0.40859375