24 0.58203125 0.48203125 0.05 0.42890625
11 0.47578125 0.51484375 0.0453125 0.42421875
7 0.74609375 0.41875 0.04921875 0.44921875
32 0.06171875 0.65625 0.0453125 0.4328125
6 0.809375 0.403125 0.04765625 0.44140625
8 0.315625 0.575 0.04453125 0.40859375
0 0.640625 0.46953125 0.04765625 0.4171875
9 0.86953125 0.39453125 0.04765625 0.43515625
4 0.421875 0.53828125 0.0453125 0.40859375
6 0.93125 0.365625 0.04921875 0.446875
4 0.1625 0.62109375 0.04140625 0.4109375
1 0.3703125 0.55234375 0.028125 0.4140625
22 0.525 0.49296875 0.04921875 0.4296875
1 0.6921875 0.4421875 0.03046875 0.42890625
9 0.10859375 0.6359375 0.04296875 0.409375
12 0.26015625 0.58671875 0.04375 0.40546875
23 0.21015625 0.6109375 0.0484375 0.40078125