24 0.5890625 0.51328125 0.05078125 0.61171875
9 0.1 0.553125 0.04609375 0.60234375
32 0.0515625 0.55234375 0.04453125 0.6265625
11 0.421875 0.528125 0.05 0.61953125
0 0.75859375 0.5046875 0.04765625 0.628125
6 0.93984375 0.490625 0.05078125 0.6296875
4 0.31640625 0.5375 0.04609375 0.6140625
11 0.48125 0.5234375 0.0453125 0.6140625
2 0.2609375 0.54296875 0.04609375 0.6140625
4 0.15625 0.55 0.04375 0.60546875
5 0.70234375 0.50859375 0.04609375 0.62734375
6 0.81796875 0.50859375 0.046875 0.62578125
6 0.8734375 0.49921875 0.04921875 0.634375
1 0.3671875 0.53125 0.03125 0.6109375
12 0.21328125 0.54296875 0.0546875 0.61171875
22 0.53359375 0.521875 0.0515625 0.61484375
2 0.64765625 0.50859375 0.04609375 0.61875