9 0.1 0.54765625 0.046875 0.596875
11 0.421875 0.521875 0.05078125 0.61015625
24 0.5890625 0.5125 0.0515625 0.61484375
11 0.48125 0.51953125 0.04609375 0.61171875
32 0.05078125 0.54921875 0.04453125 0.625
4 0.31640625 0.53515625 0.04609375 0.6109375
4 0.15546875 0.5484375 0.04453125 0.6
0 0.759375 0.5046875 0.0484375 0.62890625
5 0.70234375 0.50859375 0.046875 0.621875
6 0.93984375 0.4875 0.05234375 0.63515625
2 0.2609375 0.540625 0.046875 0.6125
6 0.81796875 0.5078125 0.046875 0.62734375
6 0.8734375 0.49296875 0.0484375 0.63203125
1 0.3671875 0.53125 0.0328125 0.60859375
22 0.53359375 0.51953125 0.0515625 0.615625
12 0.2125 0.54140625 0.0578125 0.609375
2 0.6484375 0.5140625 0.04921875 0.628125