11 0.51171875 0.51953125 0.05703125 0.44921875
14 0.21171875 0.60546875 0.05703125 0.46328125
21 0.578125 0.5015625 0.06953125 0.45703125
6 0.4578125 0.53828125 0.04921875 0.44765625
0 0.696875 0.4796875 0.0453125 0.44453125
4 0.934375 0.41484375 0.05 0.44140625
4 0.36171875 0.5625 0.0515625 0.44375
30 0.071875 0.6328125 0.06328125 0.4765625
7 0.8359375 0.43359375 0.0421875 0.4578125
3 0.88125 0.42890625 0.04375 0.4453125
2 0.315625 0.58046875 0.0453125 0.453125
0 0.74453125 0.46953125 0.04453125 0.44453125
1 0.41015625 0.5515625 0.03359375 0.44375
20 0.26484375 0.58828125 0.0484375 0.459375
12 0.6453125 0.4875 0.06171875 0.446875
29 0.140625 0.61484375 0.084375 0.4671875
1 0.7890625 0.44453125 0.03828125 0.45703125