14 0.21171875 0.603125 0.05703125 0.465625
11 0.5109375 0.51875 0.0578125 0.4546875
21 0.578125 0.5 0.0703125 0.4609375
30 0.07265625 0.6328125 0.0625 0.47734375
6 0.45703125 0.5375 0.05 0.4546875
0 0.696875 0.47890625 0.0453125 0.45
4 0.36171875 0.565625 0.05234375 0.4421875
7 0.83515625 0.4328125 0.04375 0.47109375
4 0.93515625 0.41015625 0.05234375 0.45859375
3 0.88125 0.42578125 0.0453125 0.46171875
0 0.7453125 0.46953125 0.0453125 0.45078125
1 0.41015625 0.55078125 0.034375 0.446875
2 0.315625 0.5796875 0.046875 0.45546875
20 0.2640625 0.5875 0.0484375 0.4625
12 0.6453125 0.48671875 0.06171875 0.45234375
29 0.14140625 0.615625 0.0828125 0.46796875
1 0.7890625 0.44453125 0.0390625 0.46875