5 0.916341146875 0.7415501156250001 0.87158203125 0.9047202796875 0.93505859375 0.9615384609375001 0.977376303125 0.785256409375 0.916341146875 0.7415501156250001
20 0.078125 0.0393356640625 0.030924478124999998 0.1850233109375 0.078938803125 0.219988346875 0.12044270937499998 0.06701631875 0.078125 0.0393356640625
28 0.11555989687499998 0.06993007031250001 0.082194009375 0.2272727265625 0.13509114687499998 0.26952214375 0.17740885312500002 0.11946387031250001 0.11555989687499998 0.06993007031250001
28 0.17740885312500002 0.11946387031250001 0.13427734375 0.26806526875 0.18229166562500002 0.30594405625 0.231119790625 0.16025640937500002 0.17740885312500002 0.11946387031250001
13 0.2294921875 0.1573426578125 0.18391927187499998 0.3088578078125 0.230305990625 0.3540209796875 0.279947915625 0.20687645781250003 0.2294921875 0.1573426578125
13 0.585123696875 0.45454545468749996 0.5419921875 0.6206293703125 0.59326171875 0.6730769234375 0.631510415625 0.5055361296875 0.585123696875 0.45454545468749996
11 0.40771484375 0.304487178125 0.357259115625 0.46620046562499995 0.4052734375 0.5040792546875 0.45979817812499996 0.3525641015625 0.40771484375 0.304487178125
11 0.281575521875 0.20104895156249997 0.231119790625 0.3583916078125 0.282389321875 0.3962703953125 0.331217446875 0.2374708640625 0.281575521875 0.20104895156249997
1 0.330403646875 0.2447552453125 0.283203125 0.40792540937500005 0.328776040625 0.4370629375 0.369466146875 0.27389277343749996 0.330403646875 0.2447552453125
1 0.372721353125 0.276806528125 0.328776040625 0.4399766890625 0.3564453125 0.45891608437500003 0.40364583437499996 0.304487178125 0.372721353125 0.276806528125
1 0.693359375 0.5696386953125 0.658365884375 0.7240675984375 0.690104165625 0.75611888125 0.734049478125 0.5871212140625001 0.693359375 0.5696386953125
8 0.45735677187499996 0.3540209796875 0.41422525937500004 0.5055361296875 0.46793619687500004 0.5608974375 0.517578125 0.4093822828125 0.45735677187499996 0.3540209796875
21 0.511881509375 0.4035547796875 0.46305338437500004 0.55798368125 0.540364584375 0.608974359375 0.580240884375 0.448717946875 0.511881509375 0.4035547796875
0 0.733235678125 0.5856643359375 0.69580078125 0.7502913734375001 0.75439453125 0.798368296875 0.789388021875 0.633741259375 0.733235678125 0.5856643359375
0 0.79345703125 0.6366550109375 0.751953125 0.801282053125 0.806477865625 0.85081585 0.852864584375 0.6876456890625 0.79345703125 0.6366550109375
2 0.63720703125 0.5142773875 0.594075521875 0.6730769234375 0.648600259375 0.71824009375 0.6982421875 0.5652680671875 0.63720703125 0.5142773875
7 0.855305990625 0.690559440625 0.814615884375 0.8537296046874999 0.872395834375 0.90763403125 0.918782553125 0.74300699375 0.855305990625 0.690559440625