20 0.07568359375 0.2301864796875 0.1220703125 0.06993007031250001 0.08056640625 0.0378787859375 0.030110678125000002 0.19522144375 0.07568359375 0.2301864796875
28 0.12858072812500002 0.27389277343749996 0.1806640625 0.1107226125 0.11800130312499998 0.06701631875 0.078125 0.2301864796875 0.12858072812500002 0.27389277343749996
28 0.17659505312499998 0.31177156250000004 0.226236978125 0.1617132859375 0.17903645937499998 0.11655011562499999 0.13102213437500002 0.2651515140625 0.17659505312499998 0.31177156250000004
13 0.22705078125 0.3598484859375 0.281575521875 0.2112470875 0.2294921875 0.15151515 0.17903645937499998 0.3103146859375 0.22705078125 0.3598484859375
11 0.286458334375 0.40792540937500005 0.327962240625 0.24621212187500002 0.279134115625 0.209790209375 0.22705078125 0.35547785625 0.286458334375 0.40792540937500005
11 0.41178385312500004 0.5113636359375 0.45817057187500004 0.3438228421875 0.40690104062500004 0.3030303046875 0.360514321875 0.4632867140625 0.41178385312500004 0.5113636359375
13 0.594889321875 0.6643356640625 0.633951821875 0.509906759375 0.582682290625 0.4676573421875 0.53955078125 0.61917249375 0.594889321875 0.6643356640625
1 0.320638021875 0.4399766890625 0.36865234375 0.276806528125 0.327962240625 0.24329836718750003 0.2880859375 0.4035547796875 0.320638021875 0.4399766890625
1 0.361328125 0.47494172343749996 0.40608724062499996 0.31177156250000004 0.369466146875 0.28263403125000003 0.323893228125 0.43560605937499997 0.361328125 0.47494172343749996
8 0.46630859375 0.559440559375 0.504557290625 0.39918415 0.45572916562500004 0.3540209796875 0.41097005312499996 0.515734265625 0.46630859375 0.559440559375
21 0.533040365625 0.6206293703125 0.580240884375 0.4560023328125 0.511067709375 0.405011653125 0.46468099062499996 0.5506993 0.533040365625 0.6206293703125
2 0.650227865625 0.71969696875 0.691731771875 0.559440559375 0.634765625 0.509906759375 0.594075521875 0.6730769234375 0.650227865625 0.71969696875
1 0.694986978125 0.754662003125 0.735677084375 0.5914918421875 0.692545571875 0.5652680671875 0.657552084375 0.721153846875 0.694986978125 0.754662003125
0 0.746256509375 0.8041958046875 0.791829428125 0.6322843812500001 0.738118490625 0.5958624718750001 0.6982421875 0.7604895109375 0.746256509375 0.8041958046875
0 0.813802084375 0.85664335625 0.851236978125 0.697843821875 0.790201821875 0.6424825171874999 0.753580728125 0.8041958046875 0.813802084375 0.85664335625
7 0.8740234375 0.90763403125 0.914713540625 0.747377621875 0.850423178125 0.69201631875 0.808919271875 0.8522727265625001 0.8740234375 0.90763403125
5 0.93017578125 0.9542540796875001 0.97412109375 0.79254079375 0.913899740625 0.74300699375 0.870768228125 0.9090909093749999 0.93017578125 0.9542540796875001