30 0.1078125 0.57734375 0.0546875 0.44609375
9 0.79921875 0.46171875 0.046875 0.42890625
10 0.5921875 0.50078125 0.04921875 0.43046875
15 0.2625 0.5578125 0.04296875 0.44609375
2 0.696875 0.4796875 0.04609375 0.4421875
6 0.90234375 0.4375 0.04921875 0.4375
6 0.3171875 0.5578125 0.04453125 0.43125
4 0.7421875 0.46875 0.04375 0.43984375
9 0.36171875 0.5453125 0.04453125 0.44140625
9 0.46875 0.51953125 0.04375 0.4265625
2 0.6453125 0.4953125 0.04765625 0.4421875
4 0.846875 0.45390625 0.04375 0.43359375
21 0.5265625 0.5140625 0.06015625 0.4375
26 0.21171875 0.565625 0.05 0.44375
20 0.165625 0.58046875 0.03984375 0.43046875
28 0.4125 0.534375 0.05390625 0.42109375
21 0.04609375 0.590625 0.07109375 0.403125