29 0.1453125 0.49140625 0.084375 0.47421875
14 0.21484375 0.49375 0.0640625 0.46484375
13 0.48125 0.5 0.0625 0.4640625
1 0.425 0.496875 0.0390625 0.4609375
21 0.603125 0.5046875 0.0703125 0.46171875
0 0.70625 0.51171875 0.04921875 0.4453125
30 0.078125 0.48984375 0.0640625 0.4828125
8 0.3765625 0.5 0.04921875 0.45625
0 0.753125 0.5140625 0.05 0.44921875
2 0.8875 0.53359375 0.05234375 0.440625
17 0.328125 0.49609375 0.05703125 0.4578125
3 0.9421875 0.5359375 0.0546875 0.41796875
0 0.659375 0.509375 0.05 0.4546875
8 0.84296875 0.5234375 0.046875 0.4375
4 0.79765625 0.521875 0.04765625 0.43984375
13 0.5390625 0.49296875 0.06328125 0.46640625
24 0.26875 0.48125 0.0578125 0.4421875