30 0.078125 0.478125 0.05625 0.45859375
14 0.215625 0.4859375 0.06171875 0.44140625
4 0.796875 0.515625 0.04609375 0.43203125
21 0.59765625 0.5 0.06796875 0.44296875
0 0.75078125 0.51484375 0.0453125 0.43125
1 0.42578125 0.49140625 0.0390625 0.440625
0 0.70546875 0.5109375 0.04453125 0.41953125
3 0.94296875 0.53359375 0.05 0.39921875
29 0.146875 0.48125 0.0859375 0.453125
13 0.47734375 0.49296875 0.05546875 0.43828125
0 0.66015625 0.50703125 0.0453125 0.4328125
17 0.32734375 0.49140625 0.05625 0.4375
8 0.8421875 0.51953125 0.0453125 0.415625
8 0.37734375 0.49140625 0.046875 0.428125
13 0.5390625 0.5 0.05546875 0.43984375
2 0.88828125 0.528125 0.04921875 0.41640625
24 0.26953125 0.48125 0.06328125 0.45234375