0 0.78515625 0.6359375 0.05234375 0.3625
11 0.51171875 0.521875 0.0578125 0.3703125
21 0.57265625 0.55078125 0.07421875 0.36875
5 0.94375 0.6953125 0.0546875 0.3671875
10 0.45703125 0.5 0.06328125 0.37109375
3 0.8828125 0.67734375 0.053125 0.36640625
0 0.684375 0.596875 0.0484375 0.36484375
1 0.40390625 0.48515625 0.034375 0.35078125
5 0.7359375 0.6140625 0.05078125 0.3703125
30 0.0625 0.34375 0.0609375 0.37734375
8 0.35625 0.4640625 0.0515625 0.34140625
14 0.196875 0.39375 0.053125 0.36796875
29 0.12890625 0.3640625 0.08515625 0.38203125
0 0.6390625 0.5703125 0.05078125 0.36015625
23 0.24609375 0.41796875 0.0578125 0.36015625
17 0.30703125 0.43359375 0.0578125 0.35859375
9 0.834375 0.65546875 0.05078125 0.36171875