2 0.67890625 0.5578125 0.053125 0.52734375
3 0.83984375 0.57734375 0.04375 0.51640625
13 0.22734375 0.4921875 0.053125 0.5421875
7 0.9390625 0.5875 0.0453125 0.51484375
4 0.790625 0.57109375 0.05234375 0.52421875
3 0.89140625 0.58671875 0.0421875 0.51328125
20 0.05390625 0.4765625 0.0484375 0.57265625
28 0.11015625 0.48359375 0.06015625 0.5625
0 0.73671875 0.56484375 0.04765625 0.51171875
11 0.284375 0.4984375 0.0546875 0.53515625
11 0.4375 0.51796875 0.04921875 0.521875
6 0.4953125 0.525 0.053125 0.515625
2 0.34375 0.51953125 0.0515625 0.54140625
26 0.17109375 0.484375 0.0484375 0.55703125
13 0.62734375 0.54609375 0.0515625 0.5296875
1 0.38828125 0.51796875 0.03203125 0.53671875
21 0.55859375 0.5359375 0.06015625 0.52890625