5 0.79296875 0.51328125 0.0390625 0.4171875
14 0.21015625 0.5046875 0.0546875 0.44765625
11 0.52421875 0.5109375 0.0515625 0.43203125
3 0.9328125 0.51171875 0.04375 0.403125
0 0.64921875 0.5140625 0.0484375 0.41328125
30 0.07265625 0.5 0.05859375 0.45625
1 0.41953125 0.509375 0.03046875 0.434375
7 0.47109375 0.51328125 0.04921875 0.440625
8 0.88359375 0.51953125 0.0421875 0.4046875
16 0.26953125 0.50546875 0.06328125 0.440625
4 0.37265625 0.5171875 0.04765625 0.421875
0 0.740625 0.51484375 0.04140625 0.4046875
0 0.6953125 0.51484375 0.04296875 0.40859375
6 0.32734375 0.51171875 0.04765625 0.428125
2 0.83984375 0.525 0.0421875 0.4015625
29 0.14296875 0.50234375 0.0796875 0.44765625
21 0.58515625 0.50546875 0.0609375 0.43125