3 0.93359375 0.5078125 0.04375 0.40546875
5 0.7921875 0.51328125 0.0390625 0.42109375
14 0.21015625 0.50390625 0.0546875 0.45
11 0.52421875 0.51015625 0.0515625 0.43515625
0 0.64921875 0.51328125 0.04921875 0.415625
8 0.88359375 0.51953125 0.0421875 0.40625
30 0.071875 0.5 0.05859375 0.459375
16 0.2703125 0.5046875 0.06328125 0.44140625
1 0.41953125 0.51015625 0.03125 0.43671875
4 0.37265625 0.5171875 0.04765625 0.425
7 0.47109375 0.5125 0.04921875 0.44453125
0 0.7453125 0.51875 0.04453125 0.4015625
0 0.6953125 0.5140625 0.04296875 0.4125
6 0.32734375 0.51171875 0.0484375 0.43046875
2 0.83984375 0.52421875 0.04296875 0.4046875
29 0.13984375 0.5015625 0.08125 0.45078125
21 0.584375 0.5140625 0.06171875 0.434375