21 0.15703125 0.40546875 0.053125 0.43359375
5 0.9375 0.6359375 0.06015625 0.4609375
2 0.759375 0.58046875 0.0515625 0.44921875
4 0.8734375 0.61953125 0.05234375 0.4671875
25 0.47890625 0.50234375 0.053125 0.44453125
0 0.5859375 0.53046875 0.0515625 0.4421875
5 0.64296875 0.54296875 0.053125 0.46328125
2 0.3703125 0.47421875 0.0578125 0.4484375
13 0.31640625 0.4546875 0.05234375 0.44375
26 0.04609375 0.36875 0.05078125 0.44296875
6 0.81875 0.60390625 0.05546875 0.4640625
1 0.4234375 0.49140625 0.0359375 0.44296875
0 0.7015625 0.56171875 0.05390625 0.4515625
0 0.53203125 0.5296875 0.05703125 0.4296875
31 0.26328125 0.44140625 0.053125 0.44140625
20 0.20625 0.4234375 0.0515625 0.4296875
25 0.10234375 0.38984375 0.05078125 0.45703125