5 0.93515625 0.63203125 0.059375 0.48203125
2 0.759375 0.584375 0.053125 0.46953125
21 0.15390625 0.39609375 0.05390625 0.44453125
25 0.47890625 0.5078125 0.053125 0.453125
4 0.8734375 0.62265625 0.053125 0.47265625
2 0.36953125 0.4796875 0.05859375 0.44921875
13 0.3140625 0.45234375 0.05390625 0.45234375
0 0.5859375 0.53125 0.053125 0.45078125
26 0.0453125 0.36484375 0.05234375 0.43984375
5 0.6421875 0.54296875 0.0546875 0.47109375
6 0.81953125 0.6015625 0.05078125 0.47734375
0 0.53046875 0.51015625 0.04921875 0.453125
0 0.7 0.55 0.05703125 0.46875
0 0.41953125 0.484375 0.0390625 0.45703125
25 0.10234375 0.3859375 0.05078125 0.44140625
20 0.20859375 0.40546875 0.05625 0.45703125
31 0.259375 0.4234375 0.0546875 0.4453125