8 0.83984375 0.6773618531250001 0.7981178984375 0.8229352359375 0.8549360796875 0.8734402843750001 0.8975497171875 0.7263814609375 0.83984375 0.6773618531250001
20 0.068359375 0.02376708125 0.01953125 0.150029709375 0.05681818125 0.18568033281250002 0.0949928984375 0.0490196078125 0.068359375 0.02376708125
28 0.1020951703125 0.0490196078125 0.06036931875 0.18419488906249998 0.1127485796875 0.23172905625 0.15625 0.096553775 0.1020951703125 0.0490196078125
28 0.15447443125 0.098039215625 0.1145241484375 0.227272728125 0.1589133515625 0.2673796796875 0.20419034218749998 0.14260249687499998 0.15447443125 0.098039215625
13 0.20419034218749998 0.14408793749999999 0.1589133515625 0.2614379078125 0.21306818125000002 0.31194295781250003 0.25656960156249997 0.1782531203125 0.20419034218749998 0.14408793749999999
13 0.5610795453125 0.445632796875 0.5246803984375 0.5793226375 0.5779474437500001 0.6283422453124999 0.6170099437500001 0.4887106375 0.5610795453125 0.445632796875
11 0.3817471578125 0.294117646875 0.34446022656249997 0.42780748749999997 0.3915127828125 0.47682709531249995 0.43501420468749996 0.3416518140625 0.3817471578125 0.294117646875
11 0.2547940328125 0.18865121875 0.2104048296875 0.31194295781250003 0.26189630625000004 0.3594771234375 0.3036221578125 0.233214496875 0.2547940328125 0.18865121875
1 0.3062855125 0.2376708265625 0.2672230125 0.3579916828125 0.3062855125 0.3891859765625 0.34446022656249997 0.26292335 0.3062855125 0.2376708265625
1 0.3453480125 0.270350565625 0.3125 0.3966131890625 0.3409090921875 0.423351159375 0.3870738625 0.294117646875 0.3453480125 0.270350565625
1 0.7368607953125 0.5971479515625 0.7049005687500001 0.7412358890624999 0.7395241484375 0.7724301828125 0.7821377828125 0.6209150328125 0.7368607953125 0.5971479515625
6 0.43235085156249997 0.34759358125 0.39595170468749996 0.47385620937499995 0.44921875 0.5154486046875 0.48828125 0.3802733203125 0.43235085156249997 0.34759358125
21 0.48916903281249996 0.3921568625 0.45010653281249996 0.510992275 0.5202414765625 0.5822935234375 0.5610795453125 0.4396910296875 0.48916903281249996 0.3921568625
2 0.6187855109375 0.4916815203125 0.5788352265625 0.63131313125 0.6329900562499999 0.669934640625 0.6756036937500001 0.5332739156249999 0.6187855109375 0.4916815203125
2 0.6809303984375 0.5421865718750001 0.6374289765625 0.68478906875 0.7004616484375 0.73975044375 0.7386363640625 0.5837789671875 0.6809303984375 0.5421865718750001
2 0.9215198859375 0.9343434343749999 0.9605823859375 0.77540106875 0.8993252828125 0.7338086765625 0.86736505625 0.8764111703124999 0.9215198859375 0.9343434343749999
3 0.78125 0.6298276890625 0.7395241484375 0.76797385625 0.7892400562499999 0.8184789046875001 0.8345170453125 0.6684492 0.78125 0.6298276890625