17 0.46875 0.509375 0.04375 0.43125
12 0.31171875 0.47578125 0.04765625 0.421875
10 0.2484375 0.45234375 0.04609375 0.4296875
8 0.84609375 0.6 0.0390625 0.41796875
2 0.36015625 0.48984375 0.0390625 0.425
30 0.0640625 0.38515625 0.046875 0.43671875
8 0.903125 0.60546875 0.040625 0.43359375
29 0.13125 0.3953125 0.0625 0.4453125
1 0.68046875 0.56640625 0.02734375 0.42890625
5 0.51953125 0.52109375 0.0390625 0.4265625
22 0.57421875 0.528125 0.04765625 0.44140625
19 0.6234375 0.5171875 0.03671875 0.434375
22 0.41484375 0.49609375 0.04296875 0.4203125
0 0.73671875 0.58359375 0.0421875 0.4203125
8 0.196875 0.43359375 0.03828125 0.4109375
1 0.959375 0.61171875 0.02578125 0.42890625
1 0.79375 0.58671875 0.034375 0.4265625