11 0.3015625 0.490625 0.05234375 0.51171875
5 0.51953125 0.515625 0.0484375 0.5015625
20 0.0546875 0.44765625 0.05078125 0.5546875
5 0.9046875 0.57109375 0.0453125 0.4796875
13 0.23671875 0.4703125 0.05546875 0.528125
13 0.64609375 0.5359375 0.0515625 0.49609375
28 0.178125 0.46015625 0.06015625 0.54140625
28 0.11171875 0.45625 0.0609375 0.53359375
21 0.57890625 0.52578125 0.065625 0.50234375
2 0.36015625 0.50625 0.05859375 0.5078125
1 0.41484375 0.51015625 0.0328125 0.4984375
11 0.46640625 0.51171875 0.0515625 0.50546875
1 0.696875 0.55 0.03046875 0.484375
8 0.7421875 0.55703125 0.04921875 0.48125
3 0.8 0.56328125 0.046875 0.46796875
1 0.94765625 0.5890625 0.028125 0.48125
6 0.85078125 0.56484375 0.0484375 0.47265625