12 0.371875 0.37890625 0.075 0.14921875
19 0.42109375 0.42265625 0.075 0.159375
0 0.6453125 0.62734375 0.075 0.15625
1 0.75390625 0.73046875 0.065625 0.15546875
32 0.2765625 0.30390625 0.0734375 0.14609375
21 0.53046875 0.5234375 0.09453125 0.18203125
32 0.32265625 0.3375 0.0734375 0.16796875
29 0.125 0.1546875 0.10390625 0.19296875
32 0.2328125 0.25703125 0.07578125 0.153125
4 0.8671875 0.83515625 0.071875 0.159375
30 0.0734375 0.12421875 0.0859375 0.1609375
32 0.4703125 0.46875 0.0828125 0.1734375
8 0.18203125 0.215625 0.08046875 0.15234375
16 0.590625 0.5828125 0.0796875 0.16640625
3 0.6953125 0.6671875 0.05546875 0.14453125
8 0.8109375 0.77734375 0.06328125 0.1578125
5 0.93203125 0.88203125 0.06953125 0.14921875