30 0.064729790625 0.03684055625 0.034622912500000005 0.1738874140625 0.0745145265625 0.216622459375 0.1091374390625 0.0781019734375 0.064729790625 0.03684055625
29 0.11064278281249999 0.08104921875 0.077525215625 0.1989389921875 0.14074966093750002 0.2549366359375 0.17537257343749998 0.1296787515625 0.11064278281249999 0.08104921875
8 0.17537257343749998 0.13409961718750002 0.149029053125 0.26230474375 0.1836519640625 0.29177718750000003 0.21676953281250003 0.1753610390625 0.17537257343749998 0.13409961718750002
8 0.7978323046875 0.68523430625 0.765467409375 0.816386678125 0.8196597921875 0.86796345625 0.849014 0.7279693484374999 0.7978323046875 0.68523430625
32 0.2212855640625 0.1694665484375 0.18892066875 0.297671678125 0.23257564375 0.337459475 0.2641878671875 0.2033598578125 0.2212855640625 0.1694665484375
32 0.2641878671875 0.20778072343749998 0.234833659375 0.341880340625 0.2777359625 0.38756262812500003 0.31160620156249996 0.25198939062500003 0.2641878671875 0.20778072343749998
32 0.31235887500000004 0.25198939062500003 0.28225199375 0.37430003125 0.3266596421875 0.4170350734375 0.35751919375 0.297671678125 0.31235887500000004 0.25198939062500003
32 0.4786993828125 0.5614500453125 0.506548246875 0.424403184375 0.45988258281250005 0.38019451718749997 0.42902303125 0.5054524015624999 0.4786993828125 0.5614500453125
12 0.36052988125 0.297671678125 0.331928346875 0.41998231874999997 0.3740779765625 0.47155909218750003 0.4056902 0.3315649890625 0.36052988125 0.297671678125
19 0.407948215625 0.3359858546875 0.37859400781249997 0.47303271249999995 0.42149631093749995 0.5039787812500001 0.454613878125 0.3713527859375 0.407948215625 0.3359858546875
21 0.5057955734374999 0.42735042968750003 0.4802047265625 0.559976421875 0.5441818453125 0.6218685515625 0.573536053125 0.4804008234375 0.5057955734374999 0.42735042968750003
16 0.5757940687499999 0.487768934375 0.5486978765625 0.6174476859375 0.595363540625 0.66607721875 0.624717746875 0.524609490625 0.5757940687499999 0.487768934375
0 0.637513171875 0.5452402000000001 0.6051482765625 0.6675508390625 0.6450398921875 0.71028588125 0.680415475 0.579133509375 0.637513171875 0.5452402000000001
3 0.6902002109375001 0.589448865625 0.659340659375 0.7117595062500001 0.7067589937500001 0.7589154140625001 0.7353605296875 0.6218685515625 0.6902002109375001 0.589448865625
1 0.7519193125 0.6380783984375 0.726328465625 0.77659888125 0.754177328125 0.8090185671875 0.78503688125 0.66607721875 0.7519193125 0.6380783984375
4 0.8633147671874999 0.7382847046875 0.8332078890625001 0.8753315625000001 0.8798735515624999 0.9151193640624999 0.9129911187499999 0.77659888125 0.8633147671874999 0.7382847046875
5 0.9212705109374999 0.7928087234375 0.892668975 0.9283819609374999 0.9393346375 0.972590628125 0.9686888453125 0.8296492796875 0.9212705109374999 0.7928087234375