12 0.47734375 0.52890625 0.059375 0.38515625
11 0.3234375 0.5703125 0.053125 0.375
11 0.534375 0.515625 0.05546875 0.38125
30 0.07890625 0.61484375 0.05546875 0.38984375
20 0.59140625 0.50546875 0.04609375 0.37421875
14 0.21328125 0.58828125 0.05625 0.39453125
1 0.41796875 0.54140625 0.03203125 0.3765625
8 0.8390625 0.44140625 0.04453125 0.371875
0 0.7421875 0.4625 0.04453125 0.37421875
4 0.3734375 0.55390625 0.04375 0.37421875
7 0.8859375 0.43203125 0.04375 0.3859375
0 0.79375 0.45625 0.04453125 0.36875
2 0.940625 0.41953125 0.04765625 0.38359375
29 0.1453125 0.59609375 0.08125 0.39140625
0 0.69921875 0.475 0.04453125 0.37265625
15 0.26640625 0.5796875 0.04921875 0.39453125
12 0.646875 0.4859375 0.05625 0.37578125