17 0.44921875 0.52265625 0.0453125 0.5140625
3 0.5046875 0.51875 0.04609375 0.50546875
2 0.8984375 0.48046875 0.04609375 0.50390625
10 0.2359375 0.55703125 0.04609375 0.4984375
0 0.840625 0.48671875 0.04296875 0.49921875
8 0.18125 0.5703125 0.040625 0.48984375
30 0.04921875 0.58359375 0.04609375 0.50234375
6 0.95625 0.47265625 0.04453125 0.51640625
29 0.1125 0.5734375 0.065625 0.50390625
2 0.3421875 0.5421875 0.04140625 0.51171875
22 0.39296875 0.525 0.04921875 0.52734375
1 0.67265625 0.49921875 0.02890625 0.51875
0 0.73203125 0.4984375 0.04375 0.509375
26 0.2921875 0.5453125 0.04140625 0.51796875
19 0.6171875 0.49296875 0.04765625 0.5265625
5 0.7859375 0.48515625 0.0453125 0.5109375
16 0.5609375 0.5234375 0.04921875 0.49375