3 0.93984375 0.5328125 0.05234375 0.55625
24 0.6015625 0.521875 0.05 0.55703125
22 0.55078125 0.51953125 0.04609375 0.55390625
23 0.23359375 0.521875 0.0453125 0.5578125
4 0.440625 0.51484375 0.0453125 0.55390625
8 0.7625 0.53515625 0.04921875 0.5671875
11 0.2828125 0.51953125 0.04765625 0.5640625
2 0.8234375 0.53203125 0.05390625 0.57578125
4 0.18203125 0.5265625 0.04375 0.5484375
8 0.33671875 0.521875 0.04609375 0.55703125
1 0.88046875 0.5328125 0.03515625 0.56640625
10 0.4953125 0.515625 0.04765625 0.55390625
9 0.13046875 0.52890625 0.04140625 0.54921875
0 0.65703125 0.53203125 0.04765625 0.5578125
2 0.709375 0.528125 0.05 0.57265625
32 0.0828125 0.53046875 0.04375 0.55625
1 0.3875 0.5203125 0.03359375 0.553125