4 0.16796875 0.32109375 0.065625 0.39765625
11 0.2796875 0.36640625 0.06953125 0.409375
8 0.3359375 0.39765625 0.065625 0.39140625
9 0.8421875 0.6515625 0.0703125 0.40625
4 0.4296875 0.44609375 0.06484375 0.3953125
22 0.54453125 0.49921875 0.0765625 0.4140625
32 0.05625 0.26953125 0.0734375 0.40078125
11 0.48671875 0.46796875 0.071875 0.409375
23 0.2234375 0.34296875 0.0703125 0.40546875
9 0.11015625 0.296875 0.0671875 0.40078125
0 0.66015625 0.56171875 0.07109375 0.4171875
24 0.60546875 0.52734375 0.071875 0.41328125
0 0.7828125 0.61953125 0.06875 0.4140625
2 0.72109375 0.596875 0.07265625 0.41015625
4 0.9421875 0.7046875 0.07265625 0.403125
1 0.89140625 0.67265625 0.05703125 0.41328125
1 0.38125 0.42265625 0.03984375 0.39140625