4 0.16640625 0.32265625 0.06484375 0.3984375
11 0.278125 0.37578125 0.065625 0.3984375
22 0.54296875 0.50078125 0.07890625 0.41796875
8 0.33515625 0.4046875 0.0671875 0.38671875
0 0.66015625 0.56484375 0.0703125 0.41796875
9 0.11171875 0.296875 0.0671875 0.38671875
4 0.42890625 0.4515625 0.06484375 0.3953125
9 0.8421875 0.65 0.071875 0.4078125
11 0.48515625 0.46953125 0.07265625 0.4125
32 0.05703125 0.26953125 0.071875 0.38515625
23 0.22265625 0.34609375 0.06953125 0.4046875
24 0.60546875 0.5296875 0.07265625 0.4140625
4 0.9421875 0.6890625 0.07109375 0.41875
2 0.72109375 0.6015625 0.07265625 0.40390625
0 0.78203125 0.61953125 0.06953125 0.409375
1 0.38046875 0.425 0.03984375 0.3875
1 0.89140625 0.671875 0.05546875 0.41796875