8 0.8375 0.4609375 0.04375 0.528125
10 0.24765625 0.55390625 0.04453125 0.52265625
30 0.06328125 0.58046875 0.05 0.53515625
17 0.6296875 0.49921875 0.04453125 0.52421875
22 0.40234375 0.53046875 0.04140625 0.54375
30 0.45703125 0.521875 0.04375 0.546875
6 0.51015625 0.5203125 0.0421875 0.5140625
8 0.19296875 0.55859375 0.0375 0.50625
0 0.68046875 0.4875 0.03984375 0.5234375
1 0.89140625 0.44140625 0.03359375 0.546875
29 0.128125 0.56640625 0.0609375 0.53984375
12 0.30234375 0.5484375 0.04375 0.5234375
9 0.78203125 0.47265625 0.0421875 0.51953125
4 0.3515625 0.54375 0.0390625 0.53515625
21 0.56796875 0.50625 0.0609375 0.52265625
7 0.94375 0.41328125 0.03828125 0.509375
5 0.7296875 0.49921875 0.04140625 0.509375