9 0.1140625 0.26484375 0.09296875 0.32734375
4 0.175 0.29921875 0.0921875 0.34609375
3 0.7078125 0.6234375 0.07734375 0.36953125
9 0.8265625 0.696875 0.0734375 0.35078125
11 0.47421875 0.478125 0.09296875 0.36640625
3 0.653125 0.58984375 0.07890625 0.37421875
21 0.534375 0.51796875 0.096875 0.38046875
24 0.59765625 0.55234375 0.0875 0.37578125
8 0.34921875 0.4 0.08515625 0.36015625
1 0.878125 0.725 0.05390625 0.3390625
2 0.2890625 0.36796875 0.090625 0.37109375
8 0.91953125 0.74296875 0.0765625 0.3328125
32 0.05546875 0.22578125 0.10546875 0.36953125
16 0.228125 0.32890625 0.0875 0.3484375
1 0.3984375 0.43046875 0.04375 0.2796875
1 0.4328125 0.446875 0.0453125 0.2890625
7 0.7640625 0.640625 0.08125 0.30078125