9 0.11171875 0.265625 0.0828125 0.321875
3 0.7078125 0.6234375 0.065625 0.36953125
9 0.82421875 0.69765625 0.06484375 0.3453125
4 0.17421875 0.29609375 0.0765625 0.34296875
21 0.53125 0.51328125 0.0875 0.38359375
11 0.4734375 0.47578125 0.08125 0.365625
3 0.65390625 0.58984375 0.06484375 0.36953125
8 0.34921875 0.40234375 0.075 0.3640625
24 0.59609375 0.55390625 0.0796875 0.37578125
1 0.8796875 0.71953125 0.04375 0.32734375
2 0.28828125 0.3703125 0.07421875 0.353125
8 0.91875 0.74296875 0.06796875 0.33359375
7 0.7671875 0.65 0.0875 0.32734375
1 0.39921875 0.4359375 0.04609375 0.3109375
1 0.4328125 0.44765625 0.0421875 0.3109375
16 0.23046875 0.32890625 0.06640625 0.3109375
32 0.06015625 0.22421875 0.078125 0.33046875