3 0.9125 0.48046875 0.04609375 0.61484375
6 0.7953125 0.49765625 0.046875 0.6
17 0.625 0.52109375 0.04609375 0.59765625
0 0.68046875 0.50859375 0.04453125 0.59765625
3 0.85546875 0.48671875 0.05 0.6046875
10 0.23203125 0.584375 0.046875 0.54375
8 0.18515625 0.590625 0.03984375 0.53203125
29 0.1203125 0.59140625 0.06484375 0.5421875
22 0.4015625 0.55859375 0.04765625 0.56015625
0 0.7375 0.5109375 0.04609375 0.5890625
30 0.459375 0.54453125 0.04609375 0.58125
4 0.34609375 0.57109375 0.03671875 0.5515625
7 0.51328125 0.53984375 0.040625 0.57109375
22 0.296875 0.5734375 0.0484375 0.55078125
30 0.0546875 0.603125 0.0421875 0.5453125
22 0.565625 0.53203125 0.04765625 0.60625
1 0.96796875 0.4609375 0.0296875 0.59921875