10 0.23125 0.54921875 0.04296875 0.41953125
5 0.33515625 0.53203125 0.04375 0.43515625
20 0.178125 0.55078125 0.04375 0.4296875
20 0.48828125 0.5203125 0.04609375 0.43515625
0 0.86484375 0.465625 0.04921875 0.4296875
12 0.5375 0.5125 0.0484375 0.44765625
8 0.8078125 0.47890625 0.04609375 0.43125
3 0.91953125 0.465625 0.04921875 0.41875
1 0.696875 0.49765625 0.0375 0.44375
21 0.59453125 0.50703125 0.04765625 0.4421875
1 0.3796875 0.53046875 0.0328125 0.44140625
10 0.128125 0.5546875 0.04453125 0.4140625
3 0.753125 0.4875 0.046875 0.4296875
22 0.28125 0.54140625 0.0484375 0.41953125
0 0.6453125 0.50859375 0.0515625 0.4328125
12 0.43046875 0.52109375 0.0390625 0.4140625
21 0.078125 0.56015625 0.05390625 0.4359375