8 0.865625 0.42890625 0.05 0.5203125
11 0.42109375 0.52265625 0.0484375 0.503125
3 0.69296875 0.46953125 0.0453125 0.5109375
12 0.21328125 0.5703125 0.05625 0.50625
9 0.11015625 0.59453125 0.0484375 0.5015625
1 0.36875 0.53671875 0.0359375 0.50859375
32 0.05546875 0.609375 0.04921875 0.52265625
21 0.52734375 0.49921875 0.05703125 0.5109375
11 0.47734375 0.5109375 0.046875 0.51484375
9 0.809375 0.45 0.0484375 0.5078125
2 0.2671875 0.5578125 0.05 0.51953125
24 0.58359375 0.48671875 0.04921875 0.51171875
4 0.31875 0.55 0.0453125 0.51171875
4 0.16171875 0.58515625 0.0453125 0.49765625
2 0.64140625 0.4859375 0.04765625 0.51171875
7 0.74609375 0.44921875 0.05078125 0.52734375
6 0.9234375 0.42890625 0.04921875 0.5203125