14 0.2125 0.45234375 0.05390625 0.3640625
12 0.321875 0.46640625 0.05234375 0.36015625
11 0.52578125 0.5125 0.05625 0.365625
1 0.7484375 0.5578125 0.0328125 0.37109375
8 0.84375 0.56796875 0.046875 0.3671875
21 0.5953125 0.52734375 0.06875 0.37109375
12 0.4703125 0.50078125 0.05703125 0.3640625
30 0.08125 0.428125 0.053125 0.3765625
0 0.7078125 0.546875 0.0453125 0.3703125
29 0.14765625 0.4296875 0.075 0.3875
1 0.41640625 0.490625 0.0328125 0.3671875
4 0.36875 0.49375 0.0484375 0.353125
12 0.6546875 0.53515625 0.05859375 0.365625
3 0.94140625 0.5890625 0.04453125 0.36484375
2 0.8921875 0.58359375 0.04609375 0.36953125
1 0.79765625 0.559375 0.03828125 0.37890625
15 0.26484375 0.45703125 0.046875 0.365625