22 0.54609375 0.5109375 0.0453125 0.6390625
9 0.11953125 0.57890625 0.0484375 0.653125
11 0.29140625 0.5515625 0.05390625 0.6453125
0 0.88046875 0.48828125 0.05078125 0.62578125
9 0.828125 0.5 0.04765625 0.63046875
4 0.178125 0.5734375 0.0515625 0.6515625
6 0.9421875 0.48203125 0.04921875 0.6265625
4 0.4359375 0.5328125 0.05 0.63828125
1 0.3921875 0.5453125 0.028125 0.6375
0 0.7703125 0.5 0.05078125 0.63125
32 0.06484375 0.58203125 0.05078125 0.68359375
0 0.66015625 0.5078125 0.05078125 0.64921875
24 0.60625 0.503125 0.05234375 0.64453125
8 0.34609375 0.53984375 0.04765625 0.62578125
2 0.71796875 0.5015625 0.0515625 0.6421875
23 0.23203125 0.56328125 0.05 0.653125
11 0.49453125 0.52109375 0.05234375 0.640625