22 0.5515625 0.51171875 0.0453125 0.63828125
4 0.17734375 0.57421875 0.0515625 0.65
0 0.88125 0.48828125 0.05078125 0.62578125
11 0.29140625 0.5515625 0.0546875 0.64921875
9 0.11875 0.57890625 0.04921875 0.65234375
9 0.828125 0.49921875 0.04765625 0.63046875
6 0.9421875 0.4828125 0.04921875 0.6265625
32 0.06484375 0.57890625 0.05234375 0.684375
0 0.7703125 0.49921875 0.05078125 0.63203125
4 0.4359375 0.53203125 0.05078125 0.63984375
11 0.49453125 0.52109375 0.053125 0.63984375
1 0.39296875 0.5453125 0.028125 0.63828125
0 0.6609375 0.5078125 0.0515625 0.64921875
24 0.60625 0.503125 0.05234375 0.6453125
8 0.34609375 0.540625 0.0484375 0.628125
23 0.23203125 0.56328125 0.05078125 0.6546875
2 0.71875 0.50078125 0.05234375 0.64375