8 0.22421875 0.4765625 0.0421875 0.4984375
4 0.1140625 0.45390625 0.0453125 0.5109375
19 0.17421875 0.46640625 0.04765625 0.50390625
11 0.61171875 0.5265625 0.04765625 0.50234375
4 0.765625 0.53984375 0.04375 0.5171875
6 0.32421875 0.4875 0.04375 0.50859375
9 0.48515625 0.51484375 0.0453125 0.4921875
2 0.37265625 0.4984375 0.04453125 0.50625
1 0.8203125 0.54296875 0.03359375 0.51796875
3 0.665625 0.528125 0.0421875 0.5
2 0.87734375 0.55078125 0.046875 0.5171875
0 0.71875 0.53671875 0.04453125 0.5046875
21 0.54609375 0.5171875 0.0640625 0.50546875
7 0.27109375 0.47890625 0.0421875 0.5046875
31 0.0625 0.45390625 0.05234375 0.51875
13 0.42578125 0.51015625 0.05546875 0.52421875
1 0.9234375 0.53984375 0.03359375 0.51015625