12 0.41015625 0.47421875 0.0734375 0.46875
19 0.20625 0.4078125 0.0703125 0.46171875
32 0.06171875 0.3703125 0.0734375 0.46171875
2 0.81640625 0.56875 0.08828125 0.52578125
3 0.634375 0.52578125 0.075 0.4875
4 0.16015625 0.390625 0.06484375 0.45703125
3 0.74609375 0.5578125 0.08125 0.50234375
22 0.51796875 0.4953125 0.07578125 0.475
3 0.878125 0.5890625 0.084375 0.51171875
2 0.25234375 0.42578125 0.0703125 0.4703125
24 0.5734375 0.51484375 0.07734375 0.48203125
4 0.94609375 0.59765625 0.08515625 0.53671875
9 0.1109375 0.38359375 0.0703125 0.4609375
1 0.35703125 0.4578125 0.0609375 0.46484375
4 0.309375 0.4390625 0.07109375 0.46328125
11 0.46640625 0.4796875 0.0765625 0.47734375
1 0.690625 0.546875 0.065625 0.4921875