32 0.3421875 0.44609375 0.04140625 0.33046875
12 0.39921875 0.4703125 0.04609375 0.3328125
29 0.1203125 0.36328125 0.0734375 0.32734375
0 0.68671875 0.59375 0.04375 0.33515625
1 0.7953125 0.646875 0.02734375 0.35234375
8 0.18515625 0.38828125 0.0390625 0.315625
32 0.50546875 0.51953125 0.04296875 0.3421875
32 0.290625 0.4296875 0.04375 0.33046875
9 0.90078125 0.6890625 0.04375 0.321875
30 0.04921875 0.3328125 0.04375 0.321875
1 0.84765625 0.66796875 0.02734375 0.34140625
21 0.56953125 0.54140625 0.06171875 0.35625
4 0.73984375 0.61640625 0.04140625 0.34140625
2 0.95625 0.7125 0.04140625 0.3203125
32 0.2359375 0.4109375 0.04140625 0.31953125
19 0.45546875 0.49609375 0.0453125 0.33984375
16 0.634375 0.58046875 0.0515625 0.35390625