12 0.1953125 0.59765625 0.04375 0.5203125
10 0.3984375 0.5609375 0.05078125 0.5484375
3 0.946875 0.47734375 0.05390625 0.61484375
32 0.04921875 0.61640625 0.04375 0.53203125
2 0.23828125 0.59375 0.04609375 0.53671875
22 0.50703125 0.53671875 0.0515625 0.559375
11 0.45625 0.55 0.046875 0.55546875
3 0.81015625 0.5 0.0546875 0.58828125
5 0.68203125 0.509375 0.05 0.57890625
3 0.7421875 0.509375 0.05390625 0.5859375
2 0.6265625 0.525 0.0515625 0.57578125
24 0.565625 0.5328125 0.05625 0.55625
8 0.871875 0.4890625 0.0578125 0.6046875
1 0.3453125 0.57265625 0.0328125 0.53671875
9 0.09765625 0.6125 0.0421875 0.51953125
4 0.29765625 0.58125 0.046875 0.53984375
4 0.146875 0.6015625 0.0453125 0.52109375