10 0.24609375 0.40078125 0.05234375 0.2984375
12 0.30859375 0.42734375 0.0484375 0.3109375
8 0.19609375 0.36875 0.0390625 0.2953125
2 0.35859375 0.45390625 0.04140625 0.3140625
29 0.12734375 0.3328125 0.06875 0.32421875
2 0.95 0.75625 0.0453125 0.32421875
17 0.4671875 0.5 0.04921875 0.32734375
22 0.5703125 0.5578125 0.053125 0.32890625
30 0.0609375 0.30859375 0.04609375 0.32734375
9 0.840625 0.703125 0.04453125 0.33359375
22 0.409375 0.478125 0.04453125 0.3203125
1 0.67890625 0.61953125 0.03046875 0.31875
1 0.8921875 0.73125 0.0328125 0.33046875
1 0.5171875 0.5328125 0.02890625 0.32109375
0 0.728125 0.640625 0.04453125 0.3203125
1 0.790625 0.67578125 0.0375 0.3234375
19 0.6234375 0.5796875 0.04375 0.30703125