11 0.52421875 0.50703125 0.05703125 0.45
4 0.3734375 0.534375 0.0515625 0.43515625
5 0.79375 0.46484375 0.0515625 0.45703125
4 0.46953125 0.5171875 0.053125 0.44921875
30 0.08046875 0.5640625 0.0625 0.4515625
29 0.14921875 0.55703125 0.08828125 0.44453125
0 0.64765625 0.48828125 0.0546875 0.44140625
1 0.41875 0.52265625 0.0375 0.446875
3 0.890625 0.45234375 0.05390625 0.45234375
2 0.3328125 0.5453125 0.0515625 0.43671875
14 0.215625 0.5453125 0.06015625 0.453125
0 0.74375 0.47265625 0.04609375 0.44921875
16 0.27421875 0.53984375 0.0625 0.44921875
0 0.69609375 0.4828125 0.0484375 0.43515625
1 0.94609375 0.43359375 0.04140625 0.4640625
7 0.83828125 0.453125 0.04765625 0.46171875
21 0.590625 0.490625 0.065625 0.459375