24 0.59140625 0.5140625 0.05625 0.446875
6 0.8203125 0.62265625 0.05703125 0.4421875
3 0.7609375 0.58828125 0.053125 0.4453125
11 0.47890625 0.4640625 0.05859375 0.4328125
3 0.6453125 0.54609375 0.05390625 0.4328125
4 0.16171875 0.33046875 0.05 0.41328125
9 0.8828125 0.64375 0.05390625 0.44296875
2 0.2625 0.38125 0.05234375 0.428125
32 0.05703125 0.2859375 0.06484375 0.42109375
9 0.946875 0.665625 0.05390625 0.4421875
4 0.31953125 0.39921875 0.0546875 0.421875
1 0.36953125 0.4265625 0.03984375 0.4078125
9 0.10625 0.3046875 0.05546875 0.4140625
1 0.703125 0.56484375 0.03671875 0.43984375
19 0.2109375 0.35 0.05546875 0.41796875
22 0.53046875 0.4859375 0.06015625 0.44140625
12 0.42265625 0.45078125 0.0546875 0.41953125