8 0.38359375 0.53984375 0.04609375 0.409375
29 0.1546875 0.584375 0.0859375 0.425
30 0.08125 0.60546875 0.05859375 0.415625
12 0.33046875 0.553125 0.0609375 0.40546875
13 0.55390625 0.49140625 0.05703125 0.41640625
1 0.95390625 0.39921875 0.034375 0.41640625
2 0.90625 0.41015625 0.04765625 0.4125
0 0.8125 0.43359375 0.04609375 0.3828125
0 0.6703125 0.46953125 0.0453125 0.39296875
13 0.490625 0.50625 0.059375 0.415625
0 0.71953125 0.459375 0.05 0.38984375
0 0.76171875 0.4453125 0.0453125 0.3921875
18 0.2765625 0.56328125 0.04453125 0.40546875
14 0.2296875 0.5734375 0.05234375 0.415625
1 0.4359375 0.52734375 0.03515625 0.409375
21 0.61875 0.4796875 0.06328125 0.41484375
6 0.85625 0.42109375 0.046875 0.3921875