32 0.06796875 0.3203125 0.0625 0.41484375
6 0.9390625 0.65 0.05625 0.43984375
8 0.75390625 0.57578125 0.05390625 0.44296875
0 0.815625 0.60390625 0.05546875 0.44296875
4 0.8734375 0.621875 0.053125 0.44765625
24 0.5859375 0.5125 0.05234375 0.42421875
9 0.11875 0.34140625 0.0515625 0.3921875
4 0.16796875 0.35625 0.04453125 0.39140625
11 0.47890625 0.47265625 0.05234375 0.42109375
2 0.2640625 0.3984375 0.05078125 0.4078125
4 0.3203125 0.41484375 0.05 0.39375
12 0.4234375 0.45 0.053125 0.40234375
19 0.21484375 0.375 0.0578125 0.4078125
3 0.64140625 0.54453125 0.05078125 0.4203125
1 0.36953125 0.4375 0.0390625 0.3890625
2 0.6984375 0.56171875 0.046875 0.428125
22 0.5296875 0.4875 0.05703125 0.4265625