10 0.2546875 0.5765625 0.05 0.4875
8 0.19765625 0.58671875 0.03984375 0.46953125
7 0.89609375 0.428125 0.04140625 0.47734375
22 0.58984375 0.4984375 0.046875 0.496875
30 0.05234375 0.621875 0.0453125 0.50546875
0 0.740625 0.4703125 0.040625 0.47421875
12 0.3171875 0.56640625 0.046875 0.478125
2 0.3703125 0.5546875 0.040625 0.48125
29 0.12578125 0.59921875 0.06875 0.4953125
1 0.79921875 0.45859375 0.0296875 0.46328125
8 0.84453125 0.43671875 0.03828125 0.4671875
6 0.95234375 0.41171875 0.03984375 0.46328125
17 0.47734375 0.52890625 0.04140625 0.490625
1 0.690625 0.4765625 0.03125 0.484375
1 0.52734375 0.51875 0.0265625 0.490625
22 0.425 0.54453125 0.04609375 0.4828125
19 0.64140625 0.49765625 0.05078125 0.475