10 0.25390625 0.57734375 0.05 0.484375
30 0.05234375 0.62109375 0.04453125 0.503125
7 0.896875 0.428125 0.04140625 0.4765625
0 0.740625 0.46953125 0.040625 0.475
8 0.196875 0.584375 0.0390625 0.46875
12 0.31796875 0.5671875 0.04609375 0.47578125
1 0.79921875 0.45859375 0.0296875 0.4625
29 0.125 0.59921875 0.06875 0.49453125
2 0.3703125 0.55234375 0.03984375 0.48203125
22 0.58984375 0.49921875 0.046875 0.4953125
6 0.95234375 0.4078125 0.040625 0.46015625
17 0.4765625 0.5234375 0.04140625 0.4890625
1 0.69140625 0.478125 0.0328125 0.4828125
1 0.528125 0.51796875 0.0265625 0.4890625
8 0.84453125 0.43671875 0.0390625 0.4671875
22 0.42421875 0.54375 0.046875 0.48125
19 0.640625 0.48359375 0.05078125 0.46953125