10 0.6484375 0.61015625 0.0609375 0.25546875
0 0.60078125 0.56640625 0.05390625 0.2703125
0 0.4484375 0.46953125 0.0546875 0.2609375
6 0.7046875 0.6390625 0.05703125 0.2609375
8 0.8078125 0.70390625 0.05234375 0.26328125
0 0.5484375 0.53828125 0.0546875 0.27109375
1 0.8625 0.74609375 0.04609375 0.253125
1 0.75859375 0.6828125 0.0421875 0.26484375
10 0.18984375 0.2875 0.0578125 0.24453125
30 0.3015625 0.3671875 0.053125 0.26328125
1 0.4 0.44921875 0.04765625 0.26015625
6 0.91328125 0.775 0.05703125 0.253125
5 0.496875 0.50078125 0.0515625 0.2296875
29 0.2453125 0.3296875 0.0578125 0.2296875
29 0.0890625 0.21953125 0.0640625 0.2359375
11 0.1375 0.253125 0.04453125 0.23359375
3 0.3453125 0.40234375 0.0484375 0.2125