8 0.865625 0.69375 0.053125 0.37734375
13 0.2484375 0.43515625 0.0609375 0.4234375
21 0.5921875 0.58125 0.06953125 0.41015625
1 0.70625 0.6296875 0.0359375 0.3953125
11 0.31640625 0.46328125 0.05546875 0.409375
20 0.05703125 0.36328125 0.05546875 0.45234375
28 0.11640625 0.3796875 0.0703125 0.44453125
1 0.53203125 0.553125 0.0359375 0.39921875
2 0.37421875 0.4953125 0.05703125 0.4046875
0 0.809375 0.671875 0.04921875 0.37890625
6 0.9734375 0.73125 0.0515625 0.3828125
28 0.18671875 0.41015625 0.06796875 0.43828125
11 0.4859375 0.534375 0.05234375 0.40078125
1 0.43046875 0.51640625 0.0390625 0.40703125
5 0.75 0.64765625 0.046875 0.3953125
13 0.6578125 0.60546875 0.0515625 0.403125
5 0.91796875 0.7140625 0.04765625 0.38046875