11 0.41875 0.475 0.053125 0.359375
21 0.5375 0.52421875 0.0734375 0.36796875
26 0.1578125 0.3625 0.04921875 0.37578125
11 0.2640625 0.4078125 0.053125 0.35625
1 0.65625 0.575 0.0359375 0.36015625
13 0.21015625 0.38125 0.05546875 0.36484375
28 0.0984375 0.3390625 0.05703125 0.37265625
4 0.8796875 0.6671875 0.065625 0.36171875
2 0.7578125 0.621875 0.06171875 0.353125
2 0.47578125 0.49921875 0.059375 0.3640625
13 0.60703125 0.55625 0.06171875 0.36484375
7 0.94296875 0.69140625 0.065625 0.35234375
2 0.3234375 0.43515625 0.0578125 0.3625
20 0.04921875 0.32109375 0.04375 0.371875
1 0.3703125 0.45078125 0.03359375 0.35703125
2 0.821875 0.646875 0.06484375 0.35859375
6 0.7015625 0.59375 0.05546875 0.35546875