5 0.62578125 0.50078125 0.04375 0.51953125
5 0.73046875 0.4796875 0.0453125 0.5015625
8 0.78125 0.47734375 0.04609375 0.49453125
10 0.19609375 0.56953125 0.05390625 0.53984375
5 0.94296875 0.45859375 0.0453125 0.49921875
4 0.375 0.53671875 0.05 0.53359375
6 0.834375 0.478125 0.04296875 0.49375
11 0.515625 0.51796875 0.04609375 0.52421875
16 0.25546875 0.55625 0.05703125 0.53828125
2 0.884375 0.4734375 0.04453125 0.503125
3 0.675 0.4921875 0.04140625 0.503125
1 0.4671875 0.5171875 0.028125 0.5265625
20 0.56953125 0.5078125 0.04375 0.5328125
22 0.13359375 0.58046875 0.0515625 0.54609375
26 0.32109375 0.54453125 0.04296875 0.53515625
1 0.42734375 0.53359375 0.0359375 0.53203125
19 0.071875 0.57734375 0.0671875 0.54609375