5 0.62578125 0.5015625 0.04453125 0.5234375
5 0.73046875 0.47890625 0.0453125 0.50390625
10 0.196875 0.56953125 0.0546875 0.54609375
5 0.94296875 0.46171875 0.04609375 0.50390625
8 0.78125 0.4765625 0.046875 0.49765625
11 0.51640625 0.51953125 0.046875 0.53046875
2 0.884375 0.47421875 0.04609375 0.50625
6 0.834375 0.47734375 0.04296875 0.496875
4 0.37421875 0.5375 0.0515625 0.54453125
16 0.25546875 0.55703125 0.0578125 0.54453125
3 0.675 0.4921875 0.0421875 0.50703125
1 0.4671875 0.51953125 0.028125 0.5359375
20 0.5703125 0.51015625 0.04375 0.53515625
22 0.1328125 0.58046875 0.053125 0.55390625
26 0.32109375 0.54453125 0.04453125 0.5421875
1 0.42734375 0.528125 0.0375 0.54296875
19 0.0671875 0.58515625 0.06640625 0.55390625