5 0.825 0.484375 0.04375 0.440625
8 0.76953125 0.490625 0.04296875 0.4453125
11 0.18828125 0.57109375 0.04375 0.4375
9 0.56015625 0.52421875 0.03828125 0.42890625
6 0.3484375 0.55546875 0.04140625 0.45234375
8 0.6140625 0.5125 0.03984375 0.43828125
0 0.66328125 0.50390625 0.04140625 0.44375
7 0.87578125 0.47734375 0.0390625 0.45234375
2 0.50625 0.53046875 0.03828125 0.45
7 0.928125 0.47734375 0.04375 0.46171875
21 0.1265625 0.59453125 0.06171875 0.4171875
1 0.4046875 0.55234375 0.02734375 0.44453125
14 0.30078125 0.55703125 0.040625 0.45703125
16 0.24140625 0.565625 0.04765625 0.44609375
1 0.7203125 0.49296875 0.03671875 0.4546875
32 0.45546875 0.52578125 0.046875 0.45078125
26 0.06328125 0.5609375 0.0453125 0.42421875