11 0.4578125 0.46875 0.05546875 0.39921875
12 0.403125 0.45234375 0.05703125 0.4046875
3 0.62421875 0.52421875 0.0515625 0.41875
8 0.7375 0.55546875 0.05625 0.43125
9 0.1109375 0.353125 0.05703125 0.3953125
2 0.67890625 0.53828125 0.06015625 0.43125
4 0.30546875 0.41640625 0.05546875 0.39296875
2 0.2515625 0.4078125 0.05390625 0.39296875
6 0.9203125 0.61796875 0.06171875 0.4375
32 0.06484375 0.3421875 0.05859375 0.39765625
0 0.796875 0.584375 0.059375 0.42109375
22 0.51171875 0.484375 0.05859375 0.40546875
24 0.56953125 0.49375 0.059375 0.4171875
19 0.2046875 0.38046875 0.0609375 0.38671875
4 0.1609375 0.36953125 0.04609375 0.37578125
4 0.8578125 0.60703125 0.059375 0.42890625
1 0.35625 0.43359375 0.04140625 0.3890625