11 0.49765625 0.49140625 0.04921875 0.57265625
22 0.553125 0.49609375 0.046875 0.57734375
24 0.60390625 0.5 0.05078125 0.571875
8 0.3515625 0.48359375 0.0484375 0.571875
8 0.8734375 0.51640625 0.04765625 0.571875
4 0.1921875 0.478125 0.0453125 0.5859375
4 0.440625 0.48984375 0.046875 0.575
23 0.240625 0.478125 0.05 0.58515625
9 0.13515625 0.48046875 0.0484375 0.578125
2 0.7140625 0.50859375 0.0484375 0.56796875
11 0.3 0.478125 0.04765625 0.5734375
5 0.81875 0.51015625 0.04609375 0.5765625
8 0.92578125 0.52109375 0.04765625 0.575
0 0.66015625 0.509375 0.04921875 0.5671875
32 0.084375 0.47734375 0.04765625 0.6015625
6 0.7640625 0.50859375 0.0453125 0.57109375
1 0.396875 0.4859375 0.028125 0.5765625