11 0.496875 0.49140625 0.0484375 0.5734375
24 0.60390625 0.5 0.05078125 0.57265625
22 0.553125 0.4953125 0.046875 0.578125
8 0.3515625 0.48515625 0.04765625 0.5734375
4 0.1921875 0.47890625 0.0453125 0.58671875
4 0.440625 0.48984375 0.046875 0.57578125
8 0.8734375 0.51640625 0.04765625 0.571875
23 0.240625 0.478125 0.05 0.58515625
11 0.3 0.47890625 0.04765625 0.57421875
9 0.13515625 0.48125 0.04765625 0.57734375
2 0.715625 0.509375 0.04921875 0.565625
8 0.92578125 0.52109375 0.046875 0.575
5 0.81953125 0.51171875 0.0453125 0.57421875
32 0.08359375 0.47734375 0.04765625 0.60234375
6 0.7640625 0.509375 0.0453125 0.5703125
0 0.66015625 0.509375 0.04921875 0.5671875
1 0.396875 0.4859375 0.028125 0.57734375