16 0.2703125 0.47421875 0.0609375 0.440625
14 0.21171875 0.47109375 0.05390625 0.446875
30 0.078125 0.446875 0.05546875 0.45703125
5 0.77890625 0.5578125 0.04296875 0.40234375
11 0.51796875 0.51484375 0.04921875 0.428125
9 0.82578125 0.56875 0.0421875 0.4015625
0 0.6390625 0.52578125 0.04453125 0.41328125
4 0.46484375 0.5078125 0.0484375 0.43203125
2 0.87578125 0.58125 0.04296875 0.40078125
2 0.328125 0.496875 0.0484375 0.43828125
0 0.684375 0.54296875 0.04609375 0.39765625
1 0.415625 0.5 0.0328125 0.43828125
0 0.7328125 0.54296875 0.04140625 0.40625
29 0.14765625 0.46171875 0.07421875 0.45234375
21 0.578125 0.52265625 0.0640625 0.42265625
4 0.37109375 0.50390625 0.04453125 0.42734375
0 0.92421875 0.59140625 0.04375 0.3875