20 0.58125 0.48671875 0.05390625 0.45078125
12 0.31953125 0.5375 0.059375 0.4484375
12 0.64140625 0.484375 0.0609375 0.44609375
14 0.20859375 0.54765625 0.05859375 0.45234375
6 0.4671875 0.50625 0.053125 0.45390625
11 0.521875 0.4984375 0.059375 0.45390625
4 0.89453125 0.43125 0.05625 0.4671875
0 0.69453125 0.471875 0.04609375 0.45078125
1 0.9515625 0.42109375 0.04375 0.47734375
0 0.7453125 0.4640625 0.046875 0.45390625
1 0.41875 0.5203125 0.03515625 0.44921875
4 0.36953125 0.52890625 0.05234375 0.44765625
30 0.06875 0.55859375 0.0640625 0.4515625
29 0.1375 0.55 0.08359375 0.446875
5 0.79609375 0.45 0.0515625 0.459375
3 0.84453125 0.44375 0.04765625 0.45546875
15 0.26015625 0.54140625 0.0515625 0.45703125