17 0.65 0.48125 0.0453125 0.44453125
22 0.32890625 0.5625 0.0515625 0.44765625
2 0.5515625 0.5125 0.0421875 0.43671875
30 0.05859375 0.640625 0.053125 0.4640625
4 0.38203125 0.54921875 0.04375 0.44453125
10 0.26328125 0.58046875 0.0546875 0.4578125
8 0.2046875 0.60078125 0.04296875 0.440625
14 0.4984375 0.52578125 0.04140625 0.4453125
0 0.70390625 0.4796875 0.0453125 0.4359375
22 0.4421875 0.53046875 0.0484375 0.453125
29 0.134375 0.625 0.06875 0.4546875
1 0.76484375 0.4640625 0.0296875 0.440625
6 0.8609375 0.43515625 0.03984375 0.42890625
0 0.9171875 0.42265625 0.0453125 0.4171875
6 0.971875 0.39296875 0.0390625 0.425
7 0.8125 0.45390625 0.03515625 0.4421875
18 0.5953125 0.5 0.03515625 0.44140625