17 0.65 0.48125 0.046875 0.44453125
2 0.55078125 0.5140625 0.0421875 0.4328125
4 0.38203125 0.55390625 0.04375 0.43984375
22 0.328125 0.56484375 0.0515625 0.4453125
30 0.06015625 0.6421875 0.04921875 0.4609375
8 0.20546875 0.603125 0.0421875 0.43671875
10 0.26328125 0.584375 0.053125 0.453125
22 0.44296875 0.5328125 0.04765625 0.45078125
0 0.7015625 0.4734375 0.04453125 0.4453125
7 0.81328125 0.4546875 0.0359375 0.440625
29 0.13359375 0.62734375 0.06796875 0.4484375
14 0.49765625 0.52734375 0.04140625 0.44140625
1 0.765625 0.4625 0.02890625 0.43984375
6 0.86171875 0.4359375 0.040625 0.42265625
6 0.97265625 0.39296875 0.03984375 0.42578125
18 0.59296875 0.48203125 0.03828125 0.45625
0 0.91484375 0.40078125 0.04296875 0.42578125