8 0.33046875 0.43359375 0.0703125 0.4203125
24 0.58984375 0.55078125 0.06953125 0.4359375
22 0.53203125 0.53203125 0.0734375 0.43359375
23 0.2234375 0.3875 0.07734375 0.4109375
4 0.16796875 0.36640625 0.07265625 0.425
2 0.75546875 0.63984375 0.0703125 0.4375
7 0.86953125 0.68203125 0.06640625 0.4453125
32 0.0609375 0.31328125 0.07265625 0.4265625
11 0.478125 0.49765625 0.07265625 0.421875
2 0.69921875 0.61015625 0.06953125 0.43828125
1 0.37734375 0.4640625 0.0484375 0.403125
9 0.11015625 0.34453125 0.07109375 0.425
9 0.81484375 0.65703125 0.06875 0.43359375
0 0.64375 0.59140625 0.0734375 0.421875
8 0.93203125 0.70859375 0.07578125 0.43515625
15 0.2765625 0.40703125 0.07734375 0.4125
5 0.41875 0.46796875 0.059375 0.41015625