13 0.63671875 0.5375 0.0515625 0.51328125
9 0.503125 0.52265625 0.05390625 0.50625
13 0.23828125 0.471875 0.05625 0.5375
2 0.6921875 0.553125 0.053125 0.4984375
11 0.4453125 0.50234375 0.0515625 0.5109375
2 0.84921875 0.5765625 0.05078125 0.4984375
11 0.3046875 0.47890625 0.0546875 0.51796875
20 0.0578125 0.446875 0.05078125 0.55546875
5 0.90234375 0.5765625 0.04765625 0.4859375
28 0.18046875 0.459375 0.059375 0.55
28 0.1125 0.45390625 0.0625 0.5515625
3 0.80078125 0.57421875 0.046875 0.48828125
0 0.74765625 0.56015625 0.04921875 0.4890625
0 0.95390625 0.59140625 0.04375 0.47734375
1 0.390625 0.49609375 0.034375 0.51875
21 0.56796875 0.53046875 0.06328125 0.51796875
1 0.3515625 0.49375 0.040625 0.5015625