13 0.6359375 0.53203125 0.05 0.48828125
13 0.23828125 0.46796875 0.05546875 0.5171875
2 0.6921875 0.55078125 0.05078125 0.475
11 0.4453125 0.49609375 0.04921875 0.48359375
2 0.8484375 0.5703125 0.0484375 0.471875
11 0.30390625 0.47890625 0.05234375 0.503125
9 0.50234375 0.5109375 0.05390625 0.48359375
28 0.18125 0.45078125 0.0609375 0.52890625
5 0.89921875 0.57890625 0.0421875 0.46640625
20 0.05859375 0.440625 0.04609375 0.54140625
28 0.11171875 0.44765625 0.059375 0.534375
3 0.8 0.56953125 0.0453125 0.46484375
0 0.746875 0.55859375 0.04765625 0.4671875
0 0.95234375 0.5921875 0.0421875 0.44765625
1 0.3921875 0.48671875 0.03125 0.49375
21 0.56796875 0.52421875 0.06171875 0.4953125
1 0.35234375 0.4921875 0.0390625 0.5125