13 0.24375 0.6328125 0.06640625 0.375
8 0.74609375 0.3828125 0.05625 0.34375
20 0.059375 0.721875 0.0625 0.396875
11 0.47734375 0.52421875 0.06015625 0.3640625
13 0.6546875 0.4328125 0.06171875 0.3484375
11 0.3125 0.6 0.06484375 0.3546875
21 0.59765625 0.4625 0.0734375 0.36484375
5 0.903125 0.290625 0.05546875 0.36640625
28 0.11484375 0.69140625 0.0703125 0.4
1 0.703125 0.40234375 0.040625 0.33984375
28 0.1828125 0.659375 0.065625 0.3875
1 0.9515625 0.2765625 0.04453125 0.3515625
2 0.37265625 0.5796875 0.06171875 0.35625
1 0.42734375 0.55234375 0.04375 0.35703125
6 0.85390625 0.3203125 0.05703125 0.35859375
5 0.53203125 0.48984375 0.06484375 0.36796875
3 0.8015625 0.35625 0.0578125 0.32734375