8 0.34765625 0.440625 0.04375 0.39296875
14 0.18671875 0.38515625 0.053125 0.39375
0 0.64375 0.565625 0.05234375 0.39921875
29 0.1203125 0.35234375 0.08046875 0.42265625
7 0.8 0.6140625 0.0453125 0.41171875
0 0.69453125 0.57890625 0.0453125 0.403125
7 0.9625 0.68125 0.05234375 0.41171875
10 0.453125 0.4890625 0.06171875 0.40859375
8 0.85078125 0.63671875 0.05 0.4109375
21 0.5796875 0.53125 0.0671875 0.4109375
0 0.90546875 0.6625 0.05 0.40234375
5 0.7421875 0.5953125 0.046875 0.4125
23 0.2375 0.3984375 0.05078125 0.40703125
13 0.51328125 0.50546875 0.06171875 0.40859375
1 0.39375 0.46328125 0.03203125 0.4015625
30 0.0546875 0.32890625 0.059375 0.41640625
17 0.29375 0.41796875 0.05625 0.4109375