20 0.05703125 0.5921875 0.06015625 0.5734375
13 0.66875 0.434375 0.05859375 0.50703125
21 0.60625 0.4484375 0.071875 0.5234375
13 0.23984375 0.546875 0.0625 0.54140625
5 0.909375 0.36171875 0.04921875 0.49140625
4 0.42734375 0.509375 0.0609375 0.51953125
2 0.72734375 0.4203125 0.05859375 0.49921875
28 0.1109375 0.5765625 0.07265625 0.55625
5 0.96328125 0.34453125 0.05234375 0.496875
11 0.3078125 0.5375 0.05859375 0.53203125
2 0.36640625 0.525 0.0625 0.5234375
28 0.1796875 0.56328125 0.06796875 0.55390625
11 0.4890625 0.47890625 0.05703125 0.51875
3 0.5421875 0.46953125 0.0515625 0.5078125
0 0.78046875 0.40703125 0.05390625 0.48359375
1 0.86796875 0.3734375 0.0359375 0.49296875
1 0.834375 0.3875 0.03984375 0.4890625