20 0.05703125 0.59375 0.059375 0.5734375
13 0.66875 0.43515625 0.0578125 0.50625
21 0.60703125 0.4484375 0.071875 0.521875
13 0.23984375 0.54765625 0.0625 0.53984375
5 0.909375 0.36171875 0.0484375 0.4890625
2 0.72734375 0.4203125 0.0578125 0.5
4 0.428125 0.51015625 0.0609375 0.51875
28 0.11171875 0.578125 0.071875 0.55625
5 0.96328125 0.3453125 0.05234375 0.49453125
11 0.3078125 0.53828125 0.059375 0.53125
28 0.1796875 0.5640625 0.06796875 0.553125
2 0.36640625 0.52578125 0.0625 0.52265625
11 0.4890625 0.47890625 0.05625 0.5171875
3 0.5421875 0.4703125 0.0515625 0.50546875
0 0.78125 0.41015625 0.053125 0.484375
1 0.86796875 0.3734375 0.03515625 0.49140625
1 0.83359375 0.38671875 0.03984375 0.48828125