12 0.23046875 0.4109375 0.04921875 0.421875
11 0.49609375 0.490625 0.046875 0.43203125
2 0.934375 0.66015625 0.04765625 0.43828125
9 0.87734375 0.6421875 0.0453125 0.4203125
32 0.06484375 0.35625 0.05234375 0.446875
22 0.5484375 0.51328125 0.04609375 0.44296875
4 0.33515625 0.44609375 0.04296875 0.425
4 0.715625 0.58671875 0.04609375 0.4234375
11 0.4390625 0.475 0.04765625 0.43125
1 0.38515625 0.4640625 0.03203125 0.42578125
9 0.765625 0.5953125 0.04140625 0.42109375
9 0.11796875 0.36953125 0.04296875 0.43671875
2 0.659375 0.56171875 0.04296875 0.4296875
2 0.28046875 0.421875 0.04609375 0.42734375
4 0.175 0.3875 0.0453125 0.42578125
24 0.603125 0.5328125 0.04921875 0.42890625
1 0.821875 0.6203125 0.03203125 0.434375