12 0.43359375 0.48515625 0.053125 0.4453125
9 0.83125 0.578125 0.04921875 0.46640625
24 0.60078125 0.51640625 0.05 0.4484375
32 0.059375 0.3921875 0.046875 0.4609375
22 0.54609375 0.50078125 0.0515625 0.45
3 0.65859375 0.53671875 0.04453125 0.45546875
4 0.77109375 0.55390625 0.0453125 0.471875
5 0.8875 0.58515625 0.05078125 0.48828125
4 0.32734375 0.45234375 0.046875 0.45859375
1 0.38046875 0.465625 0.0265625 0.45546875
2 0.71796875 0.553125 0.05 0.465625
1 0.9515625 0.59453125 0.0296875 0.48359375
9 0.11328125 0.40625 0.046875 0.44765625
11 0.49140625 0.49453125 0.04921875 0.45
4 0.165625 0.41328125 0.040625 0.446875
19 0.21875 0.428125 0.0515625 0.46015625
2 0.27265625 0.44609375 0.04765625 0.4453125