12 0.43359375 0.48515625 0.053125 0.44375
9 0.83125 0.57734375 0.04921875 0.4671875
24 0.60078125 0.51640625 0.04921875 0.4484375
32 0.059375 0.3921875 0.046875 0.45859375
22 0.54609375 0.50078125 0.0515625 0.45
3 0.65859375 0.53671875 0.04453125 0.45546875
4 0.7703125 0.55390625 0.0453125 0.47265625
4 0.32734375 0.45234375 0.046875 0.4578125
5 0.8875 0.584375 0.05078125 0.48828125
2 0.7171875 0.55234375 0.04921875 0.4671875
1 0.9515625 0.59453125 0.02890625 0.4828125
1 0.38046875 0.465625 0.02578125 0.4546875
9 0.11328125 0.40625 0.046875 0.44609375
11 0.48984375 0.4921875 0.04921875 0.4515625
2 0.27265625 0.44609375 0.046875 0.44453125
4 0.16484375 0.41328125 0.040625 0.446875
19 0.21875 0.428125 0.0515625 0.46015625