3 0.93359375 0.4421875 0.0515625 0.4890625
12 0.6296875 0.50390625 0.059375 0.4890625
30 0.07734375 0.5859375 0.06171875 0.5
3 0.83046875 0.46328125 0.0484375 0.5
11 0.5109375 0.52109375 0.05546875 0.49140625
14 0.21171875 0.578125 0.05625 0.49140625
4 0.3609375 0.55390625 0.05078125 0.4859375
7 0.8796875 0.453125 0.04375 0.5015625
29 0.14453125 0.58046875 0.08046875 0.50078125
0 0.68203125 0.48671875 0.046875 0.48671875
0 0.77734375 0.47421875 0.04453125 0.48828125
0 0.7328125 0.48203125 0.04296875 0.4890625
1 0.409375 0.54296875 0.0359375 0.478125
6 0.45546875 0.53125 0.05 0.49140625
2 0.3140625 0.56328125 0.04453125 0.48984375
20 0.26171875 0.5671875 0.0453125 0.5015625
20 0.5703125 0.515625 0.04765625 0.49609375