3 0.93359375 0.44296875 0.05 0.48828125
12 0.62890625 0.503125 0.0578125 0.4875
30 0.07578125 0.58984375 0.0625 0.51015625
3 0.83046875 0.4625 0.046875 0.49609375
11 0.5109375 0.521875 0.0546875 0.48671875
14 0.21171875 0.578125 0.05625 0.49296875
7 0.87890625 0.453125 0.04296875 0.4984375
4 0.3609375 0.55390625 0.05078125 0.48359375
2 0.3140625 0.56328125 0.04375 0.4890625
0 0.68125 0.4859375 0.04453125 0.48203125
0 0.778125 0.471875 0.04375 0.48203125
29 0.14296875 0.58046875 0.0796875 0.5046875
0 0.73203125 0.48125 0.04296875 0.48359375
6 0.45546875 0.53203125 0.04921875 0.48828125
1 0.41015625 0.54375 0.03515625 0.475
20 0.26328125 0.571875 0.0453125 0.4953125
20 0.5703125 0.515625 0.04765625 0.49296875