10 0.44140625 0.50859375 0.04765625 0.528125
9 0.93515625 0.56484375 0.04921875 0.49921875
10 0.6046875 0.51953125 0.046875 0.52421875
8 0.8796875 0.55390625 0.05 0.50546875
4 0.3890625 0.50703125 0.04921875 0.53046875
3 0.66171875 0.53359375 0.04453125 0.52109375
16 0.175 0.49140625 0.05078125 0.5296875
0 0.3390625 0.50625 0.0484375 0.53046875
0 0.49609375 0.5109375 0.05 0.51953125
9 0.76796875 0.54296875 0.0484375 0.521875
32 0.12265625 0.49296875 0.0484375 0.53203125
8 0.82265625 0.55 0.0515625 0.51015625
15 0.28125 0.5046875 0.0515625 0.534375
21 0.55234375 0.5171875 0.0515625 0.521875
14 0.23125 0.49921875 0.04921875 0.5359375
30 0.071875 0.48515625 0.04921875 0.528125
1 0.70703125 0.53125 0.03125 0.52421875