10 0.44140625 0.5078125 0.05 0.53203125
9 0.76875 0.540625 0.05 0.52890625
8 0.88046875 0.553125 0.0515625 0.51015625
9 0.93515625 0.5640625 0.0515625 0.51015625
10 0.6046875 0.51953125 0.0484375 0.53203125
4 0.38984375 0.5046875 0.05234375 0.53359375
32 0.125 0.49765625 0.0515625 0.53984375
3 0.6609375 0.5328125 0.04765625 0.528125
16 0.1765625 0.5015625 0.05703125 0.53203125
8 0.82265625 0.54921875 0.05390625 0.51484375
21 0.553125 0.51640625 0.0546875 0.5296875
0 0.496875 0.51015625 0.053125 0.525
0 0.33984375 0.50625 0.05078125 0.5359375
30 0.07109375 0.49296875 0.05234375 0.5421875
14 0.2328125 0.50234375 0.05078125 0.5390625
1 0.70859375 0.53046875 0.0359375 0.5296875
15 0.284375 0.50703125 0.04921875 0.534375