19 0.20703125 0.45390625 0.05 0.5484375
7 0.74453125 0.5375 0.05 0.5796875
9 0.1 0.4484375 0.04296875 0.5484375
32 0.053125 0.44375 0.04296875 0.5625
5 0.8046875 0.54921875 0.04921875 0.58046875
24 0.5765625 0.509375 0.05234375 0.5453125
9 0.9234375 0.57734375 0.04921875 0.58671875
3 0.634375 0.51640625 0.04765625 0.5484375
11 0.4703125 0.4875 0.0484375 0.55546875
4 0.15625 0.45234375 0.04453125 0.546875
2 0.6890625 0.53359375 0.0453125 0.57265625
12 0.4140625 0.48203125 0.04765625 0.54765625
4 0.3125 0.4671875 0.04765625 0.55390625
2 0.8671875 0.56796875 0.05 0.5921875
22 0.5203125 0.49453125 0.046875 0.54453125
1 0.36484375 0.47734375 0.03125 0.5421875
3 0.25546875 0.45625 0.0359375 0.5234375