21 0.571875 0.478125 0.0703125 0.375
13 0.2421875 0.62578125 0.06484375 0.38984375
7 0.8390625 0.3640625 0.05 0.37734375
20 0.0609375 0.7046875 0.06484375 0.4140625
7 0.7796875 0.390625 0.05078125 0.37890625
28 0.11640625 0.684375 0.0765625 0.4046875
1 0.51796875 0.51640625 0.03359375 0.35390625
13 0.63828125 0.4515625 0.05 0.365625
11 0.471875 0.53046875 0.05625 0.365625
1 0.94296875 0.31953125 0.0328125 0.3640625
6 0.89375 0.3328125 0.053125 0.3671875
1 0.67890625 0.43359375 0.03203125 0.36328125
26 0.184375 0.64921875 0.0578125 0.41171875
9 0.7234375 0.415625 0.05390625 0.359375
13 0.30859375 0.60703125 0.06484375 0.37734375
1 0.42109375 0.5546875 0.0375 0.36875
2 0.3671875 0.58828125 0.06171875 0.359375