20 0.0484375 0.546875 0.05390625 0.6359375
11 0.3015625 0.525 0.05546875 0.59140625
4 0.8359375 0.46953125 0.046875 0.56796875
3 0.9421875 0.45859375 0.0453125 0.54453125
5 0.5171875 0.50234375 0.04921875 0.578125
6 0.890625 0.465625 0.0484375 0.5515625
13 0.234375 0.53046875 0.05625 0.59921875
21 0.58125 0.49140625 0.0640625 0.56875
28 0.17421875 0.5359375 0.0609375 0.61328125
1 0.73359375 0.47890625 0.02890625 0.56171875
28 0.10703125 0.54453125 0.0609375 0.6171875
5 0.7796875 0.4765625 0.05 0.559375
1 0.4140625 0.5171875 0.03515625 0.58046875
2 0.36015625 0.521875 0.0578125 0.5859375
11 0.46171875 0.51171875 0.0515625 0.57578125
13 0.6484375 0.4890625 0.05234375 0.5640625
1 0.69765625 0.4859375 0.03046875 0.5625