5 0.80546875 0.53046875 0.04765625 0.6140625
11 0.46953125 0.51328125 0.04609375 0.57734375
2 0.74296875 0.534375 0.04921875 0.6078125
9 0.12109375 0.50546875 0.040625 0.5671875
2 0.68984375 0.53046875 0.04453125 0.60390625
3 0.6390625 0.521875 0.0484375 0.5875
4 0.32109375 0.5125 0.04375 0.56953125
24 0.57890625 0.51953125 0.05234375 0.5765625
4 0.17109375 0.5046875 0.03984375 0.56015625
2 0.26484375 0.51015625 0.0453125 0.57265625
32 0.07578125 0.5046875 0.0421875 0.571875
3 0.9234375 0.534375 0.0515625 0.60390625
22 0.52421875 0.51484375 0.0453125 0.575
1 0.36875 0.5140625 0.03515625 0.56484375
7 0.86484375 0.53359375 0.05 0.62265625
19 0.2171875 0.50703125 0.04765625 0.57734375
12 0.42109375 0.51328125 0.04921875 0.56171875