24 0.59609375 0.52421875 0.05078125 0.45703125
3 0.65078125 0.55390625 0.05078125 0.4421875
11 0.48046875 0.48359375 0.05 0.4484375
6 0.7671875 0.590625 0.05 0.453125
3 0.4234375 0.46171875 0.04609375 0.42890625
9 0.10859375 0.33515625 0.04609375 0.42890625
9 0.88203125 0.634375 0.05234375 0.46796875
8 0.315625 0.409375 0.04609375 0.43203125
8 0.828125 0.6109375 0.05234375 0.44921875
4 0.16015625 0.3484375 0.046875 0.421875
21 0.534375 0.5046875 0.059375 0.4515625
2 0.2625 0.396875 0.04375 0.41640625
2 0.94921875 0.65625 0.05234375 0.4546875
4 0.70625 0.57265625 0.0515625 0.4515625
32 0.05625 0.309375 0.0484375 0.43203125
16 0.2125 0.3765625 0.053125 0.4265625
1 0.36953125 0.44453125 0.0296875 0.41796875