24 0.59609375 0.525 0.05078125 0.4578125
3 0.65078125 0.55390625 0.05078125 0.44375
3 0.4234375 0.46171875 0.046875 0.4296875
6 0.7671875 0.590625 0.05 0.4546875
11 0.4796875 0.48359375 0.05 0.44921875
9 0.10859375 0.33515625 0.04609375 0.42890625
8 0.315625 0.409375 0.04609375 0.4328125
9 0.88203125 0.634375 0.053125 0.4671875
8 0.828125 0.61015625 0.05234375 0.4484375
21 0.534375 0.50546875 0.06015625 0.453125
4 0.16015625 0.35078125 0.04375 0.42421875
2 0.2625 0.396875 0.04375 0.41796875
4 0.70625 0.57265625 0.05234375 0.45390625
2 0.94921875 0.6578125 0.053125 0.453125
32 0.05625 0.30859375 0.04765625 0.43046875
16 0.2125 0.3765625 0.053125 0.42734375
1 0.36953125 0.44453125 0.0296875 0.41953125