30 0.07578125 0.3734375 0.05625 0.3421875
14 0.21328125 0.41328125 0.05546875 0.33671875
4 0.471875 0.52421875 0.046875 0.30546875
11 0.5234375 0.5453125 0.05078125 0.30703125
2 0.87421875 0.684375 0.0453125 0.29296875
0 0.63828125 0.5859375 0.04296875 0.29765625
2 0.33125 0.46875 0.04296875 0.31171875
29 0.146875 0.39453125 0.07734375 0.3390625
16 0.27265625 0.4359375 0.06015625 0.32890625
1 0.421875 0.5078125 0.0296875 0.29453125
0 0.6828125 0.60859375 0.04140625 0.3
4 0.37578125 0.48671875 0.04296875 0.3015625
6 0.82265625 0.659375 0.04453125 0.3
0 0.73125 0.621875 0.040625 0.28984375
4 0.91796875 0.69375 0.04453125 0.2921875
6 0.775 0.6390625 0.0421875 0.2984375
22 0.5875 0.565625 0.05390625 0.31640625