14 0.215625 0.4234375 0.0578125 0.340625
11 0.525 0.5390625 0.05078125 0.32890625
4 0.47265625 0.52265625 0.0484375 0.325
30 0.075 0.3734375 0.06015625 0.35859375
29 0.14765625 0.39296875 0.08046875 0.36015625
2 0.33125 0.46875 0.046875 0.32109375
16 0.27265625 0.43671875 0.0625 0.33984375
0 0.73046875 0.61640625 0.04296875 0.29453125
2 0.8734375 0.68671875 0.04921875 0.30546875
0 0.63828125 0.58203125 0.04453125 0.3125
0 0.68203125 0.6078125 0.04296875 0.3109375
1 0.421875 0.503125 0.0328125 0.3171875
4 0.37578125 0.48671875 0.04453125 0.31875
6 0.8234375 0.66015625 0.04609375 0.309375
4 0.91875 0.70234375 0.0484375 0.30078125
22 0.58671875 0.56640625 0.05703125 0.334375
6 0.77578125 0.653125 0.03984375 0.3078125