8 0.7734375 0.6265625 0.046875 0.353125
13 0.2390625 0.43671875 0.0515625 0.403125
11 0.3 0.46015625 0.04921875 0.3875
20 0.07890625 0.371875 0.0453125 0.415625
26 0.18515625 0.40859375 0.05078125 0.4203125
13 0.62890625 0.57578125 0.04921875 0.38359375
7 0.8296875 0.64765625 0.0453125 0.37734375
8 0.88203125 0.6671875 0.046875 0.35703125
28 0.12890625 0.38828125 0.0578125 0.41640625
0 0.7234375 0.61484375 0.0453125 0.36015625
11 0.4484375 0.51796875 0.0453125 0.37734375
21 0.56640625 0.5578125 0.06015625 0.37578125
2 0.3546875 0.4828125 0.053125 0.38125
0 0.9375 0.6828125 0.04921875 0.34765625
1 0.40078125 0.50390625 0.03125 0.37890625
6 0.5015625 0.53515625 0.0515625 0.37578125
3 0.67265625 0.60390625 0.04453125 0.3734375