12 0.23359375 0.5140625 0.05390625 0.48984375
8 0.86484375 0.4390625 0.0546875 0.52734375
21 0.534375 0.48125 0.0640625 0.51171875
32 0.08515625 0.51875 0.0546875 0.5
2 0.28046875 0.51015625 0.053125 0.48984375
24 0.5875 0.47421875 0.05625 0.51171875
11 0.484375 0.4828125 0.05234375 0.50625
1 0.696875 0.4578125 0.0359375 0.51015625
1 0.378125 0.49375 0.03828125 0.4953125
9 0.134375 0.5234375 0.04765625 0.47890625
11 0.428125 0.48515625 0.05703125 0.49921875
8 0.7484375 0.453125 0.05546875 0.5140625
4 0.33125 0.5 0.0484375 0.4953125
2 0.64296875 0.47734375 0.05234375 0.50546875
7 0.925 0.43359375 0.0578125 0.5359375
1 0.81015625 0.44765625 0.034375 0.5203125
4 0.18125 0.50859375 0.04921875 0.48671875