12 0.2234375 0.5734375 0.04765625 0.5171875
24 0.58203125 0.50546875 0.05 0.54375
9 0.865625 0.45234375 0.05078125 0.5375
12 0.26875 0.56640625 0.04609375 0.509375
4 0.32421875 0.55546875 0.046875 0.51953125
4 0.6953125 0.4828125 0.04453125 0.53515625
1 0.3734375 0.53828125 0.03046875 0.5234375
11 0.47890625 0.51953125 0.0453125 0.515625
32 0.0671875 0.603125 0.046875 0.53046875
9 0.11640625 0.59453125 0.0421875 0.515625
1 0.8078125 0.46328125 0.0359375 0.5421875
22 0.52734375 0.5078125 0.04453125 0.53046875
9 0.74609375 0.4765625 0.04765625 0.53515625
4 0.16796875 0.58046875 0.0390625 0.51484375
11 0.42421875 0.528125 0.046875 0.521875
2 0.63671875 0.4984375 0.05546875 0.5515625
2 0.91953125 0.44296875 0.05390625 0.5515625