10 0.36796875 0.49609375 0.059375 0.48828125
12 0.21640625 0.459375 0.065625 0.48828125
21 0.5859375 0.55390625 0.07109375 0.48515625
21 0.08828125 0.4203125 0.0703125 0.50390625
0 0.70234375 0.58828125 0.04921875 0.4734375
11 0.42421875 0.50859375 0.05703125 0.47578125
8 0.48046875 0.52578125 0.04921875 0.4828125
0 0.52421875 0.5390625 0.04921875 0.4875
9 0.80234375 0.6140625 0.05 0.46875
0 0.90234375 0.6453125 0.04765625 0.47265625
1 0.746875 0.6046875 0.0375 0.4796875
7 0.96015625 0.66640625 0.0515625 0.4734375
1 0.265625 0.4671875 0.04140625 0.4796875
23 0.31796875 0.48125 0.0515625 0.49296875
8 0.85234375 0.62734375 0.05234375 0.47109375
30 0.15546875 0.43671875 0.0609375 0.4890625
19 0.64921875 0.565625 0.0609375 0.4703125