8 0.346875 0.43984375 0.04609375 0.37109375
8 0.83046875 0.64921875 0.053125 0.3828125
4 0.7296875 0.6078125 0.05 0.3859375
11 0.5046875 0.50625 0.06328125 0.3859375
0 0.9390625 0.696875 0.053125 0.37734375
10 0.44765625 0.48515625 0.0625 0.38359375
14 0.190625 0.38671875 0.0546875 0.36953125
0 0.6796875 0.58671875 0.04921875 0.38203125
1 0.390625 0.46328125 0.0359375 0.37578125
29 0.128125 0.36328125 0.078125 0.39140625
21 0.5703125 0.53671875 0.071875 0.39921875
30 0.06484375 0.340625 0.05859375 0.38203125
6 0.778125 0.6203125 0.053125 0.38203125
2 0.88046875 0.67734375 0.05390625 0.3859375
23 0.23984375 0.40625 0.053125 0.38046875
0 0.634375 0.5609375 0.046875 0.38671875
17 0.29453125 0.428125 0.0546875 0.37421875