8 0.77109375 0.52109375 0.0515625 0.41328125
21 0.53828125 0.4984375 0.06796875 0.4328125
2 0.65859375 0.52109375 0.0546875 0.4125
28 0.0890625 0.43515625 0.0578125 0.4265625
11 0.4234375 0.4875 0.0484375 0.425
13 0.2015625 0.45 0.05703125 0.41796875
13 0.6015625 0.5046875 0.05234375 0.428125
11 0.25859375 0.47109375 0.05390625 0.4140625
28 0.15078125 0.446875 0.059375 0.43046875
2 0.31484375 0.48125 0.0578125 0.42578125
20 0.04609375 0.4265625 0.04453125 0.4296875
7 0.8328125 0.5265625 0.05390625 0.41953125
9 0.9515625 0.54609375 0.04921875 0.4
4 0.3671875 0.4828125 0.05078125 0.4203125
5 0.4765625 0.49140625 0.0484375 0.4296875
8 0.88984375 0.53828125 0.05390625 0.4125
6 0.715625 0.5265625 0.0546875 0.39921875