8 0.77109375 0.5234375 0.05234375 0.41875
21 0.53828125 0.5 0.06796875 0.4390625
28 0.0890625 0.434375 0.059375 0.434375
2 0.659375 0.525 0.05546875 0.4171875
11 0.4234375 0.48828125 0.04921875 0.4296875
13 0.6015625 0.50703125 0.053125 0.4359375
13 0.2015625 0.45 0.05625 0.42421875
28 0.15 0.44609375 0.059375 0.43359375
11 0.25859375 0.47109375 0.0546875 0.41953125
9 0.9515625 0.546875 0.05 0.40546875
2 0.31484375 0.48125 0.0578125 0.4296875
7 0.8328125 0.528125 0.05390625 0.42421875
20 0.05 0.43046875 0.0453125 0.43515625
4 0.3671875 0.4828125 0.05234375 0.425
5 0.47734375 0.4921875 0.04921875 0.43359375
8 0.8890625 0.53515625 0.0515625 0.41484375
6 0.715625 0.53046875 0.05546875 0.4046875