13 0.2234375 0.396875 0.053125 0.39296875
20 0.05546875 0.3328125 0.0453125 0.4125
11 0.278125 0.428125 0.04921875 0.390625
21 0.559375 0.55078125 0.06953125 0.396875
6 0.95390625 0.72734375 0.04921875 0.378125
28 0.10546875 0.35234375 0.05625 0.4171875
4 0.83828125 0.6828125 0.04921875 0.384375
5 0.7796875 0.6515625 0.0484375 0.40078125
28 0.1671875 0.3796875 0.05625 0.4171875
13 0.62890625 0.5828125 0.05546875 0.39765625
1 0.384375 0.48125 0.03515625 0.37890625
4 0.88984375 0.7078125 0.05390625 0.38671875
1 0.671875 0.6125 0.034375 0.38125
11 0.434375 0.49375 0.0515625 0.384375
2 0.33828125 0.46484375 0.05234375 0.3859375
8 0.4921875 0.5171875 0.0515625 0.36796875
7 0.728125 0.63046875 0.0484375 0.4015625