3 0.44765625 0.54921875 0.04296875 0.51015625
2 0.8859375 0.4640625 0.0484375 0.525
2 0.3 0.58671875 0.053125 0.52265625
4 0.17421875 0.615625 0.05234375 0.5234375
3 0.6796875 0.503125 0.04296875 0.50625
9 0.7703125 0.48359375 0.04609375 0.50703125
11 0.50078125 0.5328125 0.0546875 0.50859375
0 0.82578125 0.471875 0.05078125 0.521875
8 0.3546875 0.56953125 0.05078125 0.51953125
9 0.1125 0.62734375 0.0515625 0.5265625
9 0.94453125 0.45546875 0.0484375 0.5171875
24 0.6265625 0.51484375 0.05 0.5109375
21 0.565625 0.5265625 0.05625 0.51171875
1 0.40625 0.55859375 0.0296875 0.5171875
16 0.234375 0.60078125 0.05078125 0.52578125
1 0.728125 0.49921875 0.03203125 0.48359375
32 0.05703125 0.62109375 0.0546875 0.50703125