29 0.16015625 0.6515625 0.096875 0.3734375
3 0.35078125 0.584375 0.0546875 0.346875
8 0.396875 0.56015625 0.05078125 0.334375
14 0.23984375 0.6296875 0.06484375 0.36171875
30 0.08125 0.6828125 0.06796875 0.3625
10 0.50546875 0.515625 0.06328125 0.3359375
1 0.8234375 0.35859375 0.040625 0.3265625
14 0.29765625 0.60234375 0.06328125 0.36328125
0 0.73984375 0.39609375 0.05 0.315625
21 0.6296875 0.45546875 0.07265625 0.33984375
3 0.86953125 0.33125 0.05 0.32109375
12 0.6875 0.42734375 0.06328125 0.32265625
3 0.91015625 0.31328125 0.04765625 0.32265625
4 0.95703125 0.29609375 0.053125 0.3125
1 0.45 0.53984375 0.04921875 0.33359375
0 0.78125 0.3765625 0.0515625 0.3203125
14 0.565625 0.48203125 0.059375 0.34375