29 0.16015625 0.6515625 0.09765625 0.37421875
3 0.35078125 0.584375 0.0546875 0.346875
14 0.23984375 0.6296875 0.065625 0.36171875
8 0.396875 0.559375 0.05078125 0.334375
30 0.08125 0.68359375 0.06875 0.3625
10 0.50546875 0.51484375 0.06328125 0.334375
1 0.8234375 0.35859375 0.04140625 0.3265625
14 0.29765625 0.60234375 0.06484375 0.3625
0 0.73984375 0.39609375 0.05078125 0.31640625
21 0.6296875 0.4546875 0.07421875 0.3390625
3 0.86953125 0.33125 0.05 0.32109375
12 0.6875 0.42734375 0.06328125 0.321875
4 0.95703125 0.29609375 0.05390625 0.3125
1 0.45 0.5390625 0.04921875 0.3328125
3 0.91015625 0.31328125 0.0484375 0.3234375
0 0.78125 0.3765625 0.05234375 0.3203125
14 0.565625 0.48125 0.059375 0.34296875