24 0.5796875 0.509375 0.053125 0.69375
11 0.25078125 0.52578125 0.05 0.65546875
4 0.4109375 0.51796875 0.0484375 0.67109375
7 0.75390625 0.50078125 0.0515625 0.7265625
8 0.9421875 0.4921875 0.06015625 0.71484375
8 0.30859375 0.5203125 0.04921875 0.6609375
4 0.15234375 0.52890625 0.04453125 0.65390625
23 0.2 0.52109375 0.04765625 0.6484375
9 0.096875 0.5296875 0.046875 0.6484375
32 0.0484375 0.53046875 0.046875 0.6640625
11 0.4703125 0.51875 0.05234375 0.675
8 0.815625 0.496875 0.0546875 0.71796875
0 0.640625 0.50546875 0.0546875 0.7
2 0.8734375 0.5015625 0.05390625 0.73359375
22 0.52421875 0.5125 0.05234375 0.6828125
2 0.696875 0.5046875 0.05390625 0.7140625
1 0.36171875 0.525 0.034375 0.67734375