24 0.5796875 0.503125 0.05234375 0.6921875
4 0.15234375 0.528125 0.04453125 0.653125
11 0.25078125 0.52890625 0.05 0.65
4 0.4109375 0.51953125 0.0484375 0.66875
8 0.9421875 0.4953125 0.059375 0.7109375
7 0.753125 0.503125 0.0515625 0.72109375
8 0.30859375 0.52109375 0.04921875 0.66171875
11 0.471875 0.51328125 0.05078125 0.67421875
9 0.09609375 0.53046875 0.04609375 0.65
32 0.04765625 0.53203125 0.04609375 0.6640625
8 0.815625 0.4984375 0.0546875 0.7140625
0 0.640625 0.50703125 0.0546875 0.68828125
23 0.2 0.5234375 0.04609375 0.6515625
2 0.8734375 0.5046875 0.05390625 0.728125
22 0.52421875 0.5140625 0.05078125 0.6796875
2 0.696875 0.50390625 0.053125 0.71328125
1 0.36171875 0.5265625 0.034375 0.6734375