5 0.87890625 0.70859375 0.07421875 0.38515625
8 0.3546875 0.409375 0.08203125 0.3703125
24 0.6140625 0.55234375 0.08046875 0.38828125
3 0.66796875 0.5921875 0.07265625 0.3859375
2 0.7265625 0.634375 0.07421875 0.3796875
9 0.128125 0.278125 0.08828125 0.35859375
32 0.071875 0.24453125 0.1 0.39375
2 0.30390625 0.38515625 0.07890625 0.378125
16 0.24296875 0.3390625 0.09296875 0.37734375
4 0.18671875 0.3171875 0.09453125 0.35859375
1 0.40859375 0.45078125 0.0359375 0.378125
3 0.94140625 0.740625 0.07421875 0.37109375
10 0.4875 0.4890625 0.078125 0.36875
6 0.7859375 0.66484375 0.0734375 0.375
1 0.83515625 0.6875 0.05234375 0.378125
21 0.54765625 0.52265625 0.09296875 0.3875
1 0.44453125 0.46328125 0.0359375 0.3390625