5 0.878125 0.7078125 0.071875 0.3875
3 0.66953125 0.59375 0.07109375 0.3890625
24 0.6140625 0.553125 0.07890625 0.3875
8 0.35390625 0.41015625 0.08046875 0.3703125
2 0.7265625 0.63359375 0.071875 0.38125
9 0.13203125 0.28203125 0.0828125 0.35234375
32 0.071875 0.24453125 0.1 0.39375
16 0.2421875 0.3390625 0.09140625 0.3765625
2 0.30390625 0.38515625 0.07890625 0.3765625
1 0.4109375 0.44140625 0.03515625 0.3453125
4 0.18671875 0.31796875 0.09296875 0.359375
10 0.48828125 0.48984375 0.0765625 0.36875
6 0.7859375 0.66484375 0.0703125 0.3765625
3 0.94140625 0.73984375 0.07265625 0.3734375
1 0.83515625 0.6875 0.05078125 0.38125
21 0.54921875 0.52421875 0.09140625 0.3890625
1 0.4453125 0.46015625 0.0359375 0.33203125