3 0.6625 0.56796875 0.05390625 0.45859375
21 0.553125 0.53046875 0.059375 0.4734375
10 0.6078125 0.54375 0.05390625 0.46328125
0 0.8796875 0.6265625 0.0609375 0.4515625
10 0.446875 0.50234375 0.053125 0.4703125
30 0.0765625 0.39765625 0.059375 0.4828125
4 0.39296875 0.48515625 0.0578125 0.47421875
6 0.821875 0.61328125 0.059375 0.4515625
2 0.7140625 0.584375 0.059375 0.46484375
2 0.76640625 0.59609375 0.0578125 0.4609375
32 0.128125 0.41171875 0.05390625 0.47421875
0 0.3421875 0.47734375 0.0578125 0.47421875
4 0.92890625 0.64609375 0.0625 0.45
16 0.18515625 0.42578125 0.05859375 0.4796875
15 0.234375 0.43828125 0.05078125 0.4890625
0 0.4984375 0.515625 0.0609375 0.4765625
15 0.2828125 0.446875 0.05078125 0.47109375