3 0.6625 0.56796875 0.05390625 0.4609375
21 0.55390625 0.53046875 0.06015625 0.47578125
0 0.8796875 0.62734375 0.0609375 0.4546875
10 0.60859375 0.54375 0.05625 0.465625
30 0.07578125 0.39765625 0.0609375 0.4875
6 0.821875 0.61328125 0.059375 0.45390625
32 0.12890625 0.4125 0.0546875 0.47578125
2 0.76640625 0.59609375 0.05859375 0.46328125
4 0.39375 0.4890625 0.059375 0.4828125
10 0.44765625 0.50625 0.05234375 0.47421875
2 0.71484375 0.58359375 0.06015625 0.46484375
0 0.340625 0.4765625 0.05859375 0.484375
16 0.18515625 0.4265625 0.059375 0.48046875
15 0.23515625 0.43984375 0.0515625 0.4890625
0 0.4984375 0.51640625 0.06328125 0.47734375
4 0.93046875 0.64375 0.06328125 0.45546875
15 0.2859375 0.45703125 0.05390625 0.484375