21 0.55625 0.53515625 0.05234375 0.4515625
10 0.60625 0.5484375 0.046875 0.446875
10 0.4453125 0.503125 0.0484375 0.45546875
30 0.078125 0.396875 0.0546875 0.47109375
3 0.6609375 0.56875 0.0484375 0.44765625
4 0.3921875 0.48359375 0.05 0.46015625
0 0.87890625 0.628125 0.05234375 0.44296875
2 0.71484375 0.58515625 0.05390625 0.45390625
2 0.76640625 0.5984375 0.053125 0.44921875
6 0.821875 0.61015625 0.053125 0.45234375
32 0.12890625 0.4078125 0.04921875 0.45625
0 0.34140625 0.475 0.04765625 0.4453125
4 0.93203125 0.64375 0.05546875 0.44765625
15 0.2390625 0.43828125 0.0484375 0.4609375
16 0.184375 0.4234375 0.0515625 0.4546875
15 0.290625 0.4625 0.05234375 0.46015625
0 0.49921875 0.51875 0.053125 0.45390625