5 0.9359375 0.6796875 0.05 0.44140625
22 0.5359375 0.49765625 0.05078125 0.43125
24 0.590625 0.51953125 0.04609375 0.42421875
2 0.875 0.65078125 0.05 0.44921875
4 0.17109375 0.34765625 0.04453125 0.41484375
32 0.0671875 0.31328125 0.053125 0.4390625
11 0.27109375 0.38515625 0.046875 0.41640625
9 0.1171875 0.3328125 0.0453125 0.42734375
8 0.3265625 0.41328125 0.0484375 0.41328125
2 0.815625 0.62578125 0.04921875 0.43984375
6 0.75625 0.60234375 0.04609375 0.42421875
4 0.428125 0.4625 0.04765625 0.40390625
23 0.22265625 0.36953125 0.05078125 0.4203125
11 0.48515625 0.47421875 0.04921875 0.42109375
0 0.6453125 0.54921875 0.04921875 0.425
2 0.70078125 0.57578125 0.04375 0.42109375
1 0.3796875 0.43515625 0.02578125 0.403125