24 0.5921875 0.525 0.04609375 0.42734375
11 0.48515625 0.47578125 0.0484375 0.421875
4 0.1703125 0.34921875 0.046875 0.41796875
4 0.428125 0.4578125 0.04921875 0.4078125
5 0.9359375 0.6734375 0.04921875 0.47265625
2 0.87578125 0.65703125 0.05 0.46328125
8 0.3265625 0.41015625 0.05 0.41796875
9 0.12109375 0.33125 0.04609375 0.4234375
32 0.06875 0.3171875 0.0546875 0.42578125
6 0.75625 0.6046875 0.04921875 0.4375
22 0.5359375 0.49765625 0.05625 0.43203125
11 0.27265625 0.3796875 0.053125 0.421875
23 0.22265625 0.36953125 0.053125 0.41796875
2 0.815625 0.63203125 0.05 0.45546875
2 0.7015625 0.57421875 0.04609375 0.43828125
1 0.378125 0.43515625 0.028125 0.4078125
0 0.64609375 0.55 0.05234375 0.4328125