10 0.63515625 0.55703125 0.05 0.43125
2 0.684375 0.578125 0.04140625 0.43125
3 0.88359375 0.634375 0.0390625 0.41171875
4 0.78046875 0.60234375 0.04375 0.425
9 0.83203125 0.6171875 0.04453125 0.4140625
9 0.4109375 0.5078125 0.04453125 0.4234375
9 0.5125 0.53046875 0.04375 0.42421875
6 0.9328125 0.65390625 0.04765625 0.40546875
15 0.31484375 0.48671875 0.04296875 0.42421875
2 0.734375 0.59140625 0.04140625 0.4265625
21 0.09375 0.4421875 0.0625 0.4515625
26 0.2625 0.45859375 0.046875 0.43671875
28 0.46171875 0.5140625 0.0515625 0.43046875
30 0.1609375 0.4421875 0.0515625 0.453125
1 0.20703125 0.4640625 0.03515625 0.43359375
6 0.359375 0.4984375 0.04609375 0.4203125
21 0.57265625 0.55546875 0.06171875 0.45078125