12 0.440625 0.50078125 0.04765625 0.47890625
9 0.1390625 0.43125 0.04921875 0.49765625
4 0.35390625 0.4765625 0.04765625 0.4859375
24 0.60078125 0.53046875 0.05 0.4890625
0 0.87109375 0.60546875 0.0453125 0.4953125
4 0.1921875 0.4390625 0.05078125 0.50078125
32 0.0875 0.42109375 0.0515625 0.50546875
12 0.2515625 0.45859375 0.06015625 0.49140625
2 0.65546875 0.559375 0.046875 0.4953125
11 0.49609375 0.50546875 0.05 0.4859375
2 0.70546875 0.565625 0.0484375 0.4984375
7 0.75859375 0.57578125 0.04765625 0.50625
5 0.92109375 0.60859375 0.046875 0.4921875
1 0.39609375 0.4875 0.02578125 0.48359375
7 0.8171875 0.5859375 0.04453125 0.50390625
13 0.54765625 0.52421875 0.04921875 0.49296875
27 0.30234375 0.45234375 0.053125 0.48515625