12 0.44140625 0.50078125 0.04765625 0.48203125
9 0.13828125 0.43359375 0.0484375 0.49765625
4 0.35390625 0.4765625 0.046875 0.490625
24 0.603125 0.53359375 0.04921875 0.49609375
12 0.2453125 0.45703125 0.05546875 0.4953125
0 0.871875 0.6046875 0.04453125 0.49609375
32 0.0875 0.42421875 0.0515625 0.503125
4 0.19375 0.44453125 0.0484375 0.503125
2 0.6546875 0.55859375 0.04609375 0.4984375
7 0.75859375 0.575 0.04765625 0.5078125
2 0.70546875 0.565625 0.04765625 0.49921875
11 0.49609375 0.50546875 0.04921875 0.4875
7 0.8171875 0.58515625 0.04375 0.50703125
5 0.92109375 0.609375 0.0453125 0.49375
1 0.3953125 0.4875 0.025 0.48671875
13 0.54765625 0.52265625 0.04921875 0.4796875
27 0.30390625 0.47109375 0.0546875 0.50078125