12 0.44140625 0.5 0.0484375 0.4796875
9 0.1390625 0.43125 0.05 0.49609375
4 0.35390625 0.47578125 0.0484375 0.48671875
24 0.6 0.5296875 0.05 0.48828125
12 0.2453125 0.4515625 0.05625 0.49453125
0 0.87109375 0.6046875 0.0453125 0.49375
4 0.19375 0.44375 0.05078125 0.5015625
32 0.0875 0.421875 0.053125 0.50390625
2 0.65390625 0.55546875 0.04921875 0.50078125
11 0.49609375 0.5046875 0.05078125 0.48515625
5 0.92109375 0.60859375 0.04765625 0.49140625
2 0.70625 0.56484375 0.04921875 0.49765625
7 0.759375 0.575 0.0484375 0.5046875
1 0.39609375 0.4875 0.0265625 0.484375
7 0.81796875 0.58515625 0.04375 0.50078125
27 0.3015625 0.45625 0.05546875 0.4984375
13 0.55078125 0.5109375 0.04921875 0.48203125