8 0.2390625 0.4453125 0.040625 0.40234375
8 0.82890625 0.6234375 0.04296875 0.39921875
7 0.29140625 0.4609375 0.04140625 0.40625
3 0.678125 0.58515625 0.0453125 0.4
4 0.13046875 0.4171875 0.04453125 0.41796875
11 0.62734375 0.5625 0.0484375 0.39921875
6 0.77890625 0.609375 0.04453125 0.39765625
13 0.44375 0.5125 0.05 0.40703125
0 0.93203125 0.65625 0.0453125 0.39453125
0 0.73125 0.59765625 0.04140625 0.3953125
2 0.3859375 0.49609375 0.04453125 0.40078125
0 0.87734375 0.6390625 0.04375 0.39296875
19 0.18671875 0.42734375 0.0515625 0.42265625
21 0.56328125 0.54609375 0.0609375 0.40390625
6 0.340625 0.4828125 0.04140625 0.40234375
6 0.4984375 0.53203125 0.04453125 0.39765625
31 0.07734375 0.3984375 0.0515625 0.43671875