8 0.2390625 0.45 0.040625 0.421875
8 0.82890625 0.628125 0.0453125 0.421875
6 0.77890625 0.61015625 0.04609375 0.415625
11 0.6265625 0.559375 0.05 0.42109375
4 0.13046875 0.421875 0.04765625 0.44140625
7 0.290625 0.46640625 0.04453125 0.43984375
3 0.678125 0.58359375 0.046875 0.41640625
19 0.1875 0.434375 0.0515625 0.44375
2 0.3859375 0.5015625 0.0453125 0.4265625
6 0.33984375 0.48671875 0.04296875 0.42890625
0 0.73125 0.596875 0.04296875 0.4171875
21 0.5625 0.5453125 0.06328125 0.4203125
0 0.93359375 0.665625 0.04765625 0.425
0 0.87734375 0.64140625 0.0453125 0.41328125
13 0.44296875 0.5140625 0.05234375 0.4296875
31 0.0765625 0.40625 0.0515625 0.45859375
6 0.49921875 0.52890625 0.0484375 0.425