10 0.5046875 0.50390625 0.05546875 0.528125
8 0.36328125 0.4984375 0.05234375 0.53203125
4 0.9484375 0.52890625 0.05234375 0.53046875
2 0.68046875 0.51328125 0.0484375 0.53046875
10 0.1921875 0.4875 0.05234375 0.5421875
9 0.73125 0.5171875 0.04765625 0.525
0 0.8453125 0.51640625 0.0484375 0.52109375
18 0.24921875 0.4875 0.04921875 0.53828125
1 0.44921875 0.4953125 0.03359375 0.528125
1 0.89375 0.52578125 0.03046875 0.528125
23 0.3078125 0.49140625 0.053125 0.540625
1 0.41640625 0.5 0.03515625 0.52890625
7 0.790625 0.51015625 0.05078125 0.52890625
16 0.56796875 0.5 0.059375 0.51796875
22 0.1296875 0.49140625 0.05546875 0.54296875
7 0.62734375 0.50703125 0.046875 0.534375
19 0.06875 0.496875 0.05703125 0.5515625