10 0.5046875 0.50234375 0.05546875 0.52890625
8 0.36328125 0.4984375 0.0515625 0.5296875
10 0.1921875 0.48671875 0.053125 0.54375
2 0.68046875 0.5125 0.046875 0.53125
4 0.94765625 0.52890625 0.0515625 0.528125
9 0.73125 0.5171875 0.04765625 0.525
0 0.84609375 0.51640625 0.04765625 0.52109375
1 0.44921875 0.49453125 0.0328125 0.52734375
1 0.89375 0.52421875 0.03125 0.528125
18 0.24921875 0.4875 0.0484375 0.5359375
23 0.30859375 0.490625 0.053125 0.53984375
7 0.7921875 0.51015625 0.05234375 0.53046875
1 0.4140625 0.49609375 0.03203125 0.5234375
16 0.56796875 0.49921875 0.059375 0.5171875
7 0.628125 0.50625 0.04609375 0.53515625
22 0.12734375 0.48515625 0.0578125 0.5453125
19 0.065625 0.48515625 0.05390625 0.55234375