3 0.65 0.52421875 0.0515625 0.5296875
3 0.93828125 0.5828125 0.05234375 0.5421875
24 0.59453125 0.51015625 0.05078125 0.53515625
5 0.75625 0.5375 0.05 0.546875
32 0.06015625 0.4328125 0.0484375 0.5484375
8 0.81796875 0.546875 0.05078125 0.55
11 0.48515625 0.4921875 0.0484375 0.534375
12 0.4265625 0.48671875 0.05625 0.525
4 0.32578125 0.46953125 0.04921875 0.53359375
9 0.11484375 0.4390625 0.04921875 0.53671875
1 0.37421875 0.48515625 0.0328125 0.52734375
0 0.8734375 0.56875 0.0515625 0.55
2 0.27109375 0.46328125 0.04765625 0.53671875
4 0.16796875 0.43828125 0.04453125 0.53671875
1 0.70390625 0.52734375 0.0328125 0.53515625
19 0.21796875 0.4578125 0.05234375 0.53046875
21 0.53671875 0.49921875 0.05546875 0.534375