3 0.65 0.52421875 0.0515625 0.528125
5 0.75625 0.53828125 0.04921875 0.54453125
3 0.9375 0.58359375 0.05078125 0.53671875
24 0.59453125 0.5109375 0.05078125 0.53515625
32 0.05859375 0.434375 0.04921875 0.5515625
11 0.4859375 0.49453125 0.04765625 0.534375
8 0.8171875 0.54765625 0.05 0.5484375
12 0.4265625 0.48828125 0.05546875 0.5234375
9 0.1140625 0.440625 0.04921875 0.5375
4 0.3265625 0.4703125 0.0484375 0.53359375
0 0.87265625 0.56953125 0.05 0.54765625
2 0.271875 0.4640625 0.04765625 0.5390625
1 0.37421875 0.4859375 0.03125 0.5265625
4 0.16796875 0.4390625 0.04453125 0.53828125
1 0.70390625 0.52734375 0.03125 0.53203125
19 0.21796875 0.4578125 0.0515625 0.53046875
21 0.5375 0.50078125 0.05546875 0.53359375