5 0.92265625 0.53203125 0.04609375 0.44765625
30 0.0765625 0.50390625 0.0578125 0.45
16 0.2703125 0.50703125 0.0609375 0.43671875
14 0.21171875 0.50859375 0.0546875 0.4421875
0 0.634375 0.52890625 0.04375 0.4109375
11 0.521875 0.5203125 0.05078125 0.43046875
4 0.4671875 0.5203125 0.04921875 0.4375
2 0.32890625 0.51953125 0.04921875 0.43203125
7 0.775 0.52890625 0.04140625 0.4375
1 0.4171875 0.5140625 0.03125 0.4328125
0 0.6796875 0.5296875 0.04765625 0.409375
2 0.82578125 0.54375 0.04609375 0.4453125
1 0.875 0.53671875 0.034375 0.44453125
0 0.72890625 0.52578125 0.04609375 0.421875
29 0.14609375 0.50703125 0.08046875 0.44296875
4 0.37109375 0.5125 0.04609375 0.4296875
22 0.57734375 0.515625 0.05390625 0.43671875