11 0.28125 0.48984375 0.0515625 0.50546875
21 0.56484375 0.5234375 0.06640625 0.5203125
3 0.78828125 0.528125 0.04921875 0.52109375
4 0.39609375 0.50859375 0.05390625 0.51328125
11 0.45703125 0.51484375 0.04921875 0.5140625
28 0.1703125 0.48046875 0.059375 0.53984375
20 0.05859375 0.4671875 0.04765625 0.5296875
13 0.634375 0.5234375 0.05859375 0.5328125
28 0.1109375 0.47109375 0.0578125 0.53203125
5 0.84140625 0.5296875 0.05 0.5171875
5 0.896875 0.5328125 0.0515625 0.515625
7 0.728125 0.52265625 0.04921875 0.534375
13 0.22734375 0.4828125 0.05 0.51796875
1 0.5046875 0.51640625 0.03671875 0.51875
2 0.33984375 0.50390625 0.0515625 0.49609375
1 0.678125 0.51953125 0.03046875 0.52890625
1 0.95234375 0.54140625 0.0375 0.51796875