8 0.35 0.5328125 0.04609375 0.61171875
3 0.76875 0.47421875 0.04375 0.61484375
4 0.18828125 0.55703125 0.05078125 0.62109375
3 0.8234375 0.46328125 0.0453125 0.61171875
6 0.87734375 0.45703125 0.04609375 0.621875
32 0.08046875 0.5765625 0.04375 0.64921875
9 0.13203125 0.56875 0.04765625 0.6359375
3 0.30078125 0.5390625 0.040625 0.61171875
3 0.4359375 0.51875 0.04609375 0.6140625
24 0.603125 0.49609375 0.05 0.63515625
0 0.65625 0.4890625 0.05078125 0.62421875
16 0.24375 0.54921875 0.0515625 0.61171875
1 0.3953125 0.52734375 0.025 0.61953125
2 0.9375 0.4578125 0.053125 0.62578125
17 0.54453125 0.49140625 0.05625 0.61640625
13 0.48515625 0.5078125 0.053125 0.6359375
2 0.71328125 0.48359375 0.05078125 0.62578125