11 0.5203125 0.53125 0.0546875 0.41875
16 0.265625 0.46171875 0.0640625 0.41640625
0 0.63671875 0.56640625 0.0484375 0.39765625
0 0.73125 0.59609375 0.04453125 0.3859375
14 0.20859375 0.45390625 0.05546875 0.42265625
0 0.6828125 0.58125 0.046875 0.3984375
4 0.46328125 0.52265625 0.05390625 0.41328125
9 0.83125 0.61953125 0.0484375 0.3890625
2 0.32421875 0.4921875 0.05078125 0.41640625
8 0.93671875 0.640625 0.05703125 0.4046875
4 0.8828125 0.63515625 0.04921875 0.39765625
4 0.36796875 0.50546875 0.04921875 0.4125
1 0.4140625 0.50859375 0.0359375 0.41796875
6 0.7796875 0.60234375 0.04921875 0.3953125
30 0.0734375 0.4234375 0.0625 0.43203125
29 0.140625 0.43828125 0.08203125 0.42109375
22 0.578125 0.55078125 0.059375 0.41953125