0 0.68046875 0.5796875 0.04140625 0.38671875
14 0.20703125 0.45234375 0.05 0.41796875
8 0.9359375 0.63828125 0.0484375 0.38671875
11 0.51875 0.53515625 0.05 0.39375
0 0.6359375 0.56328125 0.0421875 0.39296875
30 0.0734375 0.4234375 0.0578125 0.42890625
9 0.83046875 0.6171875 0.04453125 0.38515625
6 0.7796875 0.6015625 0.04453125 0.3828125
1 0.41484375 0.50546875 0.03125 0.4
0 0.73203125 0.58359375 0.04375 0.378125
16 0.2640625 0.4625 0.06015625 0.41484375
4 0.465625 0.52109375 0.04765625 0.403125
2 0.3234375 0.48828125 0.0484375 0.4
4 0.36796875 0.49765625 0.04375 0.40078125
4 0.88203125 0.63671875 0.04296875 0.384375
29 0.13984375 0.43984375 0.08046875 0.41953125
22 0.57890625 0.55078125 0.05234375 0.40546875