3 0.68984375 0.471875 0.040625 0.52421875
13 0.4546875 0.503125 0.053125 0.5359375
8 0.2375 0.52578125 0.04296875 0.54375
4 0.11875 0.540625 0.0484375 0.56640625
0 0.73984375 0.4640625 0.0421875 0.525
2 0.39453125 0.51015625 0.04765625 0.5390625
7 0.290625 0.5171875 0.04375 0.54765625
19 0.1796875 0.5359375 0.05546875 0.56171875
2 0.946875 0.44296875 0.0484375 0.546875
1 0.88671875 0.4421875 0.03359375 0.55078125
1 0.84140625 0.4546875 0.03125 0.5453125
22 0.5734375 0.48125 0.05234375 0.5359375
0 0.7921875 0.45703125 0.0421875 0.53984375
8 0.51171875 0.4921875 0.04453125 0.528125
11 0.634375 0.47265625 0.04765625 0.5296875
6 0.34296875 0.53515625 0.0515625 0.5453125
31 0.05546875 0.5609375 0.05546875 0.58671875