11 0.45390625 0.49375 0.05390625 0.5484375
11 0.28984375 0.4890625 0.05625 0.57421875
9 0.83046875 0.5453125 0.05 0.52890625
20 0.04921875 0.4734375 0.0515625 0.5984375
8 0.93671875 0.5546875 0.05 0.53359375
21 0.578125 0.51015625 0.065625 0.5390625
13 0.23359375 0.478125 0.0546875 0.5734375
2 0.353125 0.5 0.0578125 0.5703125
1 0.40859375 0.4984375 0.03671875 0.56640625
2 0.70078125 0.53046875 0.04921875 0.54140625
2 0.88203125 0.54765625 0.053125 0.5265625
1 0.74453125 0.53203125 0.0328125 0.5359375
13 0.64375 0.52265625 0.05625 0.54140625
28 0.1703125 0.4796875 0.0609375 0.5921875
28 0.103125 0.471875 0.06015625 0.59453125
30 0.5109375 0.50546875 0.05859375 0.5578125
1 0.78203125 0.53515625 0.0375 0.53046875