9 0.70390625 0.46796875 0.0421875 0.50546875
10 0.496875 0.53125 0.0453125 0.52265625
24 0.0484375 0.6578125 0.0484375 0.5296875
4 0.60234375 0.496875 0.04296875 0.51484375
29 0.3859375 0.55859375 0.05703125 0.53984375
14 0.334375 0.58046875 0.04140625 0.54375
7 0.4484375 0.54609375 0.04296875 0.5390625
21 0.16484375 0.6265625 0.05625 0.5390625
27 0.10078125 0.64296875 0.05234375 0.52890625
7 0.81171875 0.43203125 0.03828125 0.53046875
19 0.2265625 0.60625 0.046875 0.54296875
14 0.28203125 0.5953125 0.04609375 0.53984375
0 0.6515625 0.48125 0.03828125 0.5
3 0.86484375 0.41640625 0.04609375 0.51328125
0 0.91640625 0.41328125 0.04140625 0.5109375
6 0.7546875 0.4515625 0.0390625 0.52421875
0 0.54765625 0.51171875 0.0421875 0.5234375