2 0.7015625 0.47109375 0.059375 0.56953125
4 0.94140625 0.41484375 0.0546875 0.53515625
13 0.2671875 0.5453125 0.06171875 0.6234375
28 0.14375 0.56640625 0.06640625 0.646875
28 0.20625 0.55703125 0.06484375 0.64765625
20 0.084375 0.57890625 0.06015625 0.63359375
0 0.75 0.459375 0.0546875 0.5578125
0 0.890625 0.4265625 0.05234375 0.53828125
11 0.496875 0.50859375 0.05703125 0.6046875
5 0.55078125 0.48984375 0.05078125 0.578125
0 0.80625 0.446875 0.05234375 0.54375
2 0.3828125 0.53046875 0.0640625 0.6171875
11 0.32734375 0.5390625 0.06015625 0.62109375
4 0.43984375 0.5140625 0.05546875 0.60234375
20 0.59921875 0.4890625 0.04765625 0.59140625
1 0.84453125 0.4328125 0.03671875 0.5421875
13 0.64453125 0.4828125 0.06171875 0.57109375