6 0.8109375 0.4609375 0.04921875 0.57734375
3 0.8734375 0.46171875 0.04765625 0.57578125
5 0.74609375 0.465625 0.0484375 0.58125
24 0.58046875 0.48125 0.0515625 0.56484375
32 0.065625 0.540625 0.046875 0.5578125
3 0.63984375 0.48125 0.046875 0.56640625
12 0.41953125 0.49921875 0.04921875 0.5390625
4 0.31875 0.5109375 0.04375 0.54375
11 0.475 0.49296875 0.046875 0.55859375
2 0.2625 0.5171875 0.04609375 0.5453125
4 0.1671875 0.52421875 0.040625 0.5359375
9 0.11875 0.534375 0.0421875 0.53671875
1 0.36796875 0.50625 0.034375 0.54453125
22 0.525 0.48359375 0.0484375 0.56484375
1 0.69375 0.48046875 0.0328125 0.57734375
19 0.21328125 0.52109375 0.0453125 0.534375
1 0.9296875 0.43203125 0.0453125 0.58828125