24 0.5609375 0.47890625 0.0578125 0.540625
19 0.19375 0.39609375 0.0453125 0.49609375
7 0.68125 0.49921875 0.0546875 0.56015625
8 0.80703125 0.53828125 0.05625 0.571875
9 0.10078125 0.37578125 0.0453125 0.4953125
2 0.23984375 0.40625 0.046875 0.50390625
9 0.8734375 0.5625 0.05859375 0.590625
5 0.73671875 0.51640625 0.0546875 0.5734375
32 0.05078125 0.36796875 0.05390625 0.496875
2 0.621875 0.4890625 0.05234375 0.54765625
4 0.1484375 0.38046875 0.05 0.49375
11 0.44609375 0.45546875 0.04765625 0.51953125
2 0.9453125 0.58203125 0.0578125 0.61171875
12 0.3875 0.44609375 0.04921875 0.51640625
4 0.29375 0.42734375 0.05 0.48359375
1 0.34375 0.4359375 0.0328125 0.49765625
21 0.5015625 0.46484375 0.065625 0.5265625