19 0.19453125 0.39921875 0.04921875 0.5046875
24 0.559375 0.48359375 0.0609375 0.553125
7 0.6796875 0.5015625 0.05703125 0.5703125
8 0.80625 0.5390625 0.05859375 0.58125
9 0.1 0.37734375 0.04765625 0.5015625
5 0.73515625 0.51796875 0.05703125 0.58359375
2 0.23828125 0.41015625 0.05 0.51484375
9 0.87265625 0.5625 0.0609375 0.603125
32 0.05 0.365625 0.059375 0.5140625
2 0.62109375 0.49609375 0.0546875 0.553125
4 0.14765625 0.3828125 0.053125 0.50078125
11 0.4484375 0.4515625 0.053125 0.534375
4 0.29375 0.425 0.05234375 0.49609375
2 0.94375 0.58125 0.06328125 0.61171875
12 0.38515625 0.44765625 0.05234375 0.52265625
1 0.3421875 0.43828125 0.0328125 0.50078125
21 0.5015625 0.47578125 0.065625 0.56171875