3 0.9484375 0.55 0.04375 0.5140625
10 0.2546875 0.52265625 0.05078125 0.546875
9 0.53359375 0.53046875 0.040625 0.54140625
0 0.7421875 0.53125 0.040625 0.54296875
17 0.484375 0.5265625 0.0421875 0.54609375
6 0.89140625 0.5390625 0.03984375 0.52421875
30 0.053125 0.525 0.05 0.5515625
8 0.19765625 0.52578125 0.04296875 0.52890625
2 0.8 0.5390625 0.03984375 0.53515625
4 0.371875 0.52109375 0.04296875 0.559375
1 0.69375 0.5296875 0.0359375 0.54453125
29 0.1265625 0.51875 0.071875 0.5546875
0 0.84375 0.5390625 0.0390625 0.52109375
22 0.5921875 0.5265625 0.04453125 0.55390625
22 0.42734375 0.528125 0.04609375 0.53984375
19 0.64140625 0.521875 0.0453125 0.53203125
16 0.3171875 0.53203125 0.0546875 0.57890625