3 0.9421875 0.53671875 0.04296875 0.5125
10 0.25390625 0.5203125 0.05078125 0.55
0 0.7421875 0.5296875 0.040625 0.53515625
9 0.53359375 0.52890625 0.040625 0.5375
29 0.12578125 0.51953125 0.07109375 0.56171875
17 0.484375 0.52265625 0.04140625 0.54765625
4 0.371875 0.52265625 0.04296875 0.55625
22 0.5875 0.525 0.0453125 0.55078125
6 0.8921875 0.5390625 0.0390625 0.52109375
30 0.053125 0.52421875 0.0453125 0.55859375
22 0.428125 0.528125 0.0484375 0.534375
2 0.8 0.5375 0.03984375 0.52890625
1 0.69296875 0.52734375 0.03515625 0.54765625
0 0.84375 0.53828125 0.0390625 0.51796875
8 0.19765625 0.52421875 0.0453125 0.5453125
0 0.31796875 0.52421875 0.05 0.53828125
19 0.6390625 0.51171875 0.03984375 0.61953125