3 0.9484375 0.55078125 0.04296875 0.50625
10 0.25390625 0.52109375 0.0546875 0.55234375
17 0.484375 0.521875 0.04140625 0.54921875
0 0.7421875 0.53515625 0.040625 0.52734375
6 0.8921875 0.540625 0.0390625 0.5171875
29 0.12421875 0.52265625 0.07265625 0.56015625
9 0.5328125 0.53046875 0.03984375 0.53515625
4 0.37265625 0.52265625 0.04296875 0.55625
2 0.8 0.5421875 0.03984375 0.5234375
22 0.5921875 0.5265625 0.0453125 0.54765625
22 0.428125 0.528125 0.04765625 0.5328125
8 0.196875 0.521875 0.04140625 0.54375
1 0.6953125 0.53046875 0.0328125 0.534375
0 0.84453125 0.54140625 0.0390625 0.51953125
30 0.05390625 0.5234375 0.04453125 0.57578125
0 0.31796875 0.525 0.04921875 0.5390625
19 0.640625 0.51171875 0.04609375 0.4984375