13 0.24375 0.60546875 0.05625 0.3859375
20 0.08203125 0.66015625 0.04453125 0.3984375
28 0.12890625 0.64453125 0.05859375 0.396875
21 0.565625 0.475 0.06875 0.37734375
11 0.4609375 0.52421875 0.0484375 0.3671875
26 0.1890625 0.62578125 0.05546875 0.3984375
2 0.36171875 0.57265625 0.05390625 0.37109375
9 0.940625 0.3328125 0.05625 0.38125
2 0.784375 0.38984375 0.0578125 0.38046875
9 0.87734375 0.35078125 0.05390625 0.36953125
11 0.30625 0.5859375 0.053125 0.37578125
1 0.6703125 0.4359375 0.03046875 0.37734375
1 0.4140625 0.54765625 0.03046875 0.36171875
13 0.6296875 0.45078125 0.05 0.3734375
7 0.7203125 0.41171875 0.053125 0.378125
1 0.50546875 0.50390625 0.034375 0.3609375
1 0.83359375 0.3765625 0.034375 0.38203125