13 0.24375 0.6046875 0.05625 0.3859375
20 0.08125 0.6609375 0.046875 0.39765625
28 0.1296875 0.64453125 0.06015625 0.39765625
21 0.565625 0.47421875 0.0703125 0.37890625
11 0.4609375 0.52421875 0.05 0.36796875
9 0.940625 0.3328125 0.0578125 0.38046875
26 0.1890625 0.625 0.05625 0.4
2 0.36171875 0.57265625 0.0546875 0.371875
2 0.784375 0.38984375 0.059375 0.3796875
9 0.87734375 0.35078125 0.05546875 0.3671875
11 0.30625 0.5859375 0.053125 0.378125
1 0.41328125 0.54765625 0.03125 0.3625
13 0.63203125 0.45234375 0.05546875 0.3796875
1 0.67109375 0.4375 0.034375 0.37421875
7 0.7203125 0.41171875 0.0546875 0.378125
1 0.50546875 0.50390625 0.03515625 0.3609375
1 0.83359375 0.37578125 0.03515625 0.37890625