11 0.41953125 0.471875 0.05859375 0.38046875
11 0.259375 0.4109375 0.05859375 0.38125
2 0.89375 0.671875 0.06640625 0.4078125
8 0.71328125 0.59375 0.05859375 0.39453125
0 0.4796875 0.50390625 0.0609375 0.3890625
1 0.66484375 0.58828125 0.03515625 0.384375
21 0.54140625 0.53359375 0.075 0.3984375
13 0.20234375 0.3890625 0.059375 0.3828125
28 0.084375 0.3375 0.06640625 0.3921875
13 0.61640625 0.559375 0.06640625 0.396875
2 0.83359375 0.64609375 0.06484375 0.40078125
2 0.3203125 0.43984375 0.06328125 0.38203125
3 0.77265625 0.61484375 0.05546875 0.39921875
28 0.14609375 0.36015625 0.06484375 0.3875
0 0.959375 0.68828125 0.0625 0.40234375
20 0.03046875 0.3203125 0.0546875 0.390625
1 0.36796875 0.45625 0.0421875 0.384375