11 0.41953125 0.47421875 0.05546875 0.371875
8 0.7125 0.59375 0.05625 0.3890625
21 0.5421875 0.5296875 0.07421875 0.38828125
13 0.2015625 0.38515625 0.05703125 0.37421875
2 0.89375 0.671875 0.06484375 0.40390625
0 0.4796875 0.50546875 0.05703125 0.375
11 0.259375 0.41171875 0.05625 0.3765625
28 0.0859375 0.3375 0.0625 0.38828125
1 0.6625 0.57578125 0.0375 0.3890625
28 0.14765625 0.3671875 0.06015625 0.3796875
2 0.8328125 0.64609375 0.06171875 0.39453125
13 0.615625 0.5578125 0.06484375 0.390625
2 0.3203125 0.43984375 0.06015625 0.378125
1 0.36953125 0.46171875 0.0359375 0.371875
0 0.95859375 0.6890625 0.0609375 0.39921875
20 0.02890625 0.31796875 0.05234375 0.3875
3 0.77265625 0.6125 0.0515625 0.390625