12 0.4125 0.534375 0.0484375 0.5265625
32 0.046875 0.62109375 0.04140625 0.5359375
2 0.25 0.5765625 0.04609375 0.5296875
9 0.82421875 0.45859375 0.05234375 0.546875
4 0.15 0.59765625 0.0453125 0.5109375
19 0.19921875 0.590625 0.04375 0.51796875
0 0.88359375 0.44453125 0.05625 0.56875
3 0.7625 0.46875 0.04921875 0.5421875
6 0.953125 0.42578125 0.05234375 0.5765625
9 0.0984375 0.61484375 0.04140625 0.515625
11 0.471875 0.52265625 0.0484375 0.52890625
3 0.64375 0.4890625 0.04921875 0.5390625
4 0.30703125 0.559375 0.046875 0.53515625
0 0.70078125 0.48046875 0.0484375 0.5484375
24 0.58359375 0.496875 0.04921875 0.5375
21 0.5234375 0.51015625 0.0546875 0.54296875
1 0.36015625 0.5453125 0.0296875 0.51953125