12 0.3109375 0.45 0.059375 0.45703125
10 0.3640625 0.4671875 0.05 0.459375
6 0.7515625 0.5859375 0.05078125 0.44296875
19 0.646875 0.55703125 0.053125 0.44375
9 0.8046875 0.6015625 0.04765625 0.44296875
30 0.51640625 0.5171875 0.05625 0.4578125
8 0.96484375 0.6390625 0.05234375 0.428125
0 0.69921875 0.56484375 0.0484375 0.4453125
30 0.1515625 0.4125 0.0640625 0.47265625
21 0.57890625 0.534375 0.065625 0.45546875
11 0.4640625 0.496875 0.04921875 0.45
9 0.85546875 0.621875 0.05234375 0.4390625
21 0.08515625 0.39765625 0.07734375 0.4890625
6 0.90859375 0.62734375 0.04765625 0.44140625
1 0.20390625 0.42109375 0.03359375 0.471875
18 0.25234375 0.4390625 0.0484375 0.46171875
18 0.4109375 0.50625 0.03984375 0.45625