20 0.05234375 0.60703125 0.05546875 0.6078125
13 0.24296875 0.56875 0.06015625 0.5609375
9 0.94296875 0.428125 0.0484375 0.49140625
4 0.8390625 0.4453125 0.04453125 0.50625
21 0.58203125 0.48828125 0.06328125 0.51796875
11 0.471875 0.51875 0.05234375 0.528125
28 0.115625 0.59609375 0.07265625 0.58359375
2 0.703125 0.4703125 0.05390625 0.5109375
11 0.309375 0.56015625 0.05703125 0.54765625
5 0.79296875 0.4390625 0.04609375 0.51328125
2 0.36875 0.54609375 0.0578125 0.5375
3 0.52109375 0.50390625 0.0484375 0.52578125
1 0.74609375 0.45859375 0.02734375 0.52109375
1 0.421875 0.52734375 0.03203125 0.5359375
13 0.646875 0.47421875 0.05078125 0.5203125
26 0.18515625 0.584375 0.0546875 0.5796875
3 0.8859375 0.43203125 0.04453125 0.5140625