9 0.50234375 0.52890625 0.053125 0.43046875
11 0.29140625 0.48515625 0.053125 0.43984375
13 0.63671875 0.55390625 0.05 0.434375
20 0.05703125 0.43203125 0.04765625 0.475
28 0.171875 0.45390625 0.0609375 0.46953125
9 0.88515625 0.63203125 0.05234375 0.421875
11 0.44609375 0.5140625 0.04921875 0.43671875
28 0.1109375 0.44453125 0.0578125 0.46640625
9 0.94375 0.64765625 0.0515625 0.40859375
5 0.76875 0.5859375 0.04765625 0.43515625
13 0.228125 0.46015625 0.0515625 0.45625
8 0.82421875 0.60703125 0.05 0.428125
1 0.6828125 0.575 0.02890625 0.428125
21 0.56796875 0.54375 0.06484375 0.44375
1 0.39921875 0.509375 0.03359375 0.44375
2 0.34921875 0.5 0.0515625 0.44296875
1 0.72421875 0.57890625 0.0328125 0.43828125