10 0.25078125 0.3453125 0.04609375 0.228125
17 0.46328125 0.4859375 0.04765625 0.24140625
5 0.9421875 0.81953125 0.046875 0.24375
3 0.51484375 0.53125 0.0421875 0.22109375
12 0.30859375 0.38671875 0.04765625 0.23125
2 0.35703125 0.4265625 0.040625 0.23984375
30 0.06171875 0.2109375 0.0484375 0.25546875
0 0.73046875 0.67265625 0.04296875 0.23828125
29 0.13046875 0.25078125 0.06640625 0.2609375
22 0.4109375 0.4578125 0.04921875 0.24296875
8 0.1953125 0.3046875 0.04140625 0.21875
2 0.8890625 0.78828125 0.0421875 0.22734375
9 0.8375 0.75390625 0.04296875 0.25
22 0.5703125 0.56171875 0.05234375 0.246875
1 0.78125 0.71015625 0.04375 0.25625
1 0.675 0.640625 0.0296875 0.2390625
19 0.6203125 0.60625 0.04140625 0.22265625