3 0.63671875 0.49921875 0.04921875 0.59921875
19 0.20703125 0.53125 0.046875 0.540625
32 0.05625 0.54921875 0.04453125 0.56484375
24 0.5765625 0.5 0.05390625 0.59140625
22 0.52109375 0.50390625 0.0484375 0.5828125
4 0.31015625 0.52421875 0.046875 0.5625
12 0.41171875 0.5140625 0.05 0.565625
7 0.75 0.48046875 0.0546875 0.6234375
2 0.25546875 0.5265625 0.04609375 0.56015625
11 0.46875 0.50703125 0.0515625 0.5734375
6 0.81171875 0.484375 0.05390625 0.62109375
4 0.1578125 0.534375 0.04375 0.53828125
9 0.103125 0.54453125 0.04375 0.54296875
0 0.875 0.48125 0.05703125 0.62734375
2 0.69375 0.50078125 0.05234375 0.6
7 0.94140625 0.46796875 0.05390625 0.64140625
1 0.3609375 0.5171875 0.03671875 0.56015625