19 0.2078125 0.52734375 0.04609375 0.5453125
24 0.5765625 0.49921875 0.05390625 0.57734375
3 0.63671875 0.496875 0.04921875 0.58984375
7 0.75 0.4796875 0.05390625 0.61015625
32 0.05625 0.5453125 0.0453125 0.5515625
2 0.25546875 0.52734375 0.04609375 0.55234375
4 0.3109375 0.5234375 0.04765625 0.55859375
22 0.52109375 0.50390625 0.04921875 0.5734375
11 0.46953125 0.5015625 0.05 0.56875
6 0.81171875 0.4828125 0.0515625 0.61015625
4 0.15859375 0.53125 0.0453125 0.534375
12 0.41171875 0.5140625 0.05 0.559375
9 0.10390625 0.540625 0.04375 0.5359375
7 0.94296875 0.465625 0.05390625 0.628125
2 0.69375 0.4921875 0.05 0.59921875
0 0.87421875 0.4859375 0.0546875 0.62265625
1 0.36328125 0.5140625 0.040625 0.54375