10 0.65625 0.5578125 0.05546875 0.52890625
0 0.884375 0.59375 0.04296875 0.53203125
30 0.07734375 0.4609375 0.06640625 0.58671875
10 0.471875 0.52734375 0.0546875 0.5484375
21 0.5921875 0.5421875 0.06875 0.5421875
15 0.2671875 0.4890625 0.0484375 0.56953125
7 0.52734375 0.53515625 0.04765625 0.55078125
6 0.71328125 0.56953125 0.053125 0.528125
5 0.7984375 0.57734375 0.04296875 0.54140625
15 0.32109375 0.4953125 0.05078125 0.56953125
0 0.36640625 0.50703125 0.046875 0.55234375
4 0.41484375 0.50859375 0.046875 0.56328125
32 0.1390625 0.465625 0.0625 0.5734375
5 0.84140625 0.58359375 0.040625 0.53359375
1 0.7515625 0.571875 0.03046875 0.5359375
0 0.925 0.59453125 0.046875 0.52421875
16 0.20546875 0.48671875 0.06953125 0.59375