10 0.65546875 0.5578125 0.05625 0.53671875
30 0.078125 0.4625 0.06640625 0.5890625
10 0.47109375 0.528125 0.05859375 0.55078125
21 0.59140625 0.54296875 0.07109375 0.54921875
0 0.88515625 0.59453125 0.0453125 0.53671875
7 0.52734375 0.53671875 0.05 0.55625
15 0.3203125 0.496875 0.05234375 0.57421875
0 0.3671875 0.5109375 0.05 0.55859375
15 0.26640625 0.490625 0.0484375 0.57578125
6 0.709375 0.565625 0.05 0.53046875
5 0.7984375 0.5765625 0.04453125 0.5421875
4 0.415625 0.51171875 0.0484375 0.56953125
5 0.8421875 0.5890625 0.0453125 0.5328125
1 0.75234375 0.57265625 0.03203125 0.5421875
32 0.13984375 0.46875 0.06328125 0.578125
0 0.93125 0.58828125 0.05078125 0.53671875
16 0.20390625 0.47734375 0.06796875 0.56328125