12 0.4453125 0.50078125 0.04765625 0.43828125
5 0.8125 0.54453125 0.04375 0.45546875
24 0.6 0.5140625 0.04765625 0.43828125
19 0.24296875 0.4734375 0.04921875 0.44453125
22 0.54765625 0.50859375 0.04453125 0.440625
8 0.8671875 0.54921875 0.04765625 0.45234375
2 0.7546875 0.54140625 0.04375 0.4546875
11 0.496875 0.503125 0.04609375 0.44140625
3 0.65390625 0.53359375 0.0453125 0.4359375
9 0.15390625 0.453125 0.04296875 0.43359375
4 0.19921875 0.4609375 0.0421875 0.434375
4 0.34765625 0.48828125 0.04140625 0.4453125
1 0.3953125 0.49765625 0.02734375 0.44140625
2 0.3 0.48671875 0.04453125 0.43671875
32 0.10078125 0.44453125 0.0453125 0.45390625
0 0.91953125 0.56328125 0.046875 0.4453125
2 0.70234375 0.5328125 0.04453125 0.4515625