10 0.5671875 0.5578125 0.0421875 0.4
5 0.71953125 0.603125 0.0484375 0.403125
8 0.6171875 0.5796875 0.05078125 0.39375
32 0.1234375 0.3921875 0.04375 0.40078125
4 0.36640625 0.49140625 0.04921875 0.39453125
15 0.22265625 0.43359375 0.04765625 0.38984375
16 0.17421875 0.409375 0.04921875 0.39921875
10 0.4171875 0.50390625 0.040625 0.39765625
21 0.51875 0.5390625 0.05 0.40390625
8 0.76875 0.6203125 0.05078125 0.396875
30 0.08046875 0.3796875 0.04375 0.40703125
0 0.6671875 0.59453125 0.046875 0.4015625
0 0.32109375 0.46953125 0.046875 0.3921875
7 0.8734375 0.6578125 0.04765625 0.4125
2 0.82265625 0.64765625 0.05234375 0.4109375
30 0.4671875 0.52421875 0.0515625 0.40859375
14 0.2703125 0.45859375 0.05 0.45546875