3 0.878125 0.6171875 0.04140625 0.4609375
10 0.63125 0.54921875 0.0484375 0.4734375
9 0.5078125 0.53515625 0.05 0.48125
21 0.09140625 0.46171875 0.07109375 0.50546875
9 0.40625 0.51796875 0.04609375 0.49140625
4 0.775 0.584375 0.04453125 0.47890625
2 0.6796875 0.56484375 0.046875 0.484375
28 0.4578125 0.51640625 0.05 0.50625
9 0.82578125 0.59765625 0.04609375 0.47421875
15 0.3078125 0.5 0.04375 0.4921875
21 0.56796875 0.5421875 0.065625 0.475
2 0.73125 0.5765625 0.04453125 0.47890625
30 0.15703125 0.4765625 0.05625 0.49765625
26 0.2546875 0.49140625 0.05078125 0.4953125
1 0.203125 0.47734375 0.0328125 0.496875
6 0.92578125 0.628125 0.04765625 0.46640625
6 0.35625 0.50390625 0.05 0.4953125