10 0.59296875 0.5625 0.04921875 0.32734375
9 0.365625 0.44921875 0.0453125 0.3296875
4 0.91484375 0.71015625 0.04765625 0.3390625
6 0.859375 0.6890625 0.05234375 0.33671875
2 0.6453125 0.58203125 0.04921875 0.3328125
21 0.528125 0.52734375 0.0640625 0.3390625
7 0.75078125 0.63671875 0.04375 0.3390625
1 0.1703125 0.353125 0.03515625 0.3375
6 0.32109375 0.421875 0.0453125 0.33671875
2 0.80625 0.67109375 0.04375 0.325
9 0.47109375 0.49921875 0.04296875 0.33515625
3 0.696875 0.60703125 0.04375 0.33515625
21 0.0578125 0.29921875 0.0671875 0.35859375
30 0.121875 0.3328125 0.053125 0.3390625
28 0.41484375 0.46875 0.06015625 0.34453125
15 0.27109375 0.4 0.0484375 0.2953125
26 0.21953125 0.37109375 0.05078125 0.340625