29 0.15546875 0.475 0.0828125 0.45625
2 0.32265625 0.48671875 0.05625 0.4671875
11 0.51640625 0.48984375 0.06015625 0.46171875
0 0.7359375 0.503125 0.0484375 0.4578125
0 0.6921875 0.5 0.04921875 0.45859375
30 0.08203125 0.47421875 0.06640625 0.45546875
21 0.5828125 0.496875 0.07578125 0.45546875
1 0.41875 0.49375 0.03984375 0.4515625
14 0.22421875 0.48046875 0.05859375 0.45390625
7 0.8359375 0.5046875 0.04765625 0.4546875
1 0.78671875 0.50390625 0.046875 0.46484375
20 0.271875 0.484375 0.0546875 0.4625
5 0.88203125 0.51171875 0.04921875 0.44921875
6 0.46640625 0.49296875 0.053125 0.4546875
9 0.934375 0.5234375 0.05078125 0.4359375
4 0.37109375 0.50078125 0.05078125 0.43828125
0 0.6421875 0.4796875 0.04921875 0.4484375