7 0.30234375 0.53359375 0.0515625 0.59453125
21 0.5703125 0.49609375 0.071875 0.58671875
2 0.3953125 0.5203125 0.05390625 0.58984375
2 0.82734375 0.43828125 0.053125 0.57734375
31 0.08203125 0.57421875 0.0671875 0.5875
2 0.35 0.5390625 0.05234375 0.58046875
8 0.2484375 0.53984375 0.05234375 0.59765625
1 0.734375 0.4625 0.0421875 0.57109375
1 0.77734375 0.45859375 0.0484375 0.590625
4 0.1421875 0.571875 0.06484375 0.58828125
13 0.4515625 0.51796875 0.06015625 0.59375
7 0.9265625 0.4265625 0.053125 0.58046875
5 0.50703125 0.50625 0.05390625 0.5890625
3 0.6828125 0.47421875 0.0578125 0.56640625
6 0.8796875 0.43046875 0.0578125 0.58046875
11 0.63125 0.48046875 0.06015625 0.57421875
19 0.1984375 0.55546875 0.0578125 0.59609375