6 0.6515625 0.5671875 0.053125 0.37578125
9 0.44375 0.48359375 0.04765625 0.35859375
21 0.55 0.5171875 0.059375 0.371875
5 0.75390625 0.6046875 0.05 0.375
9 0.80703125 0.63984375 0.0484375 0.371875
2 0.86015625 0.6609375 0.0546875 0.38359375
20 0.09609375 0.32890625 0.05078125 0.37890625
11 0.29765625 0.41015625 0.05078125 0.35859375
1 0.390625 0.45625 0.0359375 0.37109375
13 0.2421875 0.38359375 0.04921875 0.36484375
7 0.9125 0.6765625 0.046875 0.384375
1 0.70234375 0.59375 0.0390625 0.3703125
30 0.49921875 0.4984375 0.0546875 0.3765625
18 0.59765625 0.55234375 0.0609375 0.39921875
16 0.1453125 0.3421875 0.053125 0.34765625
29 0.19609375 0.36171875 0.04921875 0.39921875
14 0.3453125 0.4390625 0.059375 0.39921875