21 0.5484375 0.5171875 0.05703125 0.36484375
5 0.753125 0.60234375 0.0484375 0.36875
9 0.4421875 0.4796875 0.04765625 0.3640625
6 0.65234375 0.559375 0.0515625 0.36796875
2 0.86015625 0.65859375 0.05390625 0.38203125
9 0.80625 0.634375 0.05 0.375
13 0.2421875 0.3828125 0.046875 0.365625
20 0.08984375 0.32421875 0.04921875 0.3796875
11 0.29765625 0.41015625 0.04921875 0.36015625
1 0.390625 0.453125 0.03203125 0.371875
7 0.9125 0.6734375 0.046875 0.378125
30 0.4984375 0.49921875 0.0546875 0.37890625
1 0.69765625 0.584375 0.03203125 0.36328125
18 0.60078125 0.5484375 0.05234375 0.3671875
29 0.196875 0.3734375 0.05234375 0.41015625
16 0.1421875 0.34609375 0.05234375 0.39609375
14 0.3453125 0.44296875 0.05546875 0.384375