12 0.41015625 0.440625 0.05 0.4171875
24 0.57578125 0.50625 0.05625 0.43359375
2 0.246875 0.37890625 0.04765625 0.42578125
3 0.63671875 0.52265625 0.046875 0.43125
9 0.93984375 0.6546875 0.0546875 0.44375
19 0.19765625 0.3578125 0.04921875 0.42578125
0 0.8125 0.6 0.0546875 0.44296875
11 0.46640625 0.459375 0.05390625 0.4296875
32 0.0453125 0.2984375 0.0484375 0.41796875
8 0.7484375 0.571875 0.05078125 0.4390625
22 0.52109375 0.484375 0.0515625 0.428125
4 0.146875 0.33828125 0.0484375 0.415625
9 0.09765625 0.3171875 0.04609375 0.40703125
2 0.69375 0.553125 0.04765625 0.43828125
2 0.87734375 0.63359375 0.05234375 0.4453125
1 0.35859375 0.4234375 0.03671875 0.415625
4 0.3046875 0.40078125 0.04609375 0.40625