11 0.175 0.58046875 0.053125 0.42734375
4 0.8828125 0.44375 0.0515625 0.425
9 0.4 0.540625 0.05625 0.4203125
3 0.778125 0.4578125 0.05234375 0.41640625
18 0.23359375 0.565625 0.05078125 0.43515625
9 0.83203125 0.4578125 0.053125 0.415625
21 0.5640625 0.49921875 0.05625 0.434375
2 0.6703125 0.484375 0.053125 0.43125
7 0.94296875 0.43671875 0.05390625 0.4453125
15 0.284375 0.559375 0.05078125 0.434375
5 0.72578125 0.47265625 0.053125 0.41796875
29 0.1140625 0.58359375 0.05859375 0.440625
10 0.61328125 0.49375 0.05546875 0.4171875
28 0.453125 0.5296875 0.05546875 0.4046875
9 0.50625 0.5046875 0.0578125 0.4046875
6 0.34375 0.534375 0.05546875 0.4296875
30 0.0578125 0.58984375 0.0578125 0.45546875