11 0.175 0.58203125 0.05234375 0.42890625
9 0.4 0.540625 0.0546875 0.421875
18 0.23359375 0.5671875 0.05 0.4265625
3 0.778125 0.459375 0.0515625 0.41796875
9 0.83203125 0.459375 0.053125 0.41640625
7 0.9421875 0.43828125 0.05390625 0.44140625
4 0.8828125 0.44921875 0.04765625 0.42265625
3 0.6703125 0.4875 0.05234375 0.4328125
15 0.2875 0.55546875 0.053125 0.43359375
11 0.50546875 0.51171875 0.0546875 0.43125
21 0.5640625 0.5015625 0.05546875 0.43828125
29 0.1140625 0.584375 0.05546875 0.44296875
5 0.725 0.47421875 0.05390625 0.41953125
10 0.0546875 0.58515625 0.05859375 0.45234375
10 0.6171875 0.4875 0.0578125 0.4046875
28 0.45078125 0.5234375 0.0578125 0.42578125
6 0.340625 0.540625 0.05546875 0.4171875