2 0.81796875 0.503125 0.053125 0.60625
21 0.5328125 0.52421875 0.05703125 0.5921875
9 0.115625 0.575 0.046875 0.58984375
4 0.17421875 0.56875 0.05 0.5890625
8 0.34140625 0.54453125 0.0484375 0.584375
11 0.47890625 0.52734375 0.05078125 0.58046875
0 0.93203125 0.4921875 0.053125 0.58515625
16 0.2296875 0.56015625 0.04921875 0.58828125
9 0.75546875 0.5140625 0.046875 0.5921875
4 0.7 0.51484375 0.04609375 0.5953125
2 0.290625 0.54296875 0.04921875 0.60234375
32 0.0625 0.5828125 0.05078125 0.6171875
24 0.59375 0.5203125 0.0515625 0.59453125
3 0.6484375 0.51171875 0.04765625 0.59921875
1 0.3828125 0.540625 0.02890625 0.58125
3 0.425 0.534375 0.04609375 0.571875
7 0.8671875 0.4796875 0.05234375 0.5953125