21 0.5328125 0.525 0.0578125 0.59140625
2 0.8171875 0.50390625 0.053125 0.6078125
4 0.1734375 0.5671875 0.0484375 0.5828125
9 0.11640625 0.575 0.0453125 0.5875
8 0.34140625 0.5453125 0.0484375 0.5828125
11 0.478125 0.52890625 0.05 0.58046875
0 0.93046875 0.4921875 0.0515625 0.58671875
9 0.75546875 0.51484375 0.046875 0.5953125
2 0.29140625 0.5484375 0.0484375 0.59765625
16 0.22890625 0.56015625 0.04921875 0.5828125
4 0.7 0.5125 0.04765625 0.59609375
3 0.6484375 0.5125 0.046875 0.6
1 0.38125 0.54140625 0.03046875 0.57890625
24 0.59453125 0.521875 0.05078125 0.5953125
32 0.06484375 0.584375 0.04765625 0.61640625
3 0.425 0.5359375 0.04609375 0.56953125
7 0.871875 0.4984375 0.04921875 0.61015625