11 0.4796875 0.5296875 0.053125 0.58359375
9 0.11484375 0.57734375 0.0484375 0.58828125
4 0.1734375 0.5734375 0.05078125 0.5875
2 0.81953125 0.5046875 0.0546875 0.61015625
8 0.3421875 0.5484375 0.05078125 0.58828125
16 0.23046875 0.5640625 0.05078125 0.58671875
0 0.93203125 0.4921875 0.05234375 0.5859375
21 0.53359375 0.52734375 0.05625 0.5921875
3 0.64921875 0.51484375 0.04921875 0.5875
2 0.2921875 0.55 0.0484375 0.59765625
9 0.75703125 0.515625 0.0484375 0.59375
4 0.7015625 0.5125 0.04921875 0.59453125
24 0.59375 0.51953125 0.05234375 0.5953125
1 0.3828125 0.54453125 0.03046875 0.584375
3 0.42421875 0.54609375 0.0421875 0.60078125
32 0.065625 0.57109375 0.05078125 0.60078125
7 0.8640625 0.478125 0.05390625 0.61015625