4 0.1390625 0.46796875 0.05234375 0.53359375
19 0.1984375 0.478125 0.05 0.54140625
11 0.64296875 0.5421875 0.05234375 0.52265625
9 0.69609375 0.55859375 0.0453125 0.53359375
0 0.85078125 0.58125 0.0484375 0.53046875
6 0.5125 0.53125 0.046875 0.52109375
8 0.25234375 0.48671875 0.0453125 0.525
7 0.95703125 0.60625 0.04921875 0.52734375
1 0.7453125 0.56328125 0.03515625 0.546875
2 0.35234375 0.515625 0.04921875 0.52578125
0 0.79921875 0.571875 0.04375 0.53203125
6 0.30625 0.4984375 0.046875 0.53125
31 0.08203125 0.459375 0.0546875 0.53671875
7 0.9 0.59609375 0.0453125 0.534375
2 0.4046875 0.515625 0.04453125 0.53125
32 0.46171875 0.51953125 0.05 0.53515625
21 0.57578125 0.5359375 0.06015625 0.5234375