4 0.1390625 0.4671875 0.05390625 0.5375
11 0.64296875 0.54375 0.053125 0.52421875
0 0.85078125 0.5828125 0.0484375 0.5203125
19 0.196875 0.475 0.0515625 0.5375
8 0.25234375 0.4875 0.046875 0.5265625
6 0.51328125 0.53515625 0.0484375 0.51875
9 0.69609375 0.56015625 0.0453125 0.53203125
1 0.7453125 0.56484375 0.0359375 0.54453125
7 0.95703125 0.60546875 0.04921875 0.52578125
0 0.79921875 0.5734375 0.04453125 0.53125
2 0.3546875 0.50390625 0.04765625 0.5265625
7 0.89921875 0.596875 0.04609375 0.53046875
6 0.30625 0.49765625 0.04765625 0.5328125
2 0.40390625 0.51953125 0.04453125 0.53203125
31 0.08203125 0.45859375 0.05625 0.54296875
32 0.46171875 0.5203125 0.0515625 0.54140625
21 0.57578125 0.5359375 0.0609375 0.528125