4 0.8796875 0.390625 0.04765625 0.42890625
4 0.78984375 0.41875 0.04765625 0.4125
23 0.175 0.63359375 0.05390625 0.4046875
15 0.11796875 0.646875 0.05078125 0.39921875
3 0.27421875 0.60390625 0.04375 0.39609375
10 0.3328125 0.578125 0.06171875 0.41640625
23 0.390625 0.559375 0.05234375 0.4171875
21 0.5703125 0.50078125 0.07734375 0.40078125
8 0.228125 0.61171875 0.046875 0.40078125
20 0.05546875 0.66484375 0.059375 0.40703125
14 0.45234375 0.5375 0.05 0.4125
0 0.7390625 0.434375 0.0484375 0.4046875
4 0.8359375 0.4046875 0.05234375 0.42734375
6 0.5015625 0.52578125 0.05 0.3953125
1 0.6296875 0.4765625 0.0359375 0.4140625
7 0.93046875 0.38203125 0.046875 0.4390625
19 0.68828125 0.44765625 0.08515625 0.39921875