4 0.88046875 0.39140625 0.04765625 0.43125
15 0.11796875 0.64609375 0.0515625 0.39921875
4 0.78984375 0.4203125 0.0484375 0.4140625
10 0.33359375 0.578125 0.06171875 0.41640625
3 0.275 0.60390625 0.04453125 0.3953125
23 0.175 0.6328125 0.0546875 0.40546875
23 0.390625 0.559375 0.05234375 0.41796875
8 0.228125 0.61015625 0.04765625 0.40078125
0 0.7390625 0.43515625 0.04921875 0.40625
14 0.45234375 0.53828125 0.05 0.4140625
21 0.56875 0.5015625 0.08046875 0.40078125
20 0.05703125 0.66484375 0.0609375 0.4046875
6 0.5015625 0.52578125 0.05078125 0.396875
4 0.83671875 0.40546875 0.053125 0.43046875
1 0.6296875 0.47734375 0.03671875 0.4140625
7 0.93125 0.3828125 0.04765625 0.44140625
19 0.6921875 0.4578125 0.08671875 0.41640625