7 0.7828125 0.64296875 0.0421875 0.37421875
10 0.45625 0.509375 0.0578125 0.3609375
8 0.3546875 0.45859375 0.04375 0.35078125
5 0.7359375 0.62578125 0.04375 0.359375
8 0.8328125 0.66640625 0.046875 0.36796875
13 0.5140625 0.5296875 0.0578125 0.36875
29 0.13125 0.3765625 0.07421875 0.37109375
0 0.8796875 0.69375 0.0453125 0.36953125
21 0.57890625 0.5625 0.06875 0.3640625
14 0.19609375 0.40703125 0.0515625 0.3609375
0 0.63984375 0.578125 0.04453125 0.36171875
7 0.93828125 0.7125 0.046875 0.38203125
0 0.68515625 0.609375 0.0453125 0.35078125
30 0.06640625 0.35234375 0.0546875 0.38359375
1 0.4015625 0.48984375 0.03515625 0.35234375
17 0.3046875 0.43984375 0.05078125 0.3625
23 0.2453125 0.4203125 0.05078125 0.36328125