20 0.08515625 0.1734375 0.08125 0.23046875
1 0.715625 0.6703125 0.06953125 0.21953125
1 0.81640625 0.74921875 0.0734375 0.22578125
2 0.66328125 0.63125 0.09375 0.2375
4 0.86484375 0.78515625 0.09296875 0.221875
13 0.225 0.27890625 0.08515625 0.22734375
21 0.5421875 0.53125 0.1015625 0.23203125
0 0.609375 0.5828125 0.08984375 0.2359375
2 0.3328125 0.36953125 0.0828125 0.2328125
1 0.37734375 0.409375 0.0703125 0.2125
5 0.925 0.825 0.09453125 0.22890625
11 0.27578125 0.3234375 0.08125 0.21796875
7 0.48203125 0.48203125 0.0890625 0.23203125
9 0.76328125 0.70546875 0.0953125 0.21875
28 0.134375 0.20859375 0.075 0.23671875
28 0.18515625 0.240625 0.090625 0.2515625
11 0.42421875 0.43046875 0.084375 0.22265625