20 0.0859375 0.16484375 0.084375 0.24609375
1 0.81484375 0.74765625 0.07421875 0.2359375
4 0.8640625 0.7859375 0.09375 0.234375
2 0.6625 0.62890625 0.09375 0.2484375
1 0.37734375 0.41171875 0.0703125 0.2203125
13 0.225 0.28046875 0.08671875 0.2328125
2 0.33359375 0.371875 0.08515625 0.24375
21 0.54296875 0.53125 0.1015625 0.24765625
5 0.92421875 0.82578125 0.09453125 0.2359375
1 0.71484375 0.671875 0.0703125 0.23671875
11 0.27578125 0.32265625 0.08125 0.22578125
7 0.48203125 0.484375 0.0921875 0.2421875
0 0.609375 0.58125 0.08984375 0.246875
9 0.7625 0.70390625 0.096875 0.23046875
28 0.17734375 0.24140625 0.0984375 0.25703125
11 0.4234375 0.4296875 0.0875 0.23046875
28 0.13125 0.1984375 0.053125 0.2015625