10 0.65 0.5578125 0.06015625 0.51484375
10 0.4625 0.5109375 0.06015625 0.51640625
30 0.084375 0.44609375 0.065625 0.55625
21 0.58515625 0.5375 0.07734375 0.52265625
4 0.83671875 0.5890625 0.05390625 0.52265625
6 0.70625 0.5671875 0.05234375 0.5109375
15 0.31796875 0.48671875 0.05234375 0.53671875
2 0.88359375 0.6109375 0.04609375 0.50390625
6 0.5203125 0.52578125 0.05546875 0.5109375
4 0.41171875 0.4953125 0.0515625 0.54375
0 0.3625 0.49765625 0.053125 0.528125
15 0.26328125 0.4734375 0.053125 0.55078125
1 0.75078125 0.57734375 0.0359375 0.51796875
1 0.7921875 0.58828125 0.03828125 0.51484375
32 0.14453125 0.45625 0.06171875 0.54609375
16 0.20546875 0.4671875 0.06796875 0.5484375
3 0.92265625 0.60390625 0.04765625 0.50703125