30 0.078125 0.21796875 0.06796875 0.240625
10 0.26015625 0.34453125 0.06328125 0.23515625
17 0.4796875 0.48515625 0.0609375 0.240625
2 0.36953125 0.41796875 0.0546875 0.2328125
1 0.74453125 0.66328125 0.04140625 0.246875
22 0.425 0.44765625 0.06484375 0.2453125
1 0.68671875 0.63203125 0.0421875 0.23515625
8 0.79765625 0.7 0.05859375 0.23984375
9 0.53046875 0.5203125 0.05703125 0.2421875
19 0.63515625 0.58828125 0.059375 0.2546875
6 0.90390625 0.775 0.06015625 0.24921875
7 0.96796875 0.81171875 0.06015625 0.2515625
12 0.32109375 0.37890625 0.06171875 0.2453125
8 0.20703125 0.3078125 0.0546875 0.2265625
18 0.58046875 0.55625 0.05234375 0.2390625
29 0.14453125 0.25 0.0765625 0.2453125
5 0.8515625 0.728125 0.04609375 0.23046875