10 0.26015625 0.34453125 0.0578125 0.22421875
30 0.07890625 0.21640625 0.0625 0.23515625
2 0.3703125 0.41640625 0.0484375 0.22421875
17 0.48046875 0.4828125 0.05390625 0.22578125
8 0.7984375 0.703125 0.05234375 0.2265625
9 0.53125 0.5203125 0.05 0.23046875
22 0.42578125 0.44609375 0.0578125 0.2390625
1 0.74375 0.6640625 0.034375 0.2265625
1 0.6859375 0.63359375 0.03515625 0.21875
6 0.9046875 0.775 0.05 0.2421875
12 0.321875 0.38046875 0.05625 0.23125
8 0.20703125 0.30703125 0.053125 0.215625
7 0.96875 0.8109375 0.05234375 0.24375
29 0.14765625 0.2578125 0.0734375 0.25
19 0.63515625 0.58828125 0.05078125 0.23984375
5 0.85078125 0.7390625 0.05078125 0.23671875
18 0.58125 0.55703125 0.04375 0.2078125