11 0.425 0.4828125 0.0484375 0.446875
2 0.259375 0.43203125 0.04375 0.45859375
24 0.59453125 0.54453125 0.04921875 0.45703125
32 0.053125 0.35546875 0.04453125 0.43515625
19 0.20859375 0.40859375 0.04765625 0.4484375
9 0.88203125 0.64921875 0.0453125 0.46640625
5 0.94375 0.66015625 0.0515625 0.471875
3 0.64921875 0.575 0.04609375 0.45
2 0.82109375 0.63203125 0.04765625 0.4734375
10 0.4765625 0.503125 0.04375 0.45390625
9 0.10234375 0.3765625 0.04375 0.440625
4 0.15859375 0.39296875 0.04375 0.440625
1 0.36796875 0.46796875 0.03359375 0.44296875
1 0.70234375 0.58828125 0.028125 0.45625
4 0.3171875 0.45 0.04609375 0.45
1 0.76328125 0.609375 0.03203125 0.46796875
22 0.5359375 0.53984375 0.053125 0.4671875