5 0.759375 0.51015625 0.046875 0.61328125
8 0.32734375 0.50546875 0.05 0.5859375
24 0.59140625 0.503125 0.04921875 0.59296875
9 0.93828125 0.5203125 0.053125 0.6078125
32 0.06171875 0.51953125 0.05078125 0.6140625
23 0.2203125 0.5046875 0.0484375 0.5828125
22 0.5359375 0.5 0.04921875 0.5921875
7 0.82109375 0.5171875 0.04765625 0.625
4 0.1671875 0.5109375 0.04140625 0.578125
0 0.7015625 0.509375 0.046875 0.59921875
9 0.1140625 0.5171875 0.04296875 0.58671875
1 0.878125 0.5296875 0.03359375 0.62890625
0 0.64765625 0.50703125 0.0515625 0.59296875
1 0.3765625 0.5046875 0.0265625 0.59453125
12 0.27109375 0.503125 0.046875 0.58984375
5 0.428125 0.49296875 0.04609375 0.58984375
13 0.48046875 0.49765625 0.04453125 0.58984375