5 0.76015625 0.51875 0.05078125 0.64453125
9 0.93828125 0.52890625 0.0546875 0.65703125
32 0.0625 0.52109375 0.05234375 0.63046875
23 0.2203125 0.51484375 0.05078125 0.6171875
7 0.821875 0.521875 0.0515625 0.665625
8 0.3265625 0.51953125 0.053125 0.62421875
0 0.70234375 0.51953125 0.05078125 0.634375
24 0.596875 0.5109375 0.04921875 0.63203125
9 0.1171875 0.51953125 0.04296875 0.6109375
0 0.64765625 0.5171875 0.05390625 0.62734375
4 0.16796875 0.52109375 0.0421875 0.6046875
1 0.878125 0.5375 0.03671875 0.6765625
22 0.53828125 0.51640625 0.053125 0.62421875
1 0.3765625 0.51875 0.0328125 0.63046875
5 0.428125 0.51328125 0.0484375 0.62578125
12 0.27109375 0.50625 0.05 0.62421875
13 0.4828125 0.5078125 0.0546875 0.603125