5 0.76015625 0.51875 0.05078125 0.6453125
9 0.93828125 0.52890625 0.0546875 0.6578125
32 0.0625 0.52109375 0.05234375 0.63046875
23 0.2203125 0.5140625 0.05078125 0.615625
7 0.82109375 0.521875 0.05078125 0.665625
8 0.32578125 0.5140625 0.05 0.61171875
0 0.70234375 0.51953125 0.05078125 0.63515625
24 0.5921875 0.51328125 0.0515625 0.6296875
9 0.1171875 0.51953125 0.04375 0.6109375
4 0.16796875 0.52109375 0.04296875 0.60390625
0 0.64765625 0.5171875 0.05390625 0.628125
1 0.878125 0.5375 0.03671875 0.67734375
5 0.428125 0.5125 0.0484375 0.62421875
22 0.540625 0.51171875 0.05 0.62890625
1 0.37734375 0.51875 0.0328125 0.628125
12 0.26953125 0.5125 0.04765625 0.6203125
13 0.47890625 0.5015625 0.05 0.65859375