9 0.12109375 0.41640625 0.04609375 0.49296875
12 0.42109375 0.4625 0.05078125 0.484375
2 0.9265625 0.58125 0.05390625 0.509375
1 0.6921875 0.52578125 0.034375 0.51328125
4 0.16953125 0.4203125 0.04296875 0.49140625
11 0.47734375 0.475 0.04765625 0.5046875
3 0.63984375 0.5109375 0.04609375 0.50078125
4 0.86796875 0.5640625 0.05390625 0.52109375
1 0.36953125 0.45703125 0.03515625 0.49296875
7 0.809375 0.540625 0.05078125 0.528125
4 0.321875 0.44453125 0.0453125 0.49375
32 0.0703125 0.4078125 0.05078125 0.496875
3 0.26953125 0.44140625 0.0453125 0.48515625
3 0.74609375 0.5328125 0.05078125 0.515625
22 0.52578125 0.4796875 0.04921875 0.50859375
24 0.58203125 0.4984375 0.0515625 0.50390625
19 0.21953125 0.43125 0.05234375 0.49296875