12 0.21875 0.58046875 0.05234375 0.53515625
8 0.925 0.40703125 0.0515625 0.55078125
11 0.421875 0.52890625 0.046875 0.52890625
32 0.06015625 0.628125 0.0421875 0.54453125
9 0.11171875 0.61171875 0.04453125 0.5140625
1 0.36953125 0.54140625 0.03359375 0.53203125
24 0.58359375 0.48671875 0.0484375 0.534375
5 0.81015625 0.4328125 0.05 0.55390625
2 0.2703125 0.5671875 0.04453125 0.53984375
4 0.7484375 0.44375 0.0484375 0.55078125
11 0.4765625 0.51015625 0.0453125 0.5375
4 0.16328125 0.59765625 0.040625 0.51640625
9 0.86875 0.42109375 0.04921875 0.55390625
4 0.69453125 0.46953125 0.04609375 0.54140625
4 0.31875 0.5515625 0.04140625 0.53984375
2 0.64296875 0.47890625 0.04453125 0.53359375
21 0.52578125 0.4984375 0.05 0.534375