12 0.21875 0.58125 0.05234375 0.53359375
8 0.925 0.409375 0.0515625 0.546875
32 0.059375 0.62890625 0.04296875 0.54609375
11 0.4203125 0.52890625 0.0484375 0.521875
9 0.11171875 0.6109375 0.04375 0.51328125
1 0.36953125 0.5421875 0.03359375 0.53046875
24 0.58359375 0.48671875 0.0484375 0.53359375
5 0.809375 0.43359375 0.04921875 0.55390625
2 0.26875 0.575 0.0453125 0.53515625
4 0.7484375 0.44375 0.0484375 0.54921875
4 0.16328125 0.596875 0.040625 0.51484375
9 0.86875 0.42265625 0.0484375 0.55078125
11 0.47734375 0.5109375 0.04453125 0.5359375
4 0.69609375 0.4671875 0.0453125 0.53671875
4 0.31875 0.55234375 0.04140625 0.53828125
2 0.64296875 0.4796875 0.04453125 0.5328125
21 0.52578125 0.49921875 0.04921875 0.534375