0 0.634375 0.49140625 0.0453125 0.4390625
4 0.46640625 0.53203125 0.04921875 0.453125
11 0.521875 0.51484375 0.05078125 0.453125
2 0.840625 0.44921875 0.04765625 0.45390625
14 0.2015625 0.590625 0.05546875 0.44609375
3 0.78984375 0.46328125 0.05078125 0.45703125
7 0.8890625 0.43359375 0.04765625 0.47265625
1 0.73671875 0.46953125 0.0328125 0.4609375
7 0.946875 0.4203125 0.04609375 0.475
0 0.68359375 0.475 0.04765625 0.44921875
16 0.2609375 0.56953125 0.0625 0.453125
29 0.1328125 0.60625 0.0796875 0.46015625
1 0.4125 0.5390625 0.03359375 0.45
30 0.06328125 0.62265625 0.05703125 0.44375
22 0.578125 0.5015625 0.05625 0.45703125
4 0.365625 0.55703125 0.05 0.43671875
3 0.31953125 0.5609375 0.04609375 0.43984375