0 0.709375 0.46875 0.04921875 0.41015625
29 0.0921875 0.625 0.07265625 0.41796875
9 0.946875 0.40703125 0.04921875 0.42578125
8 0.53515625 0.5078125 0.04375 0.41640625
32 0.22109375 0.58515625 0.046875 0.41328125
9 0.8875 0.42734375 0.04609375 0.425
3 0.37109375 0.5546875 0.04453125 0.4171875
0 0.6546875 0.47890625 0.04921875 0.4125
32 0.2671875 0.578125 0.04140625 0.4078125
5 0.765625 0.44765625 0.04765625 0.43515625
8 0.16328125 0.60546875 0.04296875 0.40390625
4 0.82578125 0.4296875 0.05546875 0.43203125
30 0.0234375 0.6421875 0.046875 0.43125
12 0.42734375 0.53828125 0.05 0.4125
32 0.321875 0.56875 0.04609375 0.4125
32 0.48515625 0.51640625 0.04375 0.421875
16 0.5984375 0.48984375 0.05390625 0.409375