0 0.709375 0.46796875 0.0484375 0.40859375
9 0.8875 0.42578125 0.0453125 0.42265625
9 0.946875 0.40625 0.04765625 0.4265625
8 0.53515625 0.50546875 0.0421875 0.4171875
29 0.08828125 0.6171875 0.06875 0.415625
32 0.22109375 0.584375 0.0453125 0.4125
0 0.6546875 0.4796875 0.0484375 0.4125
3 0.37109375 0.5515625 0.04375 0.41875
8 0.16328125 0.60234375 0.04375 0.3890625
5 0.7640625 0.44765625 0.04609375 0.428125
32 0.2671875 0.57734375 0.040625 0.40859375
4 0.8265625 0.43125 0.05234375 0.4328125
12 0.42734375 0.534375 0.04921875 0.41796875
32 0.321875 0.56640625 0.04453125 0.415625
32 0.48203125 0.51484375 0.0421875 0.4265625
16 0.5984375 0.4875 0.0515625 0.41015625
30 0.02578125 0.625 0.04765625 0.41953125