12 0.23125 0.40625 0.0484375 0.4484375
6 0.95078125 0.66953125 0.0453125 0.465625
10 0.4421875 0.4828125 0.04609375 0.45
9 0.7765625 0.60390625 0.046875 0.45703125
24 0.61328125 0.5328125 0.04921875 0.4703125
6 0.721875 0.58125 0.0484375 0.44921875
4 0.83515625 0.6265625 0.04453125 0.4625
9 0.12265625 0.36484375 0.040625 0.44765625
4 0.17421875 0.3796875 0.04375 0.45625
9 0.8890625 0.6515625 0.0484375 0.46484375
11 0.4984375 0.4921875 0.04765625 0.4515625
5 0.33671875 0.4375 0.04375 0.465625
2 0.28125 0.4171875 0.04765625 0.453125
32 0.06796875 0.35390625 0.04609375 0.46015625
1 0.66640625 0.5484375 0.02734375 0.45859375
1 0.3890625 0.4609375 0.03125 0.44921875
22 0.5546875 0.50859375 0.0484375 0.45625