12 0.22578125 0.446875 0.05 0.48828125
3 0.9421875 0.6171875 0.046875 0.4875
9 0.88125 0.59921875 0.046875 0.490625
6 0.82265625 0.58984375 0.04921875 0.4921875
3 0.76796875 0.5734375 0.04375 0.4890625
32 0.06484375 0.403125 0.04921875 0.48984375
24 0.59765625 0.525 0.04765625 0.49453125
4 0.32890625 0.46953125 0.04453125 0.48984375
9 0.11484375 0.41328125 0.04453125 0.48125
11 0.43359375 0.48828125 0.04765625 0.49765625
4 0.1703125 0.42578125 0.04453125 0.48671875
1 0.38203125 0.47734375 0.0265625 0.48828125
2 0.275 0.453125 0.04609375 0.48828125
2 0.65703125 0.55234375 0.04453125 0.49765625
11 0.48984375 0.503125 0.0484375 0.49765625
4 0.71484375 0.5625 0.0484375 0.4890625
21 0.54296875 0.51640625 0.05625 0.4984375