0 0.78828125 0.41953125 0.05234375 0.3890625
8 0.83828125 0.4015625 0.05390625 0.38671875
4 0.3625 0.5953125 0.05390625 0.375
11 0.51328125 0.53125 0.06171875 0.39765625
0 0.68828125 0.46015625 0.0515625 0.3828125
20 0.57578125 0.5078125 0.05859375 0.39921875
12 0.6359375 0.4875 0.0625 0.38828125
29 0.12265625 0.6734375 0.09296875 0.4
30 0.05078125 0.6953125 0.06640625 0.38515625
14 0.1953125 0.64921875 0.0625 0.3890625
8 0.94453125 0.35859375 0.0609375 0.40078125
6 0.45859375 0.559375 0.0515625 0.3859375
0 0.7390625 0.44609375 0.0515625 0.37578125
11 0.3109375 0.6109375 0.0609375 0.39140625
1 0.88515625 0.38359375 0.0421875 0.40234375
1 0.41328125 0.57578125 0.03984375 0.378125
15 0.24453125 0.646875 0.053125 0.4171875