0 0.7890625 0.41953125 0.053125 0.39453125
20 0.57578125 0.5046875 0.059375 0.39609375
12 0.63671875 0.48671875 0.0625 0.39140625
4 0.36328125 0.58515625 0.05625 0.390625
11 0.5140625 0.53046875 0.0609375 0.39921875
0 0.68828125 0.46015625 0.05234375 0.38828125
29 0.12265625 0.67265625 0.09453125 0.4046875
8 0.8421875 0.40078125 0.05625 0.40546875
14 0.19609375 0.65546875 0.0640625 0.37734375
0 0.73984375 0.4453125 0.05234375 0.38515625
11 0.3109375 0.60859375 0.06328125 0.39765625
30 0.05234375 0.6953125 0.065625 0.39296875
1 0.88671875 0.3828125 0.04453125 0.40625
8 0.946875 0.3578125 0.06328125 0.40078125
1 0.41328125 0.57265625 0.03984375 0.39921875
6 0.459375 0.55625 0.053125 0.39375
15 0.2515625 0.63125 0.0625 0.40625