5 0.9125 0.6390625 0.04296875 0.4296875
4 0.35078125 0.46015625 0.04140625 0.40625
0 0.6875 0.5703125 0.0453125 0.4140625
10 0.23984375 0.42578125 0.046875 0.3984375
30 0.05078125 0.3578125 0.0453125 0.40390625
30 0.4671875 0.49375 0.05 0.42265625
22 0.30078125 0.44140625 0.05 0.40859375
22 0.5765625 0.53515625 0.0515625 0.40703125
22 0.40390625 0.48125 0.0484375 0.41640625
29 0.1171875 0.384375 0.06796875 0.41015625
6 0.80078125 0.60390625 0.046875 0.41875
17 0.6359375 0.54296875 0.04765625 0.42421875
8 0.184375 0.41015625 0.03984375 0.38984375
0 0.74375 0.58515625 0.04453125 0.41484375
0 0.5203125 0.51484375 0.0421875 0.4125
4 0.96875 0.65703125 0.046875 0.43203125
1 0.853125 0.621875 0.03359375 0.4203125