0 0.68671875 0.57421875 0.04453125 0.41015625
4 0.35 0.459375 0.0390625 0.40625
10 0.23984375 0.42578125 0.04609375 0.40234375
22 0.3015625 0.440625 0.0484375 0.41171875
8 0.184375 0.40546875 0.0375 0.38984375
29 0.1171875 0.378125 0.0703125 0.40859375
22 0.403125 0.48125 0.046875 0.415625
30 0.05 0.3578125 0.04453125 0.40390625
30 0.46640625 0.49375 0.04765625 0.42109375
6 0.80078125 0.609375 0.04453125 0.40390625
0 0.74296875 0.58828125 0.04140625 0.4109375
22 0.57578125 0.53671875 0.05 0.40703125
17 0.63359375 0.54609375 0.04296875 0.42109375
5 0.91171875 0.646875 0.0421875 0.415625
4 0.96953125 0.6671875 0.04765625 0.41171875
1 0.85234375 0.6328125 0.03203125 0.4078125
0 0.51953125 0.5171875 0.040625 0.4125