29 0.1234375 0.53125 0.08984375 0.36640625
0 0.75859375 0.52421875 0.0484375 0.33359375
3 0.80859375 0.53046875 0.0484375 0.334375
0 0.70859375 0.525 0.0484375 0.33828125
16 0.65625 0.51796875 0.05625 0.3546875
32 0.2609375 0.521875 0.04921875 0.38125
10 0.5953125 0.52421875 0.0546875 0.35703125
32 0.378125 0.51484375 0.04765625 0.38125
8 0.20546875 0.5265625 0.046875 0.3609375
1 0.8609375 0.5328125 0.03828125 0.3265625
0 0.9546875 0.52890625 0.0484375 0.33359375
32 0.32265625 0.52109375 0.05 0.396875
32 0.534375 0.51328125 0.05078125 0.36953125
30 0.04140625 0.546875 0.0546875 0.3578125
8 0.9015625 0.534375 0.04765625 0.3328125
20 0.47890625 0.528125 0.04375 0.36640625
7 0.43359375 0.521875 0.046875 0.3515625