29 0.12265625 0.53046875 0.08828125 0.365625
0 0.7578125 0.525 0.0484375 0.33046875
0 0.70859375 0.528125 0.0484375 0.328125
3 0.8078125 0.53359375 0.0484375 0.32890625
8 0.9015625 0.5328125 0.04765625 0.32890625
16 0.65546875 0.51875 0.05859375 0.35390625
32 0.2609375 0.5203125 0.05 0.38046875
0 0.9546875 0.528125 0.04921875 0.33203125
32 0.37890625 0.52109375 0.05078125 0.38671875
10 0.5953125 0.5234375 0.05625 0.3578125
32 0.32265625 0.5203125 0.05078125 0.39296875
1 0.8609375 0.53203125 0.0390625 0.325
32 0.534375 0.51171875 0.0515625 0.3703125
8 0.20546875 0.52578125 0.046875 0.3609375
30 0.0421875 0.5453125 0.05390625 0.36015625
20 0.475 0.5203125 0.0453125 0.365625
7 0.4359375 0.525 0.04375 0.3828125