10 0.45234375 0.5359375 0.046875 0.33359375
8 0.8015625 0.3484375 0.046875 0.3375
32 0.13828125 0.68828125 0.04921875 0.34453125
8 0.65234375 0.42578125 0.04921875 0.33671875
7 0.8953125 0.2953125 0.0421875 0.36015625
5 0.74921875 0.3703125 0.04921875 0.34921875
0 0.70078125 0.4 0.046875 0.334375
14 0.29765625 0.6109375 0.0515625 0.3375
4 0.4015625 0.56171875 0.04765625 0.33515625
16 0.19296875 0.66640625 0.0515625 0.34453125
10 0.603125 0.45703125 0.04375 0.33359375
15 0.246875 0.63828125 0.05 0.33359375
21 0.5546875 0.4796875 0.0515625 0.34453125
2 0.84921875 0.3296875 0.046875 0.3328125
30 0.08984375 0.71640625 0.05078125 0.34609375
0 0.346875 0.58046875 0.0515625 0.3484375
30 0.50234375 0.50546875 0.0578125 0.3484375