8 0.80234375 0.34921875 0.04609375 0.33515625
10 0.453125 0.53515625 0.05078125 0.33671875
8 0.65234375 0.425 0.05 0.33359375
5 0.75 0.37109375 0.04921875 0.34765625
0 0.70078125 0.40234375 0.046875 0.325
4 0.40078125 0.5609375 0.0515625 0.33671875
10 0.60390625 0.45546875 0.04453125 0.33125
2 0.85 0.33125 0.0484375 0.32578125
16 0.1953125 0.66484375 0.0546875 0.3453125
21 0.5578125 0.478125 0.05234375 0.34296875
30 0.0875 0.7140625 0.0484375 0.34453125
32 0.13671875 0.6890625 0.053125 0.3484375
7 0.89609375 0.29453125 0.03984375 0.35078125
0 0.34921875 0.58671875 0.053125 0.3359375
15 0.246875 0.64140625 0.0515625 0.33984375
14 0.29765625 0.60546875 0.0515625 0.309375
30 0.50234375 0.5125 0.06015625 0.334375