19 0.44609375 0.44921875 0.075 0.1484375
32 0.2921875 0.31484375 0.0734375 0.1484375
30 0.065625 0.13515625 0.08515625 0.17578125
32 0.3421875 0.35703125 0.07734375 0.14609375
16 0.6203125 0.5953125 0.07578125 0.1609375
32 0.24453125 0.28046875 0.07578125 0.153125
12 0.396875 0.40546875 0.0734375 0.14375
0 0.88046875 0.82109375 0.065625 0.140625
8 0.19453125 0.23515625 0.06796875 0.14140625
21 0.55859375 0.53984375 0.08671875 0.1546875
1 0.72421875 0.6796875 0.06328125 0.12734375
32 0.49921875 0.4890625 0.07734375 0.14921875
29 0.13203125 0.17265625 0.11015625 0.1828125
0 0.67265625 0.6390625 0.0671875 0.14453125
2 0.7703125 0.72734375 0.05625 0.12890625
2 0.82421875 0.76796875 0.05390625 0.1328125
9 0.93125 0.859375 0.05078125 0.13125