19 0.4453125 0.44921875 0.0734375 0.1515625
30 0.06484375 0.13515625 0.084375 0.17265625
32 0.290625 0.3140625 0.07890625 0.15078125
16 0.6203125 0.59609375 0.075 0.16171875
32 0.24375 0.2796875 0.075 0.15625
32 0.34140625 0.3578125 0.0765625 0.146875
12 0.39609375 0.40625 0.07265625 0.14765625
0 0.88046875 0.82265625 0.065625 0.1421875
8 0.19296875 0.23671875 0.075 0.14375
21 0.559375 0.540625 0.0859375 0.15703125
4 0.7234375 0.678125 0.0640625 0.13125
29 0.134375 0.175 0.1015625 0.18046875
32 0.49921875 0.4890625 0.078125 0.15
0 0.67265625 0.63828125 0.0671875 0.14765625
2 0.76875 0.73125 0.05703125 0.1359375
2 0.821875 0.7734375 0.05546875 0.134375
9 0.93046875 0.859375 0.05234375 0.1375