32 0.29296875 0.31484375 0.0734375 0.14765625
19 0.44609375 0.4484375 0.07421875 0.14609375
30 0.06484375 0.13125 0.0859375 0.17109375
16 0.6203125 0.596875 0.075 0.159375
32 0.34296875 0.35859375 0.078125 0.14453125
12 0.39765625 0.40546875 0.07265625 0.14140625
32 0.2453125 0.28046875 0.07265625 0.15546875
8 0.19296875 0.23671875 0.07578125 0.14140625
0 0.88046875 0.821875 0.065625 0.1421875
21 0.55859375 0.53828125 0.08671875 0.15234375
32 0.5 0.48828125 0.07734375 0.146875
4 0.7234375 0.6796875 0.0640625 0.1296875
0 0.67265625 0.63984375 0.06640625 0.14453125
29 0.134375 0.17421875 0.10625 0.17890625
2 0.7703125 0.7296875 0.05234375 0.14453125
2 0.82421875 0.77578125 0.05546875 0.1359375
9 0.93203125 0.86015625 0.05390625 0.12734375