13 0.2375 0.63046875 0.05546875 0.42109375
4 0.72734375 0.4125 0.05390625 0.38125
21 0.55625 0.4828125 0.06875 0.4015625
28 0.18359375 0.65859375 0.06328125 0.4328125
2 0.67578125 0.44609375 0.05625 0.39375
1 0.3859375 0.5578125 0.0328125 0.40625
11 0.30234375 0.60859375 0.05625 0.39921875
2 0.8734375 0.35390625 0.05078125 0.37109375
2 0.93203125 0.31640625 0.05859375 0.3640625
6 0.4953125 0.51171875 0.05390625 0.39765625
28 0.115625 0.684375 0.0609375 0.434375
11 0.43515625 0.534375 0.05546875 0.396875
1 0.34921875 0.5828125 0.03671875 0.41171875
1 0.8296875 0.37109375 0.03125 0.37578125
13 0.625 0.4625 0.05546875 0.3984375
20 0.0640625 0.71015625 0.05 0.42265625
6 0.7859375 0.39140625 0.053125 0.378125