13 0.23671875 0.628125 0.05546875 0.4046875
4 0.72734375 0.40703125 0.05546875 0.37421875
2 0.67578125 0.43984375 0.05625 0.38203125
1 0.3875 0.553125 0.034375 0.38671875
2 0.9296875 0.3234375 0.06171875 0.3609375
28 0.1828125 0.65234375 0.0609375 0.415625
28 0.1171875 0.68515625 0.06171875 0.41640625
20 0.065625 0.70625 0.0515625 0.4140625
21 0.5578125 0.478125 0.0703125 0.3875
11 0.30078125 0.5953125 0.05625 0.38515625
6 0.49609375 0.51640625 0.05390625 0.3734375
2 0.87109375 0.34609375 0.05546875 0.36796875
13 0.62421875 0.45703125 0.05546875 0.38359375
11 0.43671875 0.53359375 0.05390625 0.37890625
1 0.3484375 0.578125 0.03828125 0.39609375
6 0.7859375 0.38359375 0.0546875 0.3671875
1 0.8296875 0.36171875 0.0296875 0.37109375