8 0.8890625 0.73046875 0.04453125 0.34375
17 0.6125 0.58359375 0.0484375 0.334375
30 0.44765625 0.49375 0.046875 0.33828125
10 0.22734375 0.38671875 0.0453125 0.31953125
4 0.33828125 0.44296875 0.03828125 0.3234375
6 0.77578125 0.66875 0.04453125 0.33515625
29 0.1078125 0.32109375 0.06484375 0.33203125
30 0.04765625 0.28671875 0.0421875 0.32421875
5 0.9515625 0.759375 0.04375 0.3609375
0 0.721875 0.6390625 0.04375 0.3390625
8 0.17421875 0.35390625 0.03828125 0.3046875
22 0.3859375 0.4671875 0.04921875 0.3296875
0 0.66796875 0.6078125 0.040625 0.3328125
22 0.284375 0.41640625 0.04375 0.32890625
0 0.83515625 0.70078125 0.0421875 0.34765625
22 0.55546875 0.54453125 0.04609375 0.340625
7 0.4984375 0.5234375 0.04375 0.3421875