5 0.7609375 0.52578125 0.04921875 0.61484375
24 0.62109375 0.51953125 0.05390625 0.615625
23 0.23984375 0.5140625 0.05546875 0.62578125
11 0.3 0.515625 0.05390625 0.6265625
4 0.1875 0.5171875 0.05234375 0.62734375
8 0.35625 0.5140625 0.05625 0.6109375
0 0.675 0.52578125 0.05390625 0.6125
8 0.8171875 0.525 0.05078125 0.61484375
9 0.13125 0.51875 0.0546875 0.6328125
32 0.07734375 0.515625 0.053125 0.6484375
2 0.8703125 0.534375 0.053125 0.615625
1 0.4046875 0.51875 0.03125 0.6125
10 0.50625 0.51875 0.05625 0.61171875
3 0.9328125 0.53125 0.05234375 0.603125
22 0.56640625 0.51640625 0.05859375 0.61484375
4 0.4484375 0.5234375 0.05234375 0.609375
1 0.7203125 0.52421875 0.034375 0.6125