8 0.37265625 0.4953125 0.0453125 0.39140625
17 0.27421875 0.4671875 0.05703125 0.39765625
0 0.640625 0.553125 0.04765625 0.39375
5 0.32890625 0.48203125 0.04921875 0.396875
11 0.52421875 0.52421875 0.05546875 0.39609375
30 0.0796875 0.415625 0.059375 0.4171875
6 0.46875 0.51328125 0.05078125 0.396875
14 0.21796875 0.459375 0.0609375 0.396875
8 0.8328125 0.596875 0.04921875 0.396875
1 0.73203125 0.5765625 0.0375 0.3953125
4 0.87890625 0.6125 0.0515625 0.39375
1 0.4203125 0.49921875 0.03828125 0.39296875
0 0.6875 0.5671875 0.0484375 0.39609375
8 0.9359375 0.621875 0.05234375 0.39453125
1 0.78125 0.5859375 0.0375 0.3984375
29 0.14921875 0.43359375 0.07890625 0.421875
22 0.5875 0.5390625 0.06171875 0.409375