11 0.30078125 0.50703125 0.05390625 0.52734375
8 0.94375 0.5234375 0.05078125 0.47578125
21 0.57265625 0.51484375 0.06640625 0.50703125
13 0.63828125 0.5171875 0.05078125 0.5046875
6 0.89140625 0.52109375 0.0546875 0.49609375
13 0.23515625 0.49375 0.05625 0.5328125
11 0.45234375 0.50703125 0.053125 0.5140625
7 0.83515625 0.5171875 0.053125 0.51328125
2 0.690625 0.5203125 0.05234375 0.50625
28 0.17890625 0.4890625 0.06171875 0.54375
2 0.3546875 0.51484375 0.0578125 0.51796875
1 0.4078125 0.5125 0.03671875 0.51640625
8 0.50859375 0.51015625 0.05234375 0.50546875
0 0.746875 0.5234375 0.0515625 0.49921875
28 0.11640625 0.48515625 0.0609375 0.54453125
1 0.78984375 0.53125 0.03984375 0.5234375
20 0.06484375 0.46875 0.0578125 0.57578125