22 0.55625 0.50078125 0.04765625 0.4640625
23 0.24765625 0.5421875 0.05078125 0.4796875
4 0.196875 0.553125 0.0453125 0.475
8 0.74375 0.48125 0.04453125 0.46875
4 0.44921875 0.5140625 0.04609375 0.46171875
4 0.80078125 0.47890625 0.0484375 0.4703125
8 0.35625 0.52421875 0.046875 0.4671875
1 0.70078125 0.48515625 0.025 0.4609375
9 0.1453125 0.5625 0.0484375 0.465625
24 0.609375 0.4953125 0.053125 0.4734375
11 0.50234375 0.50546875 0.04921875 0.465625
1 0.40234375 0.525 0.028125 0.47109375
32 0.0875 0.5671875 0.05 0.48671875
0 0.66015625 0.4921875 0.046875 0.46640625
6 0.853125 0.4734375 0.04453125 0.4671875
11 0.3078125 0.53671875 0.046875 0.46953125
1 0.9 0.46171875 0.0328125 0.46875