8 0.74453125 0.48203125 0.04609375 0.47265625
23 0.2484375 0.54453125 0.0515625 0.4875
22 0.55703125 0.50546875 0.04765625 0.4734375
4 0.1984375 0.5546875 0.04765625 0.48203125
4 0.80078125 0.4796875 0.05 0.47421875
4 0.45 0.51796875 0.0484375 0.46875
8 0.35625 0.528125 0.04765625 0.475
24 0.61015625 0.4984375 0.053125 0.48125
11 0.503125 0.509375 0.05078125 0.475
9 0.14453125 0.565625 0.05078125 0.4734375
32 0.0921875 0.57265625 0.05 0.4921875
11 0.30859375 0.540625 0.04921875 0.47890625
0 0.6609375 0.490625 0.04765625 0.471875
1 0.7015625 0.48828125 0.0265625 0.4703125
1 0.40234375 0.52890625 0.028125 0.4765625
6 0.85390625 0.47578125 0.04609375 0.47421875
1 0.90078125 0.46640625 0.03203125 0.478125