13 0.22890625 0.64921875 0.05703125 0.36640625
8 0.84140625 0.35625 0.05078125 0.36640625
5 0.89609375 0.32265625 0.05390625 0.38671875
21 0.559375 0.49375 0.06953125 0.36640625
20 0.06796875 0.715625 0.0546875 0.38828125
2 0.34921875 0.60703125 0.0578125 0.35703125
26 0.1765625 0.6765625 0.0515625 0.39375
28 0.11796875 0.69921875 0.0625 0.38671875
2 0.678125 0.4484375 0.05859375 0.365625
13 0.6234375 0.46796875 0.05703125 0.3671875
1 0.39140625 0.5796875 0.03828125 0.35703125
11 0.43984375 0.55703125 0.053125 0.3640625
0 0.7328125 0.41015625 0.0515625 0.36171875
4 0.7875 0.3828125 0.05859375 0.3625
1 0.94765625 0.303125 0.0375 0.36875
13 0.2875 0.6375 0.0578125 0.3609375
6 0.4984375 0.53359375 0.05546875 0.3546875