20 0.0484375 0.5421875 0.05234375 0.57578125
11 0.30078125 0.53203125 0.0546875 0.5265625
13 0.23203125 0.525 0.0578125 0.53984375
28 0.10859375 0.53359375 0.06796875 0.565625
7 0.93671875 0.4796875 0.04609375 0.49375
26 0.17421875 0.53203125 0.04921875 0.55390625
2 0.79921875 0.48359375 0.0546875 0.4859375
9 0.8890625 0.47890625 0.04765625 0.4796875
21 0.57890625 0.496875 0.0640625 0.49921875
7 0.740625 0.4875 0.05 0.4984375
11 0.45859375 0.5140625 0.05078125 0.50234375
13 0.64609375 0.4921875 0.0515625 0.496875
1 0.8421875 0.4796875 0.0296875 0.48828125
1 0.4125 0.5234375 0.03359375 0.50703125
2 0.359375 0.53046875 0.059375 0.51953125
8 0.51484375 0.51015625 0.0515625 0.49296875
1 0.69453125 0.49765625 0.0328125 0.4859375