11 0.3 0.53125 0.05234375 0.50546875
20 0.0484375 0.540625 0.04765625 0.5609375
13 0.2328125 0.52578125 0.05546875 0.521875
21 0.5796875 0.49453125 0.06171875 0.471875
28 0.10859375 0.53359375 0.06484375 0.5421875
2 0.79921875 0.484375 0.05234375 0.46484375
26 0.17421875 0.53359375 0.0453125 0.5328125
9 0.88828125 0.4734375 0.0453125 0.4578125
7 0.93515625 0.465625 0.04296875 0.4640625
7 0.73515625 0.48125 0.04921875 0.4765625
11 0.4578125 0.50859375 0.05 0.48046875
2 0.35859375 0.53125 0.05625 0.49765625
1 0.4125 0.5234375 0.02890625 0.4875
1 0.8421875 0.48046875 0.028125 0.46796875
8 0.51640625 0.50234375 0.0484375 0.46796875
1 0.6953125 0.4953125 0.0265625 0.46171875
13 0.6453125 0.49921875 0.04609375 0.4828125