3 0.34296875 0.55078125 0.05234375 0.41328125
14 0.29296875 0.5640625 0.05390625 0.4171875
20 0.55625 0.48984375 0.0515625 0.41953125
1 0.72109375 0.453125 0.0375 0.42890625
0 0.396875 0.534375 0.0546875 0.4078125
2 0.94921875 0.40546875 0.05390625 0.41796875
18 0.61796875 0.48125 0.05234375 0.415625
7 0.7765625 0.4453125 0.05234375 0.43046875
11 0.18046875 0.590625 0.05703125 0.40546875
1 0.88671875 0.4203125 0.03359375 0.421875
20 0.0734375 0.62578125 0.05859375 0.41875
7 0.503125 0.503125 0.04921875 0.43046875
13 0.6703125 0.4640625 0.05078125 0.421875
6 0.83984375 0.428125 0.05390625 0.42734375
6 0.45234375 0.5171875 0.05234375 0.41484375
15 0.12421875 0.615625 0.05234375 0.41953125
16 0.2328125 0.58515625 0.05390625 0.41640625