3 0.94765625 0.60546875 0.04296875 0.4109375
29 0.125 0.4515625 0.071875 0.43984375
3 0.88671875 0.58984375 0.04140625 0.41953125
12 0.4109375 0.49921875 0.04140625 0.42265625
22 0.57109375 0.52421875 0.0484375 0.440625
32 0.24375 0.47578125 0.04140625 0.44375
0 0.73359375 0.5546875 0.0421875 0.4171875
16 0.6265625 0.53671875 0.0453125 0.4328125
8 0.1953125 0.47421875 0.03671875 0.42109375
0 0.6796875 0.55 0.0421875 0.4171875
32 0.303125 0.48515625 0.03828125 0.4265625
19 0.46171875 0.5 0.0421875 0.44140625
1 0.834375 0.58515625 0.028125 0.41171875
32 0.515625 0.5171875 0.0390625 0.43125
32 0.3546875 0.4890625 0.04296875 0.446875
30 0.05546875 0.43984375 0.04765625 0.4484375
9 0.7828125 0.5671875 0.04375 0.4140625