3 0.946875 0.60546875 0.04375 0.41015625
12 0.41015625 0.49921875 0.04453125 0.434375
29 0.125 0.45078125 0.07265625 0.43671875
3 0.890625 0.59140625 0.04296875 0.41953125
22 0.571875 0.52421875 0.0515625 0.44609375
19 0.4609375 0.496875 0.04375 0.45
0 0.68203125 0.546875 0.0390625 0.4265625
0 0.73359375 0.55859375 0.04296875 0.4203125
32 0.24375 0.47421875 0.04140625 0.44140625
16 0.6328125 0.534375 0.0453125 0.43359375
8 0.19609375 0.47265625 0.03671875 0.42109375
9 0.7828125 0.5671875 0.04375 0.4171875
1 0.834375 0.5875 0.0296875 0.41796875
32 0.2984375 0.478125 0.04140625 0.4265625
32 0.353125 0.4875 0.04453125 0.4328125
32 0.51484375 0.51484375 0.0453125 0.45
30 0.0546875 0.44375 0.046875 0.44375