5 0.81015625 0.4765625 0.053125 0.525
7 0.68359375 0.48203125 0.05390625 0.53359375
13 0.2078125 0.5203125 0.05078125 0.4953125
20 0.0515625 0.53984375 0.04453125 0.49453125
13 0.56796875 0.4984375 0.05390625 0.50703125
2 0.7453125 0.48203125 0.05625 0.5328125
21 0.49765625 0.49296875 0.06953125 0.515625
3 0.9359375 0.47109375 0.0515625 0.5171875
11 0.3953125 0.5046875 0.05 0.51015625
28 0.1015625 0.5359375 0.05234375 0.5046875
7 0.86953125 0.471875 0.05625 0.5375
11 0.2640625 0.51328125 0.04765625 0.49765625
1 0.346875 0.5109375 0.03359375 0.51015625
1 0.3125 0.5140625 0.03046875 0.509375
28 0.15546875 0.52578125 0.05234375 0.5015625
1 0.44453125 0.50859375 0.03515625 0.503125
0 0.6265625 0.49140625 0.05 0.521875