10 0.2421875 0.36875 0.0484375 0.27265625
17 0.45703125 0.484375 0.0453125 0.28515625
30 0.0578125 0.265625 0.04375 0.290625
0 0.7265625 0.65625 0.040625 0.2640625
8 0.1890625 0.33125 0.03828125 0.259375
7 0.95078125 0.7796875 0.04453125 0.28671875
22 0.40234375 0.4703125 0.05 0.27109375
12 0.30078125 0.4015625 0.04375 0.278125
9 0.83671875 0.725 0.040625 0.2703125
29 0.1234375 0.290625 0.06796875 0.29296875
2 0.34921875 0.43984375 0.040625 0.2703125
1 0.6703125 0.625 0.03125 0.27265625
5 0.8875 0.74140625 0.0421875 0.27578125
19 0.61875 0.58359375 0.04375 0.28671875
1 0.77890625 0.69765625 0.021875 0.278125
1 0.50859375 0.5265625 0.02421875 0.26875
22 0.56171875 0.56484375 0.046875 0.271875