21 0.57890625 0.4578125 0.06953125 0.425
20 0.05703125 0.653125 0.0609375 0.4609375
13 0.2359375 0.596875 0.06328125 0.44296875
11 0.46015625 0.51171875 0.0546875 0.428125
7 0.73359375 0.40703125 0.05 0.42109375
8 0.79375 0.3953125 0.0546875 0.39609375
2 0.3609375 0.5609375 0.06015625 0.42265625
11 0.30234375 0.5734375 0.05859375 0.43828125
0 0.94140625 0.34140625 0.0546875 0.4015625
28 0.1109375 0.63671875 0.0765625 0.45625
13 0.64453125 0.43828125 0.05703125 0.42109375
1 0.4125 0.5375 0.03359375 0.41171875
8 0.8875 0.3578125 0.0515625 0.40546875
26 0.17890625 0.6203125 0.059375 0.46015625
30 0.5140625 0.49140625 0.0609375 0.4296875
1 0.69140625 0.42421875 0.0296875 0.4203125
1 0.840625 0.37734375 0.0328125 0.3921875