21 0.57890625 0.4609375 0.071875 0.4375
20 0.0578125 0.65546875 0.06328125 0.46640625
13 0.23671875 0.596875 0.0640625 0.4484375
11 0.45703125 0.5109375 0.05546875 0.4359375
7 0.734375 0.4078125 0.0515625 0.42890625
11 0.3046875 0.57421875 0.0578125 0.4296875
1 0.4125 0.53671875 0.03359375 0.4109375
13 0.64609375 0.45 0.05625 0.421875
28 0.1109375 0.63828125 0.07890625 0.46015625
0 0.9421875 0.340625 0.05625 0.40859375
8 0.79453125 0.39453125 0.05546875 0.40390625
2 0.36171875 0.559375 0.06171875 0.42265625
26 0.17890625 0.621875 0.0609375 0.46328125
30 0.51328125 0.4921875 0.06328125 0.4390625
8 0.88203125 0.35703125 0.05390625 0.41328125
1 0.69296875 0.42890625 0.03515625 0.4265625
1 0.840625 0.37734375 0.03515625 0.3984375