20 0.05703125 0.65390625 0.06328125 0.46484375
21 0.578125 0.4609375 0.071875 0.4390625
13 0.2359375 0.596875 0.06484375 0.45078125
11 0.45703125 0.5109375 0.0546875 0.43671875
13 0.64609375 0.44921875 0.05703125 0.4234375
7 0.734375 0.40859375 0.0515625 0.42890625
1 0.4125 0.5359375 0.0328125 0.415625
11 0.30234375 0.5734375 0.06015625 0.44453125
28 0.11171875 0.63671875 0.07890625 0.4625
8 0.79453125 0.3953125 0.05546875 0.40390625
0 0.9421875 0.34140625 0.05546875 0.40625
2 0.36171875 0.55859375 0.0609375 0.42578125
8 0.8875 0.3578125 0.0515625 0.4109375
26 0.17890625 0.62109375 0.06015625 0.465625
30 0.51328125 0.49140625 0.0625 0.44140625
1 0.6921875 0.4296875 0.034375 0.42734375
1 0.840625 0.37734375 0.034375 0.39765625