5 0.5953125 0.52578125 0.0515625 0.43984375
7 0.921875 0.471875 0.053125 0.49140625
6 0.75234375 0.5015625 0.059375 0.465625
8 0.8625 0.48125 0.0578125 0.47890625
21 0.28203125 0.58046875 0.0546875 0.47734375
26 0.121875 0.59140625 0.046875 0.4765625
1 0.80859375 0.49453125 0.03203125 0.4703125
18 0.1796875 0.590625 0.06484375 0.4671875
18 0.23046875 0.59453125 0.053125 0.46328125
30 0.4359375 0.5609375 0.05703125 0.48359375
0 0.65 0.51796875 0.05390625 0.44375
1 0.7 0.51484375 0.03203125 0.45625
0 0.5453125 0.53125 0.046875 0.4375
18 0.07421875 0.5921875 0.065625 0.46640625
7 0.334375 0.571875 0.04765625 0.46796875
15 0.38359375 0.55078125 0.05390625 0.471875
2 0.48984375 0.5390625 0.0578125 0.46796875