11 0.28203125 0.46171875 0.053125 0.4
20 0.0578125 0.38359375 0.0484375 0.41640625
28 0.11015625 0.3953125 0.06015625 0.42890625
4 0.49453125 0.53984375 0.05625 0.43828125
28 0.1734375 0.4140625 0.05703125 0.42890625
13 0.22890625 0.4375 0.05390625 0.41171875
2 0.784375 0.61484375 0.0609375 0.390625
13 0.6234375 0.57421875 0.06484375 0.4140625
1 0.88984375 0.63984375 0.040625 0.3875
1 0.6734375 0.578125 0.03671875 0.38984375
9 0.94453125 0.65234375 0.0515625 0.384375
8 0.7234375 0.59375 0.0546875 0.38515625
11 0.43828125 0.51015625 0.05234375 0.41171875
1 0.3875 0.49765625 0.03515625 0.39375
2 0.3421875 0.48359375 0.05546875 0.39921875
6 0.84140625 0.62734375 0.05078125 0.3828125
21 0.55390625 0.55546875 0.0671875 0.42109375