11 0.29921875 0.53046875 0.05625 0.54765625
21 0.59609375 0.4953125 0.06484375 0.5265625
20 0.04921875 0.5546875 0.053125 0.59609375
13 0.23125 0.5296875 0.0578125 0.565625
4 0.85078125 0.4671875 0.04921875 0.49921875
28 0.17265625 0.53828125 0.0609375 0.58515625
0 0.74296875 0.48125 0.04765625 0.503125
28 0.103125 0.54296875 0.06484375 0.5875
1 0.70078125 0.48359375 0.03046875 0.51015625
30 0.53046875 0.5 0.0578125 0.53671875
11 0.47890625 0.50703125 0.0484375 0.5328125
2 0.95390625 0.4625 0.046875 0.49765625
9 0.9015625 0.46640625 0.04453125 0.5
9 0.80234375 0.47734375 0.046875 0.5015625
4 0.41875 0.52109375 0.05390625 0.5453125
2 0.35859375 0.52890625 0.06171875 0.540625
13 0.66015625 0.4859375 0.046875 0.51171875