4 0.840625 0.5796875 0.05703125 0.50703125
1 0.74140625 0.55859375 0.04140625 0.49375
10 0.35625 0.4625 0.0640625 0.5046875
1 0.46953125 0.49296875 0.046875 0.51015625
2 0.79140625 0.578125 0.05703125 0.50078125
3 0.640625 0.5234375 0.05859375 0.50703125
9 0.890625 0.59453125 0.0515625 0.49375
2 0.52109375 0.50625 0.0625 0.5078125
14 0.24296875 0.43515625 0.065625 0.52109375
11 0.303125 0.44765625 0.06171875 0.515625
0 0.690625 0.54453125 0.05390625 0.50546875
2 0.94375 0.60078125 0.06171875 0.49375
22 0.18359375 0.42265625 0.075 0.52265625
25 0.06875 0.3734375 0.05703125 0.5140625
18 0.12421875 0.4015625 0.0515625 0.51015625
19 0.4203125 0.48203125 0.05859375 0.503125
27 0.5796875 0.52265625 0.0609375 0.49140625