4 0.84140625 0.58125 0.06015625 0.496875
10 0.35625 0.4640625 0.0671875 0.50078125
1 0.46953125 0.49140625 0.05 0.51015625
1 0.740625 0.56171875 0.04375 0.4859375
14 0.2421875 0.4359375 0.06796875 0.51640625
2 0.5203125 0.50546875 0.06640625 0.50703125
2 0.790625 0.58125 0.0609375 0.48828125
9 0.890625 0.5953125 0.05546875 0.4875
3 0.640625 0.5265625 0.06328125 0.50078125
0 0.690625 0.5484375 0.05625 0.49765625
11 0.30234375 0.4484375 0.06484375 0.509375
2 0.94296875 0.60859375 0.0640625 0.484375
19 0.41796875 0.47265625 0.06171875 0.50546875
22 0.184375 0.4234375 0.078125 0.51953125
25 0.071875 0.38828125 0.05390625 0.4984375
18 0.12265625 0.4078125 0.05078125 0.49140625
27 0.58046875 0.5203125 0.0609375 0.51015625