24 0.58125 0.48671875 0.05078125 0.59765625
8 0.31328125 0.51015625 0.04609375 0.57734375
32 0.053125 0.5390625 0.04453125 0.6125
11 0.4734375 0.49453125 0.05234375 0.59609375
2 0.6984375 0.484375 0.05234375 0.621875
11 0.2546875 0.515625 0.04609375 0.58515625
7 0.75 0.47890625 0.04765625 0.6390625
22 0.5265625 0.490625 0.05 0.60546875
4 0.4171875 0.50390625 0.04609375 0.58984375
9 0.1 0.5359375 0.04375 0.58828125
4 0.15703125 0.5265625 0.04453125 0.58125
4 0.8734375 0.46328125 0.05 0.64375
23 0.20390625 0.51953125 0.0453125 0.58046875
7 0.81328125 0.47265625 0.04765625 0.640625
6 0.93515625 0.46953125 0.05078125 0.62265625
0 0.64140625 0.4890625 0.05078125 0.60546875
1 0.365625 0.50859375 0.03046875 0.5859375