24 0.58125 0.48984375 0.05078125 0.603125
8 0.31328125 0.5109375 0.0453125 0.57734375
11 0.47421875 0.49921875 0.05 0.5984375
32 0.05234375 0.53984375 0.0453125 0.615625
11 0.2546875 0.51640625 0.04765625 0.58671875
2 0.69765625 0.4859375 0.05234375 0.6234375
7 0.7515625 0.47265625 0.05 0.62578125
22 0.52734375 0.49296875 0.05078125 0.609375
9 0.1 0.5375 0.04453125 0.590625
4 0.15703125 0.528125 0.04375 0.58359375
4 0.41796875 0.50546875 0.046875 0.58984375
6 0.93515625 0.471875 0.05078125 0.62578125
23 0.20390625 0.5203125 0.04453125 0.58125
4 0.87421875 0.46484375 0.05 0.6484375
7 0.81328125 0.475 0.04765625 0.6421875
1 0.365625 0.50859375 0.0296875 0.5859375
0 0.64140625 0.4875 0.0515625 0.6140625