24 0.58125 0.48828125 0.05 0.60703125
8 0.3140625 0.509375 0.046875 0.58046875
11 0.4734375 0.49296875 0.053125 0.59921875
22 0.52734375 0.49140625 0.0515625 0.603125
32 0.053125 0.53984375 0.0453125 0.6125
7 0.7515625 0.4703125 0.0515625 0.628125
11 0.25390625 0.51328125 0.04921875 0.5875
2 0.69765625 0.48359375 0.0515625 0.62734375
9 0.1 0.5359375 0.04453125 0.5875
4 0.4171875 0.5015625 0.04765625 0.5953125
4 0.15703125 0.52734375 0.04453125 0.58125
23 0.20390625 0.51875 0.04609375 0.58203125
0 0.64140625 0.4890625 0.0515625 0.61015625
7 0.81328125 0.47265625 0.0484375 0.64375
4 0.87421875 0.46328125 0.0515625 0.6453125
6 0.93515625 0.46953125 0.05234375 0.6234375
1 0.36640625 0.50625 0.03046875 0.59375