8 0.80390625 0.4453125 0.040625 0.521875
8 0.55234375 0.48359375 0.04375 0.5234375
30 0.0671875 0.58828125 0.0578125 0.5703125
29 0.15 0.5828125 0.0765625 0.5734375
0 0.703125 0.46015625 0.04296875 0.52265625
0 0.89453125 0.44609375 0.04296875 0.53203125
4 0.33828125 0.54765625 0.0453125 0.56640625
1 0.84765625 0.4421875 0.03125 0.5234375
0 0.6 0.4890625 0.03984375 0.53515625
3 0.75625 0.44765625 0.0421875 0.534375
5 0.95 0.4375 0.04296875 0.534375
25 0.65234375 0.4671875 0.05 0.52265625
7 0.228125 0.5734375 0.04609375 0.559375
24 0.278125 0.5484375 0.04453125 0.55234375
3 0.3859375 0.5453125 0.04375 0.57265625
15 0.43515625 0.51328125 0.03984375 0.6078125
28 0.49296875 0.4859375 0.05625 0.53828125