8 0.8046875 0.4453125 0.040625 0.51953125
8 0.55234375 0.484375 0.04375 0.52265625
29 0.15 0.58359375 0.0796875 0.571875
0 0.703125 0.46015625 0.0421875 0.52109375
30 0.07109375 0.59375 0.05703125 0.5640625
0 0.89375 0.44609375 0.0421875 0.53125
1 0.84765625 0.44296875 0.03046875 0.521875
4 0.33828125 0.546875 0.0453125 0.56484375
5 0.94921875 0.440625 0.04375 0.52734375
3 0.75546875 0.44765625 0.0421875 0.5328125
0 0.6 0.4828125 0.03984375 0.53203125
25 0.65234375 0.46796875 0.05 0.5203125
7 0.22734375 0.57265625 0.046875 0.5609375
3 0.38828125 0.5375 0.04140625 0.56484375
24 0.28046875 0.56953125 0.05 0.55
15 0.43671875 0.53828125 0.04140625 0.58671875
28 0.490625 0.503125 0.05859375 0.58671875