32 0.05625 0.659375 0.04375 0.44765625
3 0.6390625 0.44921875 0.04609375 0.43203125
11 0.475 0.5046875 0.046875 0.4390625
19 0.21015625 0.6078125 0.04765625 0.43359375
4 0.16015625 0.61796875 0.0421875 0.43125
24 0.58125 0.46015625 0.05 0.43515625
4 0.315625 0.56640625 0.04375 0.43671875
2 0.2640625 0.59140625 0.0453125 0.434375
9 0.1046875 0.6390625 0.04296875 0.4296875
1 0.36640625 0.54453125 0.034375 0.42421875
12 0.4203125 0.5234375 0.04765625 0.4234375
22 0.525 0.48046875 0.04921875 0.43984375
1 0.6921875 0.4265625 0.03203125 0.43984375
2 0.865625 0.37734375 0.05078125 0.44453125
2 0.921875 0.359375 0.05234375 0.4609375
2 0.74765625 0.415625 0.05078125 0.440625
1 0.809375 0.4 0.034375 0.4359375