8 0.78125 0.484375 0.05 0.66875
0 0.73125 0.4921875 0.04453125 0.6734375
4 0.125 0.52421875 0.05703125 0.67890625
1 0.8296875 0.49296875 0.03515625 0.6796875
6 0.92734375 0.4734375 0.053125 0.690625
21 0.565625 0.49921875 0.065625 0.67421875
6 0.50234375 0.4984375 0.05390625 0.67421875
8 0.2359375 0.51640625 0.046875 0.6671875
2 0.3875 0.50703125 0.05 0.66640625
2 0.87734375 0.484375 0.04921875 0.678125
11 0.62890625 0.49140625 0.05390625 0.684375
13 0.44375 0.51015625 0.0546875 0.68828125
19 0.184375 0.51875 0.05859375 0.6765625
6 0.340625 0.51171875 0.0484375 0.66953125
3 0.68125 0.4921875 0.04921875 0.66953125
7 0.28359375 0.53046875 0.04921875 0.684375
31 0.06953125 0.50546875 0.06015625 0.684375