10 0.21328125 0.34921875 0.06171875 0.28515625
20 0.0578125 0.2609375 0.0625 0.28359375
5 0.8859375 0.71796875 0.06953125 0.29765625
5 0.7640625 0.65078125 0.06328125 0.30078125
12 0.5953125 0.56015625 0.06640625 0.28359375
21 0.534375 0.534375 0.075 0.2875
5 0.26484375 0.3796875 0.05546875 0.27421875
1 0.65 0.596875 0.05234375 0.28203125
1 0.825 0.6859375 0.0515625 0.296875
3 0.32109375 0.40859375 0.0625 0.27109375
4 0.4859375 0.50390625 0.06015625 0.2890625
0 0.70625 0.6234375 0.065625 0.2875
9 0.4296875 0.46953125 0.0625 0.2734375
8 0.9484375 0.75546875 0.07421875 0.278125
23 0.3734375 0.44296875 0.0578125 0.28046875
28 0.109375 0.2953125 0.05546875 0.23515625
32 0.16484375 0.32109375 0.059375 0.240625