12 0.39609375 0.4625 0.04921875 0.315625
4 0.90546875 0.684375 0.04296875 0.30234375
2 0.85078125 0.66640625 0.04609375 0.30625
8 0.18046875 0.36875 0.03828125 0.29921875
0 0.68671875 0.59140625 0.04609375 0.31328125
32 0.503125 0.51328125 0.04453125 0.3296875
32 0.28828125 0.42265625 0.04609375 0.309375
19 0.44921875 0.4859375 0.04296875 0.31953125
32 0.340625 0.44296875 0.04453125 0.31796875
8 0.8 0.63828125 0.04453125 0.3046875
4 0.7421875 0.621875 0.0453125 0.28828125
16 0.63515625 0.56640625 0.05078125 0.32578125
7 0.96328125 0.7078125 0.0453125 0.3046875
21 0.56796875 0.53984375 0.0625 0.32109375
32 0.23203125 0.38671875 0.0453125 0.30859375
29 0.1140625 0.325 0.06875 0.2796875
30 0.04453125 0.29921875 0.05078125 0.3015625