9 0.8859375 0.5609375 0.04765625 0.45078125
0 0.790625 0.5484375 0.05078125 0.45078125
30 0.1671875 0.453125 0.05859375 0.4734375
30 0.51796875 0.50703125 0.0546875 0.46484375
1 0.734375 0.5328125 0.03828125 0.4609375
0 0.8390625 0.553125 0.0453125 0.44609375
21 0.57734375 0.51171875 0.06171875 0.46796875
7 0.30234375 0.4765625 0.0484375 0.4609375
0 0.6890625 0.534375 0.046875 0.45078125
10 0.353125 0.4796875 0.0515625 0.45703125
20 0.21875 0.4625 0.03828125 0.4515625
6 0.9421875 0.56796875 0.046875 0.459375
11 0.40625 0.49140625 0.05078125 0.446875
21 0.10625 0.440625 0.06640625 0.4765625
18 0.25625 0.45859375 0.03671875 0.48515625
16 0.459375 0.49375 0.05390625 0.4671875
19 0.63828125 0.51796875 0.05 0.45390625