9 0.88515625 0.559375 0.04921875 0.44765625
0 0.790625 0.5484375 0.053125 0.4515625
30 0.5171875 0.50703125 0.05625 0.4640625
30 0.16640625 0.45859375 0.05859375 0.46796875
10 0.35234375 0.48046875 0.053125 0.45625
0 0.83828125 0.55703125 0.04765625 0.4484375
1 0.73515625 0.53203125 0.040625 0.46171875
7 0.303125 0.47734375 0.05 0.459375
0 0.6890625 0.534375 0.0484375 0.45234375
21 0.578125 0.5140625 0.06328125 0.46875
20 0.25625 0.47265625 0.046875 0.4546875
20 0.22109375 0.4640625 0.05 0.45703125
21 0.1015625 0.44375 0.06953125 0.475
11 0.40546875 0.49609375 0.053125 0.45390625
16 0.46171875 0.50078125 0.0640625 0.46328125
19 0.640625 0.5203125 0.05625 0.49375
6 0.9390625 0.57734375 0.05390625 0.4765625