20 0.55390625 0.5328125 0.04609375 0.4421875
11 0.18125 0.46875 0.05703125 0.4390625
8 0.88828125 0.6015625 0.0484375 0.42421875
1 0.7234375 0.56640625 0.03359375 0.44375
7 0.94296875 0.6125 0.05 0.4234375
3 0.34375 0.490625 0.0515625 0.434375
6 0.4515625 0.509375 0.05390625 0.43984375
0 0.396875 0.50625 0.053125 0.43359375
14 0.2921875 0.484375 0.053125 0.440625
8 0.8328125 0.5921875 0.0484375 0.4265625
20 0.06640625 0.4421875 0.06640625 0.45390625
15 0.12421875 0.45703125 0.0546875 0.44921875
18 0.61640625 0.55234375 0.0546875 0.43671875
2 0.77578125 0.57890625 0.05078125 0.43828125
30 0.5046875 0.52265625 0.0546875 0.44765625
16 0.2328125 0.4734375 0.05234375 0.4421875
13 0.66953125 0.56015625 0.05 0.4421875