17 0.6421875 0.5640625 0.04609375 0.48046875
9 0.52734375 0.54609375 0.03671875 0.48125
22 0.58359375 0.55546875 0.04296875 0.49140625
12 0.30625 0.48671875 0.04921875 0.49296875
5 0.95546875 0.63984375 0.03828125 0.48046875
30 0.0609375 0.41015625 0.04921875 0.5125
2 0.69375 0.58515625 0.03984375 0.47109375
2 0.89921875 0.625 0.03984375 0.47265625
0 0.74140625 0.6 0.040625 0.47578125
8 0.2015625 0.45390625 0.0390625 0.4765625
4 0.3609375 0.50546875 0.04609375 0.4921875
2 0.80078125 0.60546875 0.0390625 0.46953125
29 0.1328125 0.4359375 0.071875 0.50703125
22 0.41875 0.51484375 0.04609375 0.4890625
5 0.8484375 0.60859375 0.0390625 0.4765625
27 0.475 0.52578125 0.04453125 0.48671875
18 0.25078125 0.47109375 0.040625 0.5171875