9 0.528125 0.54375 0.03515625 0.4765625
17 0.64296875 0.5625 0.04375 0.478125
12 0.31015625 0.49140625 0.04765625 0.48046875
5 0.95546875 0.6375 0.0375 0.4796875
22 0.58515625 0.5546875 0.04296875 0.4875
2 0.69375 0.58359375 0.03984375 0.46953125
30 0.0609375 0.40703125 0.04765625 0.51484375
0 0.74140625 0.60078125 0.040625 0.4734375
2 0.89921875 0.6234375 0.0390625 0.47265625
2 0.80078125 0.60546875 0.0390625 0.46640625
4 0.36171875 0.50390625 0.0453125 0.48671875
8 0.20234375 0.45703125 0.0390625 0.4734375
29 0.1328125 0.43359375 0.07109375 0.50625
27 0.47578125 0.525 0.0453125 0.4859375
5 0.8484375 0.60859375 0.03828125 0.4734375
22 0.41796875 0.528125 0.05078125 0.47890625
18 0.2546875 0.46328125 0.0421875 0.446875