17 0.6421875 0.56171875 0.0453125 0.4828125
12 0.309375 0.48984375 0.0453125 0.490625
9 0.528125 0.54375 0.0359375 0.48203125
5 0.94921875 0.6359375 0.03828125 0.4828125
22 0.584375 0.55390625 0.0421875 0.49140625
0 0.74140625 0.60078125 0.040625 0.47421875
2 0.69296875 0.58359375 0.040625 0.47421875
30 0.0609375 0.40546875 0.04765625 0.51796875
2 0.89921875 0.6234375 0.03984375 0.47421875
4 0.3609375 0.5046875 0.04609375 0.49375
2 0.80078125 0.60625 0.0390625 0.4671875
8 0.20234375 0.45703125 0.03984375 0.4765625
5 0.84921875 0.60859375 0.0390625 0.4765625
29 0.1328125 0.43359375 0.07109375 0.50859375
27 0.47578125 0.5203125 0.0453125 0.46328125
22 0.41796875 0.50625 0.04296875 0.48984375
18 0.253125 0.4578125 0.0390625 0.47890625