20 0.08515625 0.33359375 0.05703125 0.3921875
8 0.8265625 0.65078125 0.05546875 0.37890625
8 0.878125 0.675 0.06015625 0.378125
1 0.71953125 0.60859375 0.040625 0.38203125
20 0.5578125 0.53515625 0.0453125 0.39375
0 0.39609375 0.46015625 0.05234375 0.39375
15 0.13671875 0.3515625 0.0546875 0.4
6 0.453125 0.4828125 0.053125 0.3984375
3 0.346875 0.434375 0.05234375 0.38828125
2 0.7703125 0.6359375 0.05 0.3828125
16 0.24453125 0.39140625 0.05078125 0.390625
13 0.66328125 0.58046875 0.0546875 0.3875
14 0.2953125 0.42109375 0.05234375 0.3890625
11 0.18984375 0.3625 0.053125 0.4
30 0.503125 0.5171875 0.0546875 0.43359375
18 0.6109375 0.5625 0.0578125 0.43671875
7 0.934375 0.69609375 0.05078125 0.3671875