13 0.23671875 0.509375 0.05546875 0.56328125
11 0.29375 0.51953125 0.05234375 0.55078125
11 0.4515625 0.503125 0.0515625 0.52578125
4 0.88203125 0.5140625 0.046875 0.51328125
4 0.73203125 0.51640625 0.0515625 0.515625
2 0.68359375 0.5203125 0.05390625 0.51015625
0 0.83671875 0.521875 0.04453125 0.5015625
5 0.9375 0.5140625 0.05 0.50546875
6 0.78984375 0.5203125 0.05390625 0.5046875
28 0.18125 0.51015625 0.0578125 0.57578125
13 0.63125 0.5125 0.05078125 0.51015625
6 0.5078125 0.50703125 0.053125 0.52109375
28 0.11484375 0.5078125 0.0625 0.58515625
1 0.4078125 0.51171875 0.03671875 0.52890625
2 0.35625 0.51953125 0.05546875 0.54140625
20 0.06484375 0.50390625 0.053125 0.6015625
21 0.56875 0.50859375 0.0625 0.5140625