2 0.3609375 0.55234375 0.0421875 0.521875
10 0.25234375 0.553125 0.04921875 0.534375
8 0.19921875 0.55234375 0.0390625 0.5109375
12 0.3140625 0.553125 0.04765625 0.51875
17 0.46875 0.54375 0.04453125 0.52890625
8 0.9453125 0.53828125 0.04375 0.521875
22 0.57109375 0.53515625 0.04765625 0.534375
30 0.0640625 0.56171875 0.0484375 0.5203125
0 0.8359375 0.54140625 0.04296875 0.53125
4 0.88515625 0.540625 0.046875 0.53203125
0 0.73203125 0.53984375 0.03984375 0.53046875
29 0.1296875 0.55703125 0.06640625 0.52890625
22 0.41328125 0.54765625 0.0484375 0.52265625
5 0.5171875 0.54296875 0.040625 0.5265625
1 0.67734375 0.53515625 0.02890625 0.5484375
7 0.7796875 0.53671875 0.03984375 0.53125
19 0.6265625 0.54609375 0.04375 0.56796875