10 0.253125 0.55703125 0.04765625 0.546875
2 0.36171875 0.55625 0.04140625 0.5375
8 0.2 0.55390625 0.03984375 0.52265625
4 0.88515625 0.5390625 0.046875 0.54140625
22 0.57265625 0.54296875 0.04765625 0.540625
0 0.83515625 0.540625 0.04140625 0.54375
1 0.6765625 0.5390625 0.03046875 0.5609375
5 0.5171875 0.546875 0.03984375 0.5359375
12 0.31328125 0.55703125 0.046875 0.5359375
0 0.728125 0.5453125 0.03984375 0.54375
17 0.46796875 0.5484375 0.04453125 0.53984375
30 0.06328125 0.56015625 0.0484375 0.5296875
8 0.940625 0.53828125 0.04296875 0.52265625
29 0.13359375 0.54921875 0.06796875 0.5109375
22 0.41484375 0.55546875 0.0515625 0.56171875
19 0.6234375 0.55234375 0.04453125 0.56796875
7 0.78046875 0.54296875 0.04296875 0.56171875