11 0.26015625 0.421875 0.05078125 0.35625
21 0.534375 0.54765625 0.06875 0.37734375
7 0.47265625 0.51171875 0.0515625 0.37421875
3 0.828125 0.66640625 0.04765625 0.375
13 0.603125 0.57578125 0.05390625 0.36875
2 0.659375 0.60859375 0.05078125 0.35625
13 0.2046875 0.4078125 0.053125 0.35546875
7 0.88515625 0.69375 0.05234375 0.378125
2 0.31875 0.446875 0.05 0.3609375
1 0.365625 0.4703125 0.03125 0.36484375
0 0.71875 0.6234375 0.04921875 0.35546875
4 0.7734375 0.6546875 0.05078125 0.365625
26 0.1515625 0.37734375 0.04453125 0.36875
7 0.95078125 0.71875 0.0484375 0.36953125
11 0.41015625 0.48515625 0.04609375 0.36484375
20 0.0453125 0.34296875 0.03828125 0.35
28 0.1 0.353125 0.0578125 0.3359375