21 0.53515625 0.54921875 0.06796875 0.371875
7 0.8890625 0.69296875 0.05 0.37421875
7 0.47109375 0.515625 0.05078125 0.3828125
13 0.60234375 0.57421875 0.05234375 0.36875
2 0.31796875 0.45 0.05 0.35546875
2 0.66015625 0.60703125 0.04921875 0.34921875
11 0.259375 0.42421875 0.05 0.35859375
28 0.09375 0.353125 0.0546875 0.359375
13 0.2046875 0.40546875 0.05 0.35859375
3 0.828125 0.6671875 0.04609375 0.36875
1 0.365625 0.4734375 0.03046875 0.3484375
26 0.1546875 0.378125 0.04375 0.36875
11 0.41328125 0.48828125 0.046875 0.359375
0 0.71796875 0.625 0.04609375 0.34921875
7 0.95 0.71796875 0.04921875 0.3625
20 0.046875 0.34296875 0.03984375 0.34765625
4 0.7734375 0.65625 0.0515625 0.35625