20 0.2328125 0.4578125 0.0453125 0.43984375
29 0.11640625 0.4390625 0.078125 0.45625
2 0.9375 0.58984375 0.0515625 0.46171875
21 0.5515625 0.5109375 0.065625 0.45
4 0.82265625 0.56640625 0.04921875 0.4640625
0 0.7171875 0.55 0.05078125 0.43671875
11 0.4296875 0.48984375 0.05546875 0.43984375
30 0.05625 0.43125 0.0546875 0.4609375
0 0.615625 0.52578125 0.05 0.43203125
2 0.76875 0.55546875 0.04921875 0.4453125
2 0.875 0.58125 0.05078125 0.4625
1 0.375 0.48046875 0.034375 0.44609375
4 0.33203125 0.47578125 0.046875 0.43671875
11 0.4890625 0.49375 0.0515625 0.446875
0 0.66484375 0.528125 0.046875 0.4296875
14 0.1828125 0.45078125 0.05234375 0.44140625
22 0.278125 0.4546875 0.06171875 0.44375