24 0.575 0.5046875 0.0546875 0.5203125
5 0.74921875 0.5375 0.0515625 0.54921875
6 0.87734375 0.56484375 0.05234375 0.5609375
2 0.2484375 0.44453125 0.04453125 0.49453125
9 0.09921875 0.4125 0.04453125 0.46875
10 0.40703125 0.46953125 0.0453125 0.496875
4 0.153125 0.42734375 0.04296875 0.475
11 0.4640625 0.47421875 0.04921875 0.50546875
12 0.20078125 0.4234375 0.0421875 0.48984375
32 0.05390625 0.4 0.04140625 0.47578125
4 0.303125 0.45078125 0.0484375 0.49296875
1 0.81796875 0.553125 0.034375 0.546875
2 0.63515625 0.5125 0.05078125 0.52734375
4 0.69296875 0.53046875 0.04609375 0.53671875
7 0.95 0.56953125 0.0484375 0.55546875
1 0.35390625 0.46015625 0.025 0.46484375
21 0.515625 0.4875 0.05625 0.51875