5 0.86328125 0.49765625 0.04375 0.4515625
0 0.70703125 0.48984375 0.0453125 0.434375
29 0.12421875 0.5015625 0.0765625 0.4890625
32 0.2546875 0.49296875 0.046875 0.47890625
32 0.37265625 0.48828125 0.04609375 0.48671875
8 0.96875 0.5015625 0.046875 0.4265625
7 0.8125 0.49609375 0.040625 0.45546875
11 0.59140625 0.478125 0.04765625 0.45625
32 0.3171875 0.4921875 0.04765625 0.48359375
8 0.2 0.4984375 0.04296875 0.465625
0 0.759375 0.496875 0.0421875 0.4359375
32 0.53515625 0.48515625 0.04921875 0.47265625
1 0.9140625 0.50234375 0.03046875 0.43984375
30 0.04765625 0.51171875 0.05078125 0.48515625
16 0.64921875 0.47265625 0.05078125 0.46953125
7 0.4265625 0.48125 0.0390625 0.453125
23 0.47890625 0.48125 0.046875 0.4421875