8 0.9578125 0.65546875 0.0421875 0.3515625
5 0.75 0.5984375 0.04453125 0.37578125
5 0.80234375 0.60859375 0.04296875 0.38203125
6 0.46875 0.51484375 0.0421875 0.3890625
0 0.69765625 0.59140625 0.0421875 0.36796875
0 0.90390625 0.64453125 0.046875 0.3625
21 0.6359375 0.56875 0.06484375 0.38515625
29 0.20703125 0.42421875 0.06640625 0.40625
2 0.85078125 0.625 0.04453125 0.3671875
32 0.31875 0.4640625 0.0421875 0.4109375
1 0.415625 0.490625 0.0328125 0.40859375
32 0.26953125 0.44921875 0.040625 0.39453125
32 0.36484375 0.4859375 0.04453125 0.39921875
32 0.51640625 0.53125 0.0453125 0.40078125
13 0.5703125 0.5390625 0.05234375 0.3953125
28 0.1390625 0.40390625 0.05234375 0.3703125
29 0.07109375 0.36796875 0.08203125 0.39140625