12 0.22578125 0.41640625 0.04921875 0.4453125
11 0.490625 0.496875 0.04765625 0.45703125
8 0.934375 0.64375 0.05 0.4625
5 0.3328125 0.44609375 0.0421875 0.4625
5 0.81953125 0.60546875 0.0421875 0.4625
4 0.17109375 0.39609375 0.04140625 0.4453125
22 0.54453125 0.515625 0.0453125 0.44375
4 0.875 0.6265625 0.04375 0.46171875
24 0.60078125 0.5296875 0.0453125 0.45078125
9 0.115625 0.3796875 0.04375 0.45703125
32 0.0625 0.36171875 0.046875 0.46484375
10 0.43359375 0.4875 0.0453125 0.4453125
9 0.7609375 0.5921875 0.04296875 0.45546875
1 0.6546875 0.55 0.02890625 0.44140625
1 0.38125 0.46484375 0.021875 0.446875
2 0.27734375 0.43046875 0.04296875 0.45625
6 0.70703125 0.5625 0.04375 0.44453125