13 0.22109375 0.5484375 0.053125 0.51640625
7 0.88515625 0.44765625 0.053125 0.509375
2 0.67421875 0.4875 0.05546875 0.51171875
13 0.6203125 0.4953125 0.05546875 0.5140625
20 0.05 0.5765625 0.0484375 0.53828125
11 0.2796875 0.54921875 0.0515625 0.51484375
28 0.16171875 0.55859375 0.053125 0.53359375
0 0.82734375 0.45859375 0.0484375 0.503125
21 0.55 0.50703125 0.0625 0.50859375
11 0.4328125 0.52109375 0.05 0.5109375
28 0.09765625 0.56640625 0.0578125 0.5359375
2 0.33828125 0.54453125 0.053125 0.51484375
8 0.94609375 0.4375 0.04765625 0.4984375
1 0.3828125 0.53125 0.0359375 0.5203125
1 0.77578125 0.465625 0.03359375 0.5
0 0.73046875 0.4734375 0.046875 0.49765625
5 0.48828125 0.51015625 0.04765625 0.51796875