13 0.22109375 0.54609375 0.05390625 0.5203125
2 0.67421875 0.4875 0.05625 0.51875
7 0.8859375 0.44921875 0.053125 0.5171875
13 0.6203125 0.49453125 0.05625 0.52109375
11 0.2796875 0.546875 0.05234375 0.51796875
20 0.04921875 0.575 0.0484375 0.54296875
28 0.16171875 0.55625 0.05390625 0.53828125
0 0.82734375 0.46015625 0.05 0.5109375
28 0.0984375 0.56171875 0.0578125 0.53984375
21 0.55078125 0.50546875 0.06484375 0.5171875
2 0.3375 0.5421875 0.05390625 0.51875
8 0.94609375 0.43984375 0.0484375 0.50703125
11 0.4328125 0.5203125 0.0515625 0.51640625
1 0.3828125 0.52890625 0.0375 0.52578125
5 0.48828125 0.509375 0.0484375 0.52421875
0 0.73125 0.47890625 0.0484375 0.503125
1 0.77578125 0.4671875 0.034375 0.509375