11 0.2515625 0.49765625 0.05234375 0.5296875
0 0.7171875 0.528125 0.046875 0.54765625
30 0.0640625 0.4640625 0.0640625 0.534375
4 0.3546875 0.51953125 0.04921875 0.5203125
2 0.87421875 0.53046875 0.0484375 0.57734375
4 0.82109375 0.53125 0.0484375 0.5734375
6 0.93203125 0.51171875 0.05546875 0.59765625
0 0.5625 0.52578125 0.04375 0.53671875
2 0.6671875 0.52734375 0.04453125 0.56015625
29 0.13359375 0.4671875 0.07421875 0.55
2 0.765625 0.53359375 0.04765625 0.56328125
25 0.61328125 0.5265625 0.05 0.5484375
17 0.40859375 0.51484375 0.05 0.5359375
5 0.51171875 0.52265625 0.04609375 0.5421875
11 0.3046875 0.50390625 0.04765625 0.540625
19 0.4640625 0.5140625 0.05 0.546875
7 0.2015625 0.4859375 0.05546875 0.53671875