0 0.71640625 0.53046875 0.046875 0.54609375
11 0.25078125 0.5 0.05234375 0.52734375
30 0.06484375 0.46484375 0.0640625 0.5359375
4 0.3546875 0.51953125 0.04921875 0.51953125
2 0.87421875 0.53203125 0.04765625 0.57109375
4 0.821875 0.53359375 0.0484375 0.56875
0 0.5625 0.52421875 0.04375 0.534375
2 0.66640625 0.5296875 0.04453125 0.55078125
29 0.1328125 0.46796875 0.075 0.54765625
5 0.51171875 0.521875 0.04609375 0.53828125
2 0.765625 0.5359375 0.046875 0.56015625
6 0.92421875 0.5375 0.05390625 0.590625
25 0.6140625 0.52109375 0.05234375 0.5578125
11 0.3046875 0.50546875 0.0484375 0.53828125
17 0.40859375 0.515625 0.04921875 0.53359375
7 0.2015625 0.4875 0.05625 0.53359375
19 0.4625 0.5140625 0.04921875 0.546875