30 0.49921875 0.51640625 0.06484375 0.53671875
0 0.8828125 0.56015625 0.05390625 0.52109375
0 0.94296875 0.56640625 0.05703125 0.4984375
0 0.6796875 0.54140625 0.053125 0.53671875
30 0.1421875 0.4484375 0.06875 0.55703125
4 0.8359375 0.559375 0.05390625 0.53125
6 0.7296875 0.54921875 0.05234375 0.5390625
21 0.075 0.43671875 0.075 0.56796875
21 0.5671875 0.521875 0.06796875 0.54375
1 0.19375 0.45390625 0.04765625 0.5375
18 0.23828125 0.46875 0.0359375 0.53125
12 0.28828125 0.5015625 0.0625 0.54921875
10 0.34609375 0.48671875 0.059375 0.5078125
18 0.390625 0.49609375 0.04296875 0.5140625
11 0.44375 0.5046875 0.05625 0.51953125
19 0.6265625 0.5015625 0.0546875 0.5375
5 0.78359375 0.54375 0.05390625 0.52578125