21 0.55078125 0.5375 0.06953125 0.3984375
8 0.796875 0.63828125 0.0515625 0.38125
20 0.04296875 0.3265625 0.05 0.3953125
13 0.20390625 0.38828125 0.0515625 0.384375
4 0.9578125 0.709375 0.0546875 0.38046875
11 0.2578125 0.41171875 0.0515625 0.371875
6 0.73125 0.61015625 0.05078125 0.3875
28 0.0921875 0.34453125 0.05859375 0.3875
11 0.42734375 0.47578125 0.05078125 0.378125
2 0.675 0.5921875 0.05703125 0.3875
13 0.6171875 0.55859375 0.0546875 0.38984375
4 0.36875 0.46328125 0.05078125 0.3828125
2 0.31640625 0.43671875 0.053125 0.38203125
28 0.1515625 0.36875 0.05625 0.38984375
3 0.85703125 0.66484375 0.05 0.3984375
2 0.4859375 0.50546875 0.0546875 0.3890625
1 0.90625 0.684375 0.03125 0.38671875