24 0.58828125 0.540625 0.05 0.634375
11 0.275 0.5140625 0.053125 0.62421875
8 0.33125 0.52109375 0.0453125 0.61171875
11 0.475 0.5328125 0.053125 0.63203125
4 0.76796875 0.5640625 0.0515625 0.653125
4 0.1703125 0.5078125 0.04296875 0.60546875
5 0.953125 0.56796875 0.04921875 0.66328125
2 0.890625 0.56484375 0.05625 0.66328125
4 0.42109375 0.525 0.04765625 0.62109375
9 0.1109375 0.50625 0.0453125 0.60859375
2 0.70859375 0.55625 0.05859375 0.64609375
4 0.83203125 0.56015625 0.0515625 0.65859375
0 0.6484375 0.55546875 0.053125 0.65
1 0.378125 0.52265625 0.03125 0.61171875
22 0.53046875 0.53828125 0.046875 0.63515625
32 0.06484375 0.5109375 0.0453125 0.61953125
23 0.21875 0.5109375 0.04921875 0.63203125