24 0.58828125 0.53984375 0.0515625 0.63125
5 0.95546875 0.5671875 0.05 0.66171875
8 0.3328125 0.52265625 0.0453125 0.61875
4 0.171875 0.5109375 0.04375 0.6015625
4 0.83125 0.5625 0.05 0.65390625
2 0.8921875 0.5671875 0.05390625 0.66015625
4 0.76796875 0.565625 0.04921875 0.64453125
11 0.47578125 0.528125 0.0515625 0.62578125
2 0.709375 0.54765625 0.05546875 0.665625
0 0.6484375 0.55625 0.0515625 0.646875
11 0.275 0.51484375 0.0515625 0.6203125
9 0.1140625 0.50703125 0.04453125 0.60703125
4 0.42109375 0.52421875 0.04921875 0.6171875
22 0.53125 0.5375 0.0515625 0.62890625
32 0.0625 0.4984375 0.05078125 0.62578125
23 0.22265625 0.5125 0.05 0.621875
1 0.37734375 0.52421875 0.028125 0.60859375