24 0.58828125 0.53828125 0.0515625 0.63203125
5 0.95546875 0.56875 0.05 0.66484375
4 0.82890625 0.5609375 0.0515625 0.659375
8 0.33125 0.52109375 0.0453125 0.6125
4 0.17109375 0.5125 0.04296875 0.60546875
9 0.11328125 0.51015625 0.04375 0.61328125
11 0.275 0.51484375 0.0515625 0.625
2 0.89296875 0.565625 0.05546875 0.6640625
4 0.76875 0.5625 0.0515625 0.65078125
11 0.4765625 0.5296875 0.05078125 0.63046875
0 0.6484375 0.5546875 0.05234375 0.6453125
2 0.709375 0.5515625 0.05625 0.65703125
4 0.4203125 0.521875 0.04921875 0.62578125
22 0.53125 0.53828125 0.05234375 0.63046875
23 0.22265625 0.51171875 0.04921875 0.6265625
32 0.06171875 0.50625 0.04609375 0.64609375
1 0.37734375 0.5234375 0.028125 0.61328125