12 0.41171875 0.5109375 0.04765625 0.6078125
9 0.0984375 0.52109375 0.04453125 0.60078125
4 0.15546875 0.5203125 0.046875 0.5875
4 0.7453125 0.50859375 0.05234375 0.63984375
2 0.253125 0.51796875 0.04765625 0.60625
32 0.05078125 0.528125 0.04453125 0.61953125
11 0.4703125 0.5078125 0.04921875 0.62109375
24 0.57734375 0.50625 0.053125 0.61484375
2 0.69296875 0.51875 0.05 0.6296875
4 0.31015625 0.5203125 0.04921875 0.603125
3 0.6375 0.51328125 0.04921875 0.634375
19 0.20546875 0.51953125 0.046875 0.59453125
0 0.80859375 0.5078125 0.0484375 0.64296875
22 0.52109375 0.5078125 0.04765625 0.62109375
5 0.93046875 0.50078125 0.053125 0.66484375
2 0.86875 0.51015625 0.053125 0.64453125
1 0.3609375 0.48984375 0.02890625 0.6046875