30 0.07421875 0.45 0.07578125 0.53984375
9 0.7703125 0.5375 0.06171875 0.51796875
5 0.66328125 0.51875 0.05703125 0.534375
3 0.71875 0.53203125 0.05859375 0.5265625
0 0.61328125 0.51796875 0.0609375 0.5203125
1 0.871875 0.55625 0.0421875 0.5140625
32 0.2921875 0.47578125 0.06484375 0.521875
0 0.4484375 0.4859375 0.06171875 0.5453125
0 0.915625 0.56328125 0.0625 0.51015625
8 0.82421875 0.5453125 0.0609375 0.52421875
20 0.34375 0.47890625 0.05703125 0.52109375
20 0.23671875 0.47109375 0.05859375 0.51875
15 0.50390625 0.5125 0.0578125 0.509375
6 0.5578125 0.509375 0.06015625 0.5265625
20 0.18359375 0.453125 0.0421875 0.4921875
7 0.39765625 0.4765625 0.04375 0.4921875
7 0.13671875 0.44921875 0.0515625 0.515625