32 0.290625 0.46328125 0.065625 0.53828125
5 0.66328125 0.52109375 0.05703125 0.53671875
0 0.44921875 0.4921875 0.0625 0.53828125
30 0.07578125 0.43671875 0.0734375 0.55546875
1 0.871875 0.56171875 0.04296875 0.5109375
0 0.6125 0.5171875 0.06015625 0.5328125
9 0.7703125 0.540625 0.05625 0.51953125
8 0.825 0.54765625 0.059375 0.5203125
3 0.71953125 0.53515625 0.05859375 0.52109375
0 0.915625 0.56640625 0.0625 0.503125
20 0.34375 0.465625 0.05703125 0.54609375
15 0.50390625 0.50390625 0.05703125 0.53203125
5 0.55625 0.51015625 0.06015625 0.53203125
7 0.13359375 0.4390625 0.05078125 0.52578125
20 0.1828125 0.44140625 0.053125 0.52578125
20 0.23203125 0.44921875 0.05625 0.5203125
7 0.39609375 0.47109375 0.05 0.528125