8 0.85078125 0.4609375 0.0453125 0.48828125
11 0.29921875 0.5421875 0.05390625 0.584375
8 0.80078125 0.46953125 0.04296875 0.484375
13 0.234375 0.546875 0.053125 0.58125
2 0.696875 0.48828125 0.04765625 0.52421875
28 0.17734375 0.54921875 0.0625 0.59375
20 0.05390625 0.571875 0.04765625 0.6140625
8 0.94921875 0.45078125 0.0421875 0.4875
4 0.4140625 0.52421875 0.04921875 0.5609375
3 0.5234375 0.5078125 0.0421875 0.53828125
11 0.47265625 0.51015625 0.0484375 0.553125
28 0.11015625 0.5640625 0.0578125 0.5953125
21 0.5796875 0.4953125 0.05703125 0.53359375
6 0.74453125 0.4796875 0.04453125 0.5109375
2 0.35390625 0.5359375 0.05546875 0.5578125
3 0.896875 0.45859375 0.0390625 0.496875
13 0.64296875 0.48984375 0.0484375 0.52890625