20 0.08046875 0.66796875 0.06875 0.43203125
13 0.265625 0.59921875 0.06953125 0.41796875
13 0.64140625 0.44609375 0.06171875 0.39609375
11 0.4734375 0.51953125 0.06484375 0.40234375
21 0.57109375 0.465625 0.08125 0.4078125
0 0.921875 0.328125 0.053125 0.3625
0 0.87109375 0.34453125 0.05546875 0.37578125
28 0.1359375 0.65546875 0.07265625 0.43125
1 0.521875 0.5 0.04296875 0.38515625
7 0.81484375 0.37109375 0.053125 0.390625
11 0.32890625 0.575 0.06640625 0.4015625
28 0.20078125 0.6234375 0.06953125 0.4203125
1 0.41875 0.53203125 0.04296875 0.39609375
5 0.7625 0.38828125 0.0546875 0.390625
1 0.37734375 0.54921875 0.04453125 0.3984375
1 0.6875 0.42578125 0.04453125 0.37265625
1 0.7203125 0.40546875 0.04296875 0.3828125