0 0.640625 0.49375 0.04765625 0.46640625
29 0.1078125 0.60625 0.0671875 0.43359375
6 0.8796875 0.428125 0.05625 0.509375
6 0.35859375 0.546875 0.046875 0.44296875
0 0.815625 0.4390625 0.05625 0.496875
0 0.6953125 0.4734375 0.05234375 0.48046875
8 0.1703125 0.596875 0.03828125 0.42109375
32 0.31328125 0.56328125 0.04453125 0.4390625
7 0.75078125 0.45546875 0.0484375 0.5
32 0.25859375 0.5671875 0.04140625 0.45078125
32 0.45859375 0.528125 0.05078125 0.459375
17 0.51640625 0.50859375 0.05546875 0.46796875
32 0.21875 0.5828125 0.0421875 0.43828125
16 0.578125 0.49765625 0.0609375 0.46875
1 0.40859375 0.540625 0.0359375 0.453125
30 0.0515625 0.628125 0.04609375 0.43046875
7 0.95 0.4140625 0.0484375 0.5234375