10 0.21015625 0.2859375 0.07578125 0.246875
20 0.05625 0.18359375 0.06953125 0.24609375
12 0.58515625 0.54921875 0.08046875 0.23984375
0 0.69453125 0.6328125 0.07421875 0.24296875
3 0.31796875 0.36484375 0.0703125 0.2421875
1 0.81484375 0.7234375 0.0734375 0.2671875
5 0.753125 0.6796875 0.07421875 0.24921875
21 0.5203125 0.50703125 0.09140625 0.2484375
1 0.6421875 0.59296875 0.06484375 0.24140625
30 0.4765625 0.47421875 0.075 0.2484375
9 0.4203125 0.4359375 0.0734375 0.2421875
1 0.8734375 0.7703125 0.07734375 0.2625
28 0.11171875 0.21328125 0.07109375 0.2390625
5 0.265625 0.325 0.07421875 0.2390625
32 0.16328125 0.25390625 0.06640625 0.23046875
23 0.365625 0.403125 0.0734375 0.25078125
6 0.9296875 0.81015625 0.06171875 0.2140625