5 0.7640625 0.434375 0.0484375 0.3515625
0 0.6578125 0.48125 0.04609375 0.3390625
3 0.60078125 0.50546875 0.04375 0.3328125
8 0.875 0.41640625 0.0484375 0.334375
10 0.54296875 0.525 0.05625 0.3484375
5 0.709375 0.459375 0.0484375 0.34296875
2 0.82265625 0.42421875 0.05 0.34921875
2 0.3328125 0.603125 0.04609375 0.31875
5 0.37890625 0.5796875 0.04453125 0.3265625
7 0.484375 0.5390625 0.04296875 0.35625
8 0.93515625 0.40234375 0.04765625 0.2984375
21 0.1234375 0.68359375 0.06484375 0.3171875
11 0.1828125 0.65625 0.04921875 0.32265625
11 0.23359375 0.63125 0.04765625 0.31640625
18 0.4296875 0.55703125 0.04140625 0.33828125
15 0.2828125 0.6203125 0.0375 0.334375
26 0.06875 0.703125 0.04140625 0.2984375