10 0.61171875 0.4859375 0.0609375 0.496875
11 0.2203125 0.5296875 0.06015625 0.54375
0 0.709375 0.47890625 0.046875 0.478125
8 0.890625 0.44921875 0.05078125 0.4640625
5 0.75546875 0.46015625 0.04765625 0.478125
2 0.3953125 0.51640625 0.05625 0.52734375
9 0.8453125 0.4484375 0.046875 0.46875
2 0.6609375 0.48046875 0.05 0.49140625
13 0.2796875 0.5234375 0.0640625 0.5421875
21 0.153125 0.540625 0.075 0.55859375
26 0.34375 0.51796875 0.05625 0.5421875
6 0.5546875 0.4953125 0.053125 0.51953125
1 0.9453125 0.4390625 0.04296875 0.4796875
1 0.446875 0.51328125 0.03984375 0.53984375
5 0.80234375 0.4546875 0.04453125 0.471875
32 0.5 0.503125 0.06015625 0.52109375
26 0.0765625 0.53828125 0.05390625 0.55234375