4 0.821875 0.5515625 0.05 0.43125
0 0.675 0.528125 0.046875 0.40078125
8 0.51328125 0.49375 0.0484375 0.40546875
9 0.77109375 0.546875 0.04921875 0.4109375
5 0.41796875 0.47734375 0.04921875 0.4203125
7 0.8734375 0.559375 0.05 0.43671875
9 0.925 0.56875 0.05078125 0.421875
14 0.26171875 0.4484375 0.05234375 0.42109375
11 0.20703125 0.43515625 0.0578125 0.4171875
3 0.6265625 0.515625 0.046875 0.39921875
17 0.32109375 0.45390625 0.06015625 0.4296875
4 0.3703125 0.4703125 0.04765625 0.421875
26 0.07734375 0.425 0.0484375 0.43046875
21 0.13984375 0.425 0.08046875 0.4328125
13 0.57109375 0.49375 0.059375 0.4171875
18 0.465625 0.48046875 0.05 0.421875
6 0.72421875 0.53203125 0.0484375 0.41484375