17 0.2609375 0.48828125 0.0453125 0.346875
12 0.58359375 0.5359375 0.04609375 0.34296875
5 0.78828125 0.55703125 0.040625 0.35078125
3 0.8859375 0.57578125 0.04140625 0.35078125
10 0.31953125 0.50234375 0.04765625 0.340625
2 0.8375 0.56953125 0.03984375 0.34453125
21 0.1484375 0.47421875 0.0609375 0.34609375
2 0.6390625 0.5453125 0.040625 0.35234375
2 0.73359375 0.5609375 0.0375 0.3515625
1 0.42421875 0.51015625 0.03046875 0.34609375
9 0.528125 0.52578125 0.0390625 0.34921875
4 0.3734375 0.51484375 0.0390625 0.3375
6 0.9453125 0.58125 0.04140625 0.3484375
32 0.4796875 0.525 0.0421875 0.35
1 0.6890625 0.5515625 0.02578125 0.33984375
26 0.08828125 0.47734375 0.03515625 0.3515625
11 0.2046875 0.48046875 0.046875 0.31796875