11 0.196875 0.41953125 0.0546875 0.48515625
1 0.68515625 0.55546875 0.034375 0.46796875
4 0.8875 0.5765625 0.05234375 0.4734375
8 0.83671875 0.5703125 0.04609375 0.46796875
2 0.73359375 0.5625 0.04609375 0.4734375
5 0.78828125 0.56484375 0.046875 0.47109375
6 0.94609375 0.58515625 0.0515625 0.46640625
0 0.6375 0.5375 0.0484375 0.4625
21 0.13125 0.4015625 0.0734375 0.50390625
18 0.24609375 0.4375 0.04765625 0.484375
7 0.36171875 0.46875 0.05 0.48671875
0 0.52109375 0.5015625 0.04765625 0.48046875
26 0.0609375 0.396875 0.05625 0.515625
14 0.4703125 0.48515625 0.04375 0.475
22 0.4171875 0.4796875 0.0578125 0.50859375
16 0.29921875 0.4484375 0.06171875 0.4875
16 0.575 0.51484375 0.05859375 0.48828125