5 0.78984375 0.56484375 0.040625 0.43125
11 0.19765625 0.4171875 0.046875 0.446875
6 0.94453125 0.5921875 0.04765625 0.43125
2 0.73359375 0.55859375 0.0421875 0.44375
1 0.6859375 0.5484375 0.02734375 0.42890625
21 0.12890625 0.4015625 0.06875 0.4640625
4 0.8859375 0.57578125 0.04296875 0.44296875
0 0.63671875 0.53046875 0.046875 0.42734375
8 0.83828125 0.565625 0.04140625 0.43671875
22 0.41953125 0.47734375 0.0515625 0.45078125
0 0.5203125 0.49921875 0.04296875 0.4375
26 0.059375 0.38203125 0.04765625 0.46484375
7 0.359375 0.46328125 0.0421875 0.4625
14 0.4734375 0.4921875 0.04375 0.43515625
16 0.3015625 0.4453125 0.05859375 0.4609375
18 0.246875 0.4359375 0.040625 0.44609375
16 0.57421875 0.51015625 0.05390625 0.4359375