3 0.73203125 0.53359375 0.0453125 0.40390625
3 0.83984375 0.534375 0.04609375 0.4
11 0.1765625 0.53671875 0.05078125 0.4359375
8 0.62734375 0.5296875 0.04453125 0.41015625
2 0.353125 0.53671875 0.04921875 0.428125
3 0.8890625 0.528125 0.04765625 0.4109375
13 0.29609375 0.52734375 0.05625 0.43203125
1 0.41015625 0.540625 0.03515625 0.42265625
21 0.1046875 0.5375 0.07265625 0.44921875
7 0.94921875 0.52890625 0.046875 0.4125
26 0.040625 0.546875 0.04921875 0.45234375
5 0.571875 0.53046875 0.046875 0.42265625
0 0.67734375 0.5296875 0.046875 0.40859375
4 0.78828125 0.53203125 0.0484375 0.4078125
19 0.2296875 0.53203125 0.0546875 0.43984375
32 0.465625 0.53125 0.05078125 0.4421875
7 0.51796875 0.53046875 0.04609375 0.43203125