3 0.7328125 0.5359375 0.04296875 0.3859375
11 0.1765625 0.53359375 0.0484375 0.43203125
2 0.35234375 0.53359375 0.0453125 0.40859375
3 0.83984375 0.53671875 0.04375 0.3828125
8 0.62734375 0.53046875 0.04296875 0.390625
21 0.1046875 0.53671875 0.0703125 0.44765625
3 0.8890625 0.53125 0.0453125 0.390625
5 0.571875 0.53125 0.0453125 0.39921875
0 0.678125 0.52578125 0.04453125 0.3921875
1 0.409375 0.5390625 0.03359375 0.403125
19 0.22890625 0.52890625 0.053125 0.43046875
13 0.2953125 0.525 0.0546875 0.41953125
7 0.9484375 0.528125 0.04296875 0.38359375
26 0.0375 0.5421875 0.0484375 0.4578125
4 0.7890625 0.5359375 0.04609375 0.38359375
7 0.5171875 0.528125 0.04453125 0.40703125
32 0.459375 0.5171875 0.0515625 0.4