7 0.665625 0.515625 0.04765625 0.52421875
3 0.55390625 0.52265625 0.046875 0.51484375
4 0.31484375 0.525 0.05625 0.5359375
4 0.83984375 0.51875 0.0484375 0.5078125
0 0.49375 0.51640625 0.0453125 0.51796875
3 0.61171875 0.51640625 0.04609375 0.51875
2 0.72890625 0.5171875 0.04453125 0.51171875
2 0.78046875 0.5171875 0.0515625 0.51484375
12 0.25390625 0.528125 0.05859375 0.53046875
23 0.19296875 0.53359375 0.05703125 0.54140625
10 0.36953125 0.51875 0.04921875 0.5234375
7 0.95625 0.50390625 0.04921875 0.51875
6 0.89453125 0.50546875 0.0484375 0.51328125
11 0.13515625 0.53671875 0.05859375 0.54609375
31 0.4296875 0.51328125 0.0578125 0.52734375
21 0.07265625 0.53515625 0.0640625 0.5421875
26 0.0203125 0.53125 0.0375 0.54140625