2 0.80078125 0.78046875 0.075 0.17421875
0 0.89765625 0.8515625 0.06953125 0.1734375
30 0.0484375 0.1453125 0.0828125 0.19453125
10 0.24609375 0.3046875 0.0765625 0.19609375
1 0.69921875 0.6890625 0.06328125 0.18359375
16 0.3140625 0.36015625 0.07421875 0.18515625
17 0.46953125 0.49375 0.07578125 0.1984375
22 0.4171875 0.44453125 0.0765625 0.196875
4 0.7484375 0.72734375 0.06953125 0.171875
7 0.8515625 0.80859375 0.0703125 0.18125
5 0.95078125 0.8890625 0.08359375 0.1859375
8 0.19140625 0.2515625 0.06328125 0.184375
2 0.3625 0.40625 0.06640625 0.17734375
29 0.1203125 0.18984375 0.09453125 0.2015625
21 0.5890625 0.59765625 0.08671875 0.19296875
30 0.52421875 0.5375 0.05703125 0.1796875
19 0.64609375 0.64375 0.0515625 0.1796875