9 0.84140625 0.54140625 0.0453125 0.4625
6 0.44375 0.49921875 0.04765625 0.46796875
5 0.89140625 0.54609375 0.0484375 0.471875
0 0.69375 0.525 0.04296875 0.47578125
4 0.35234375 0.50078125 0.04609375 0.4625
0 0.73828125 0.53203125 0.04453125 0.4734375
0 0.94921875 0.55546875 0.046875 0.4640625
2 0.30703125 0.496875 0.04453125 0.46640625
11 0.5015625 0.50546875 0.05859375 0.46171875
14 0.20234375 0.48359375 0.0546875 0.4671875
30 0.0640625 0.47109375 0.05703125 0.48046875
29 0.1328125 0.4734375 0.0796875 0.48125
20 0.25546875 0.4921875 0.0515625 0.471875
1 0.79375 0.53515625 0.03671875 0.4765625
21 0.56953125 0.50859375 0.06484375 0.4671875
1 0.39296875 0.49921875 0.03359375 0.47109375
12 0.63984375 0.515625 0.0546875 0.47421875