9 0.8421875 0.540625 0.04375 0.45546875
5 0.8953125 0.5484375 0.0453125 0.4546875
6 0.44453125 0.49765625 0.04609375 0.45546875
0 0.69375 0.52265625 0.0421875 0.46171875
30 0.06484375 0.47421875 0.05625 0.471875
0 0.74453125 0.53359375 0.04609375 0.4578125
11 0.5015625 0.503125 0.05703125 0.45703125
2 0.30546875 0.496875 0.0453125 0.4546875
20 0.2546875 0.49296875 0.04921875 0.4546875
12 0.6390625 0.51328125 0.05390625 0.46171875
29 0.13359375 0.475 0.078125 0.47265625
14 0.20234375 0.484375 0.05234375 0.453125
1 0.79375 0.53359375 0.034375 0.4703125
1 0.3921875 0.49921875 0.03046875 0.4546875
21 0.56875 0.5078125 0.06171875 0.459375
0 0.9484375 0.5546875 0.0453125 0.45625
4 0.3515625 0.4984375 0.04453125 0.4453125