10 0.24609375 0.4796875 0.04609375 0.4890625
17 0.45859375 0.528125 0.04296875 0.496875
7 0.8921875 0.571875 0.04453125 0.5015625
22 0.4046875 0.5171875 0.0421875 0.4984375
6 0.9515625 0.57578125 0.0421875 0.49921875
8 0.840625 0.56875 0.04296875 0.49140625
29 0.12421875 0.45703125 0.06953125 0.49375
8 0.190625 0.4734375 0.0390625 0.48203125
12 0.30390625 0.496875 0.04375 0.4890625
30 0.05625 0.44140625 0.046875 0.4921875
2 0.35546875 0.5109375 0.04140625 0.49296875
1 0.67578125 0.55546875 0.02890625 0.5015625
0 0.73046875 0.56328125 0.0421875 0.48984375
19 0.62578125 0.54609375 0.04375 0.503125
22 0.5703125 0.5453125 0.0453125 0.4953125
1 0.5109375 0.54296875 0.0328125 0.4890625
1 0.78203125 0.5765625 0.025 0.48203125