20 0.05234375 0.59765625 0.05546875 0.58671875
21 0.59453125 0.48125 0.07109375 0.54296875
13 0.24296875 0.55546875 0.059375 0.56171875
28 0.18203125 0.56796875 0.065625 0.575
11 0.48203125 0.5125 0.05625 0.54296875
28 0.11171875 0.58125 0.06796875 0.56953125
11 0.31171875 0.54765625 0.05625 0.55
0 0.8921875 0.4203125 0.05234375 0.521875
2 0.3703125 0.5390625 0.0609375 0.553125
13 0.66328125 0.46640625 0.053125 0.53515625
1 0.740625 0.45390625 0.03671875 0.5359375
5 0.53125 0.4984375 0.05234375 0.54609375
1 0.425 0.52421875 0.03828125 0.55
3 0.9453125 0.409375 0.05 0.5109375
5 0.79765625 0.440625 0.05078125 0.52734375
1 0.70625 0.4578125 0.0328125 0.53828125
3 0.8453125 0.434375 0.04609375 0.51796875