11 0.30078125 0.50234375 0.05625 0.5953125
21 0.6 0.48671875 0.0640625 0.5609375
20 0.05 0.53828125 0.05234375 0.6484375
28 0.10625 0.53671875 0.0640625 0.62578125
28 0.17578125 0.5265625 0.0625 0.6296875
11 0.484375 0.5 0.05078125 0.56796875
6 0.803125 0.4671875 0.046875 0.53203125
4 0.90078125 0.45234375 0.04609375 0.53046875
13 0.2359375 0.52421875 0.05703125 0.60625
4 0.42265625 0.5140625 0.05546875 0.57734375
4 0.85234375 0.4625 0.04921875 0.53125
5 0.534375 0.4953125 0.05078125 0.5640625
0 0.95390625 0.45703125 0.04140625 0.51953125
2 0.3609375 0.51796875 0.059375 0.57734375
13 0.659375 0.47734375 0.0484375 0.54140625
3 0.74765625 0.4578125 0.040625 0.53203125
1 0.70859375 0.4859375 0.04140625 0.553125