11 0.30546875 0.521875 0.05703125 0.59765625
21 0.6 0.4859375 0.06484375 0.565625
20 0.04921875 0.5484375 0.0515625 0.6515625
28 0.10703125 0.53671875 0.0640625 0.640625
11 0.484375 0.49921875 0.05078125 0.57109375
4 0.90078125 0.45234375 0.04609375 0.53203125
28 0.175 0.53046875 0.06328125 0.628125
13 0.2359375 0.52421875 0.05859375 0.61171875
6 0.803125 0.465625 0.04765625 0.53359375
4 0.85234375 0.4625 0.04921875 0.53125
0 0.95390625 0.45625 0.0421875 0.521875
4 0.4234375 0.5125 0.05625 0.58828125
5 0.534375 0.4953125 0.05078125 0.56875
13 0.66171875 0.47890625 0.0515625 0.55546875
2 0.3609375 0.51640625 0.06015625 0.58671875
3 0.74453125 0.471875 0.046875 0.54296875
1 0.70390625 0.46796875 0.03046875 0.57109375