20 0.05625 0.42578125 0.05078125 0.55
8 0.7546875 0.5578125 0.0515625 0.48828125
11 0.30390625 0.47109375 0.053125 0.5125
13 0.23671875 0.453125 0.05625 0.53125
28 0.11328125 0.42890625 0.06171875 0.53828125
3 0.8109375 0.56796875 0.04453125 0.50234375
11 0.46953125 0.50546875 0.0515625 0.50546875
28 0.17890625 0.43515625 0.05625 0.5375
1 0.96875 0.60546875 0.0328125 0.5046875
21 0.59296875 0.5171875 0.065625 0.51328125
5 0.5234375 0.50703125 0.0515625 0.51328125
1 0.70390625 0.54296875 0.03125 0.496875
2 0.3625 0.48984375 0.0578125 0.5078125
1 0.41875 0.490625 0.03203125 0.51015625
5 0.91796875 0.58671875 0.0453125 0.49296875
6 0.865625 0.5875 0.0515625 0.48984375
13 0.65703125 0.53046875 0.046875 0.5015625