3 0.646875 0.46875 0.05 0.4734375
3 0.76171875 0.434375 0.0484375 0.47421875
4 0.153125 0.60625 0.046875 0.453125
21 0.5296875 0.49609375 0.0609375 0.4765625
19 0.2046875 0.60390625 0.0484375 0.45546875
8 0.93984375 0.37890625 0.0515625 0.48984375
32 0.05 0.6453125 0.04375 0.46171875
11 0.478125 0.51796875 0.0484375 0.46953125
9 0.81953125 0.4203125 0.0515625 0.4796875
1 0.365625 0.55078125 0.03203125 0.45625
9 0.1015625 0.63828125 0.04375 0.44453125
4 0.3125 0.5671875 0.0453125 0.46640625
2 0.26015625 0.5921875 0.05 0.45703125
12 0.41953125 0.53125 0.053125 0.45
0 0.8796875 0.40234375 0.0515625 0.47734375
24 0.58828125 0.48203125 0.05078125 0.47578125
0 0.703125 0.453125 0.05234375 0.478125