19 0.20546875 0.6046875 0.04765625 0.45625
3 0.646875 0.4671875 0.05 0.46953125
21 0.5296875 0.4953125 0.06015625 0.4734375
3 0.76171875 0.4328125 0.04765625 0.46875
32 0.05 0.64453125 0.04453125 0.459375
9 0.10234375 0.63828125 0.04296875 0.44296875
4 0.15390625 0.6078125 0.04765625 0.4515625
8 0.940625 0.38046875 0.05 0.47890625
4 0.3125 0.56796875 0.04609375 0.46484375
11 0.47890625 0.51640625 0.046875 0.4640625
2 0.259375 0.5859375 0.04921875 0.4609375
9 0.81953125 0.4171875 0.04921875 0.4703125
0 0.8796875 0.4015625 0.05234375 0.471875
12 0.4203125 0.53203125 0.05234375 0.4484375
1 0.36640625 0.54921875 0.0328125 0.45234375
0 0.703125 0.45078125 0.05078125 0.4703125
24 0.58828125 0.48125 0.05078125 0.4734375