3 0.796875 0.6328125 0.04453125 0.396875
10 0.46171875 0.53125 0.0625 0.39921875
3 0.95234375 0.68125 0.046875 0.3953125
8 0.359375 0.4953125 0.0484375 0.40390625
29 0.12734375 0.40859375 0.084375 0.4390625
11 0.51875 0.54765625 0.053125 0.40625
0 0.64453125 0.58359375 0.05078125 0.384375
14 0.19765625 0.4328125 0.05234375 0.42578125
0 0.6953125 0.60234375 0.04453125 0.39609375
30 0.05546875 0.3890625 0.05859375 0.434375
5 0.7453125 0.61640625 0.04375 0.39609375
0 0.89453125 0.6671875 0.04921875 0.39765625
17 0.30859375 0.471875 0.0546875 0.4203125
23 0.24765625 0.459375 0.05625 0.41953125
1 0.41015625 0.50703125 0.0359375 0.4078125
6 0.84296875 0.646875 0.05 0.41484375
21 0.58125 0.56796875 0.0765625 0.39453125