5 0.95078125 0.50390625 0.04609375 0.45078125
30 0.0796875 0.5234375 0.05546875 0.46640625
4 0.79921875 0.51640625 0.04453125 0.434375
14 0.2125 0.5234375 0.05625 0.46015625
22 0.6 0.51640625 0.0546875 0.4515625
8 0.37890625 0.52578125 0.0421875 0.440625
2 0.89765625 0.5203125 0.04921875 0.43671875
0 0.6546875 0.515625 0.04375 0.4328125
1 0.42578125 0.52421875 0.03515625 0.45078125
0 0.7 0.5203125 0.04296875 0.421875
11 0.47734375 0.5203125 0.05 0.4515625
0 0.74921875 0.5171875 0.046875 0.4296875
29 0.14765625 0.52265625 0.075 0.46796875
17 0.5375 0.515625 0.0546875 0.45703125
17 0.32734375 0.525 0.05546875 0.45390625
6 0.846875 0.5203125 0.0453125 0.43203125
24 0.26796875 0.51875 0.0625 0.44453125