10 0.2578125 0.41171875 0.04765625 0.35625
9 0.7890625 0.65625 0.0421875 0.35703125
8 0.89453125 0.69296875 0.04375 0.35859375
4 0.36640625 0.471875 0.03984375 0.375
3 0.525 0.5453125 0.0390625 0.37578125
0 0.6828125 0.60859375 0.040625 0.3828125
2 0.94921875 0.7140625 0.04296875 0.36796875
29 0.13046875 0.33046875 0.0640625 0.3984375
30 0.06328125 0.309375 0.046875 0.40703125
1 0.73828125 0.63671875 0.0265625 0.3734375
6 0.84140625 0.66796875 0.0390625 0.3625
17 0.63125 0.58046875 0.04296875 0.3859375
14 0.47578125 0.51953125 0.03671875 0.3625
8 0.2015625 0.38125 0.03671875 0.3640625
11 0.31484375 0.43984375 0.03671875 0.35859375
14 0.57578125 0.5625 0.03984375 0.3890625
22 0.42109375 0.4890625 0.0515625 0.37578125