8 0.93515625 0.41171875 0.05234375 0.4234375
11 0.29765625 0.54375 0.05546875 0.50390625
13 0.2328125 0.55625 0.05546875 0.50859375
2 0.6703125 0.4734375 0.053125 0.4734375
21 0.5515625 0.49140625 0.06640625 0.48203125
2 0.35625 0.5390625 0.05703125 0.5
11 0.44921875 0.50859375 0.05078125 0.49453125
28 0.1765625 0.56875 0.0609375 0.5171875
13 0.6171875 0.4828125 0.05546875 0.49140625
1 0.40625 0.5234375 0.0359375 0.49375
28 0.11328125 0.5765625 0.0640625 0.5171875
5 0.88203125 0.41640625 0.04765625 0.46015625
7 0.77578125 0.4375 0.046875 0.47421875
20 0.06171875 0.59140625 0.0515625 0.5296875
6 0.83125 0.43046875 0.0484375 0.4703125
1 0.49765625 0.50078125 0.03828125 0.49140625
6 0.725 0.45546875 0.0515625 0.47421875