8 0.934375 0.409375 0.046875 0.415625
11 0.29765625 0.5421875 0.0515625 0.484375
2 0.6703125 0.47421875 0.0484375 0.45859375
13 0.2328125 0.55 0.05234375 0.49453125
2 0.35390625 0.5375 0.05234375 0.48359375
21 0.5515625 0.490625 0.06015625 0.4625
6 0.83125 0.4265625 0.04453125 0.45859375
5 0.88046875 0.41328125 0.04296875 0.446875
11 0.4515625 0.51328125 0.04609375 0.47421875
13 0.61640625 0.478125 0.05078125 0.471875
28 0.1765625 0.56640625 0.05703125 0.50078125
1 0.40625 0.52265625 0.03203125 0.478125
28 0.11328125 0.57578125 0.059375 0.4984375
7 0.77578125 0.4359375 0.04375 0.46328125
20 0.0609375 0.58671875 0.04609375 0.5109375
1 0.496875 0.5015625 0.03359375 0.475
6 0.72421875 0.446875 0.04453125 0.46484375