4 0.12109375 0.48515625 0.053125 0.61875
8 0.234375 0.48984375 0.05 0.6203125
11 0.625 0.49453125 0.053125 0.6
9 0.78671875 0.50078125 0.05390625 0.609375
21 0.55625 0.496875 0.0671875 0.60234375
9 0.6796875 0.49453125 0.0515625 0.61328125
2 0.33671875 0.4953125 0.0484375 0.6140625
0 0.72890625 0.4953125 0.04765625 0.61953125
2 0.38203125 0.49296875 0.04765625 0.6328125
7 0.89296875 0.5015625 0.05078125 0.62421875
6 0.840625 0.5 0.05078125 0.6125
7 0.94765625 0.5140625 0.04765625 0.61640625
19 0.18046875 0.48359375 0.059375 0.61953125
32 0.4359375 0.50234375 0.05234375 0.61171875
6 0.28359375 0.49296875 0.0515625 0.60859375
31 0.065625 0.4890625 0.0640625 0.61953125
3 0.49140625 0.503125 0.0546875 0.57578125