5 0.8765625 0.46953125 0.04140625 0.5171875
8 0.21171875 0.528125 0.04453125 0.53984375
10 0.271875 0.52890625 0.05 0.528125
30 0.059375 0.521875 0.053125 0.57421875
22 0.45078125 0.521875 0.04609375 0.52421875
17 0.50625 0.52109375 0.04453125 0.5109375
8 0.978125 0.4515625 0.0421875 0.49765625
19 0.66015625 0.50703125 0.04453125 0.5203125
6 0.56171875 0.51796875 0.0421875 0.5015625
1 0.76875 0.49296875 0.03046875 0.50234375
1 0.71875 0.49921875 0.03671875 0.50078125
1 0.38984375 0.528125 0.03125 0.5234375
4 0.82265625 0.48046875 0.04765625 0.51171875
1 0.92265625 0.45859375 0.03046875 0.515625
29 0.1375 0.521875 0.07421875 0.56328125
13 0.33828125 0.53046875 0.05078125 0.5265625
15 0.61015625 0.5125 0.0375 0.53046875