10 0.271875 0.5296875 0.046875 0.5265625
5 0.8765625 0.46953125 0.04140625 0.51484375
22 0.4515625 0.52265625 0.04609375 0.52265625
17 0.50625 0.52109375 0.0453125 0.51015625
8 0.21171875 0.52578125 0.04765625 0.52421875
8 0.978125 0.4484375 0.04140625 0.490625
30 0.0609375 0.52421875 0.0515625 0.5671875
19 0.66015625 0.5078125 0.0453125 0.5203125
1 0.76953125 0.49375 0.03125 0.5
6 0.56171875 0.51875 0.0421875 0.50078125
4 0.8234375 0.4796875 0.0453125 0.509375
1 0.71875 0.4984375 0.0375 0.5
1 0.3890625 0.5296875 0.03203125 0.5203125
1 0.9234375 0.46171875 0.03125 0.5109375
13 0.33828125 0.52578125 0.0515625 0.52109375
29 0.1359375 0.51875 0.075 0.54296875
15 0.60859375 0.515625 0.04375 0.56171875