8 0.375 0.4953125 0.046875 0.35546875
0 0.79375 0.5546875 0.04609375 0.35234375
0 0.6546875 0.53203125 0.04453125 0.3625
30 0.0875 0.43203125 0.0578125 0.39765625
29 0.1609375 0.44609375 0.0828125 0.39765625
13 0.4828125 0.50703125 0.05625 0.375
1 0.93828125 0.58203125 0.03125 0.371875
12 0.325 0.48046875 0.05859375 0.36796875
1 0.425 0.49453125 0.0359375 0.35859375
0 0.6984375 0.53984375 0.04453125 0.35078125
13 0.53984375 0.5140625 0.05390625 0.3734375
0 0.74296875 0.546875 0.04296875 0.35078125
2 0.88984375 0.578125 0.0484375 0.35546875
22 0.60390625 0.52265625 0.05625 0.38046875
6 0.83984375 0.5671875 0.04375 0.3546875
14 0.23046875 0.46015625 0.04921875 0.38359375
18 0.27265625 0.4703125 0.03828125 0.37265625