8 0.37578125 0.49453125 0.046875 0.35703125
0 0.79375 0.55546875 0.04609375 0.35546875
0 0.6546875 0.53359375 0.0453125 0.36640625
29 0.16171875 0.44609375 0.084375 0.40078125
13 0.48203125 0.50703125 0.05625 0.37578125
30 0.08671875 0.434375 0.059375 0.403125
1 0.425 0.49375 0.03671875 0.359375
13 0.5390625 0.51484375 0.0546875 0.375
12 0.32578125 0.47890625 0.06015625 0.37109375
1 0.93984375 0.58671875 0.03203125 0.3546875
0 0.6984375 0.540625 0.0453125 0.35625
0 0.7421875 0.546875 0.04375 0.3546875
22 0.60390625 0.5234375 0.05703125 0.38046875
2 0.88984375 0.578125 0.04921875 0.35625
6 0.83984375 0.5671875 0.04453125 0.35859375
14 0.23046875 0.45859375 0.0515625 0.384375
18 0.2734375 0.46796875 0.03984375 0.3828125