8 0.37578125 0.49453125 0.046875 0.35703125
0 0.79296875 0.55546875 0.04609375 0.35390625
0 0.6546875 0.5328125 0.0453125 0.3640625
29 0.16171875 0.44609375 0.084375 0.4
13 0.475 0.49609375 0.05546875 0.37421875
30 0.08671875 0.434375 0.059375 0.40234375
1 0.425 0.49453125 0.03671875 0.359375
13 0.5390625 0.5140625 0.0546875 0.37421875
1 0.934375 0.58203125 0.0328125 0.3546875
0 0.6984375 0.53984375 0.0453125 0.353125
0 0.7421875 0.546875 0.04375 0.35234375
22 0.596875 0.52265625 0.05703125 0.3796875
12 0.32578125 0.4796875 0.059375 0.3703125
2 0.88984375 0.578125 0.04921875 0.35546875
6 0.83984375 0.56796875 0.04453125 0.35625
14 0.23046875 0.45859375 0.05078125 0.384375
18 0.2734375 0.46796875 0.0390625 0.3828125