0 0.87890625 0.79609375 0.071875 0.18359375
22 0.396875 0.41484375 0.06796875 0.19609375
1 0.76328125 0.70234375 0.065625 0.19765625
22 0.55390625 0.53828125 0.071875 0.1828125
30 0.06875 0.1609375 0.07734375 0.18984375
1 0.65859375 0.62578125 0.0609375 0.18359375
17 0.44375 0.45625 0.06796875 0.17421875
10 0.2375 0.29375 0.06484375 0.18359375
29 0.1359375 0.2078125 0.0859375 0.19453125
8 0.190625 0.25625 0.05859375 0.17578125
12 0.2984375 0.33671875 0.0625 0.18203125
9 0.9375 0.8578125 0.07734375 0.1984375
0 0.71171875 0.66640625 0.0671875 0.184375
2 0.34609375 0.38125 0.06171875 0.17734375
19 0.6078125 0.58359375 0.06796875 0.1953125
8 0.496875 0.4921875 0.040625 0.14765625
8 0.8203125 0.7515625 0.0453125 0.1671875