0 0.87890625 0.796875 0.0703125 0.184375
22 0.396875 0.41484375 0.06796875 0.1953125
1 0.76328125 0.703125 0.06484375 0.196875
30 0.0734375 0.16484375 0.0734375 0.190625
1 0.65859375 0.62578125 0.059375 0.1828125
10 0.23828125 0.29296875 0.06484375 0.1875
22 0.5546875 0.53828125 0.07109375 0.1828125
29 0.1359375 0.2078125 0.08515625 0.196875
17 0.44375 0.45546875 0.06640625 0.17109375
9 0.93671875 0.85859375 0.07578125 0.2
8 0.190625 0.2578125 0.0609375 0.1765625
0 0.71015625 0.66640625 0.06640625 0.190625
2 0.34609375 0.38046875 0.0609375 0.18125
12 0.29765625 0.3375 0.0609375 0.1859375
19 0.6078125 0.58515625 0.06796875 0.19609375
8 0.8203125 0.75234375 0.07421875 0.1953125
8 0.49453125 0.49765625 0.04609375 0.14765625