8 0.91171875 0.6515625 0.065625 0.40078125
6 0.8515625 0.6296875 0.06328125 0.39140625
13 0.6078125 0.54296875 0.0625 0.42421875
4 0.37109375 0.45859375 0.05390625 0.409375
11 0.25703125 0.4265625 0.05625 0.38359375
2 0.66640625 0.56328125 0.0640625 0.4046875
21 0.53203125 0.51796875 0.0859375 0.42578125
4 0.97265625 0.6734375 0.0546875 0.415625
2 0.31875 0.44453125 0.059375 0.40234375
0 0.78984375 0.61171875 0.06015625 0.39765625
28 0.14765625 0.384375 0.0625 0.41640625
11 0.43046875 0.4765625 0.06015625 0.41875
1 0.484375 0.5015625 0.0390625 0.41875
7 0.72578125 0.5890625 0.0609375 0.421875
13 0.0265625 0.3421875 0.053125 0.4171875
13 0.203125 0.40390625 0.0546875 0.3953125
28 0.08203125 0.3609375 0.0640625 0.41484375