8 0.8359375 0.60703125 0.04453125 0.37890625
3 0.94375 0.640625 0.0453125 0.390625
3 0.884375 0.621875 0.0453125 0.38359375
1 0.41640625 0.49765625 0.0296875 0.40390625
11 0.5234375 0.52890625 0.05234375 0.41796875
0 0.73828125 0.578125 0.04296875 0.3796875
4 0.46953125 0.51796875 0.04765625 0.40078125
30 0.0640625 0.40546875 0.059375 0.4390625
16 0.26328125 0.45234375 0.06015625 0.421875
2 0.325 0.4765625 0.05078125 0.40546875
14 0.20625 0.43828125 0.0515625 0.43359375
0 0.68984375 0.56640625 0.04296875 0.39140625
22 0.5875 0.54140625 0.05625 0.42265625
0 0.640625 0.5546875 0.0453125 0.40390625
6 0.784375 0.5890625 0.046875 0.38046875
4 0.36953125 0.48671875 0.04296875 0.40859375
29 0.13671875 0.41640625 0.0828125 0.44609375