20 0.06328125 0.1296875 0.0765625 0.15078125
1 0.64921875 0.61875 0.071875 0.14921875
6 0.484375 0.47578125 0.06875 0.1296875
2 0.88125 0.81953125 0.0765625 0.14609375
8 0.94140625 0.86875 0.0828125 0.13359375
1 0.82578125 0.7671875 0.0625 0.13984375
3 0.32265625 0.34140625 0.07109375 0.13359375
5 0.765625 0.71640625 0.075 0.14296875
10 0.21875 0.25234375 0.07109375 0.13984375
21 0.5375 0.5109375 0.0796875 0.15234375
9 0.4296875 0.425 0.07109375 0.13203125
32 0.1671875 0.21015625 0.0703125 0.1203125
5 0.26796875 0.296875 0.06640625 0.13125
0 0.70546875 0.66640625 0.07890625 0.14765625
28 0.11875 0.16171875 0.05 0.1296875
23 0.36640625 0.371875 0.0671875 0.13515625
12 0.5890625 0.56171875 0.0703125 0.13984375