20 0.06328125 0.12890625 0.07890625 0.153125
2 0.88046875 0.8203125 0.0765625 0.14765625
6 0.484375 0.475 0.06796875 0.13125
1 0.82578125 0.7671875 0.06171875 0.14140625
1 0.64921875 0.61875 0.07265625 0.15
21 0.53828125 0.52265625 0.08359375 0.16171875
5 0.765625 0.71640625 0.07578125 0.146875
8 0.94140625 0.86953125 0.08203125 0.134375
3 0.3234375 0.34140625 0.07109375 0.1359375
9 0.4296875 0.42421875 0.071875 0.13203125
10 0.21796875 0.253125 0.07265625 0.14375
5 0.26875 0.2984375 0.0671875 0.13359375
28 0.1140625 0.15859375 0.0625 0.1265625
32 0.16171875 0.20546875 0.07265625 0.13125
23 0.365625 0.36796875 0.071875 0.12421875
12 0.59140625 0.5625 0.0671875 0.1328125
0 0.7 0.6578125 0.065625 0.134375