10 0.2578125 0.346875 0.05546875 0.23359375
22 0.32109375 0.3734375 0.0578125 0.23828125
2 0.84921875 0.71640625 0.04609375 0.234375
17 0.6453125 0.57890625 0.05546875 0.24453125
30 0.48515625 0.47578125 0.05078125 0.2296875
1 0.90625 0.75234375 0.0328125 0.234375
0 0.74609375 0.6546875 0.04296875 0.22578125
4 0.371875 0.40859375 0.04609375 0.2125
8 0.2046875 0.30546875 0.0484375 0.2171875
0 0.5375 0.51640625 0.04609375 0.2359375
22 0.5921875 0.55234375 0.0546875 0.23828125
30 0.06875 0.23046875 0.05546875 0.2359375
0 0.69765625 0.6140625 0.0484375 0.23125
22 0.43046875 0.43984375 0.05703125 0.23046875
29 0.14140625 0.27109375 0.078125 0.23359375
8 0.95625 0.79296875 0.05 0.234375
6 0.79921875 0.6875 0.04375 0.21328125