10 0.2578125 0.346875 0.05546875 0.2328125
22 0.32109375 0.371875 0.05859375 0.2359375
2 0.84921875 0.7171875 0.04609375 0.23203125
17 0.6453125 0.578125 0.05625 0.24296875
30 0.0640625 0.2296875 0.0546875 0.23828125
1 0.90625 0.753125 0.0328125 0.23046875
30 0.48515625 0.4765625 0.05078125 0.23125
0 0.746875 0.6546875 0.04296875 0.22578125
4 0.371875 0.4078125 0.046875 0.21015625
0 0.5375 0.5171875 0.046875 0.2375
29 0.13828125 0.26015625 0.0796875 0.24296875
22 0.59140625 0.553125 0.05390625 0.2375
0 0.69765625 0.6140625 0.04921875 0.228125
8 0.2046875 0.3046875 0.05 0.2203125
22 0.4296875 0.43984375 0.05703125 0.23046875
8 0.95859375 0.78671875 0.04921875 0.23125
6 0.80078125 0.6859375 0.0390625 0.24609375