12 0.22890625 0.478125 0.04609375 0.5625
32 0.0625 0.46328125 0.05 0.590625
10 0.4375 0.49609375 0.046875 0.55703125
9 0.1171875 0.4703125 0.04375 0.57421875
3 0.9359375 0.53125 0.04765625 0.5484375
11 0.49375 0.49609375 0.0484375 0.56640625
22 0.54921875 0.49921875 0.04140625 0.56640625
6 0.70859375 0.50859375 0.04453125 0.56328125
6 0.878125 0.52265625 0.04453125 0.559375
3 0.82109375 0.52421875 0.04375 0.56640625
4 0.17421875 0.46875 0.04453125 0.56484375
5 0.334375 0.48515625 0.04140625 0.57109375
24 0.6046875 0.5 0.04609375 0.56875
9 0.76171875 0.5171875 0.04375 0.5640625
1 0.38359375 0.4859375 0.0265625 0.5640625
2 0.2796875 0.48125 0.04765625 0.5703125
1 0.65703125 0.5109375 0.03203125 0.56171875