32 0.0578125 0.6390625 0.04375 0.51640625
12 0.21796875 0.5953125 0.053125 0.5
8 0.87578125 0.425 0.04765625 0.52421875
2 0.65 0.4875 0.04921875 0.51015625
24 0.5953125 0.49921875 0.05078125 0.51328125
11 0.48203125 0.52578125 0.04375 0.50703125
2 0.26953125 0.578125 0.0453125 0.51015625
9 0.1046875 0.6296875 0.04453125 0.49140625
4 0.1609375 0.6046875 0.04375 0.49453125
4 0.70390625 0.47421875 0.0484375 0.52734375
7 0.9421875 0.4109375 0.0453125 0.5359375
4 0.32109375 0.565625 0.0484375 0.5046875
7 0.7578125 0.45390625 0.05 0.528125
0 0.8203125 0.44609375 0.05390625 0.52578125
1 0.37265625 0.5515625 0.03359375 0.50078125
11 0.42421875 0.5375 0.04921875 0.50234375
21 0.53203125 0.509375 0.05390625 0.5125