12 0.21875 0.59453125 0.05078125 0.49140625
24 0.59375 0.49453125 0.05078125 0.50078125
8 0.87578125 0.42265625 0.04765625 0.51484375
4 0.16171875 0.6046875 0.04296875 0.48828125
32 0.05703125 0.63359375 0.04296875 0.50703125
9 0.10546875 0.6296875 0.046875 0.48515625
4 0.70234375 0.4703125 0.046875 0.515625
7 0.7578125 0.45234375 0.046875 0.515625
11 0.4828125 0.5203125 0.04453125 0.496875
0 0.8203125 0.44453125 0.0515625 0.5125
1 0.37265625 0.5484375 0.03046875 0.48828125
7 0.940625 0.40546875 0.0453125 0.53203125
2 0.265625 0.584375 0.04609375 0.4859375
2 0.6484375 0.484375 0.04765625 0.503125
4 0.32109375 0.56875 0.04765625 0.4953125
22 0.53125 0.5046875 0.0484375 0.5
11 0.42578125 0.5375 0.0484375 0.48671875