5 0.91875 0.44140625 0.04765625 0.46640625
12 0.3 0.5640625 0.05078125 0.45703125
0 0.66875 0.47890625 0.04375 0.45234375
5 0.81875 0.459375 0.0421875 0.453125
7 0.7671875 0.46796875 0.04375 0.45703125
7 0.8703125 0.4546875 0.04140625 0.45390625
30 0.4984375 0.525 0.04921875 0.453125
21 0.55390625 0.49765625 0.06015625 0.4578125
30 0.15546875 0.59921875 0.05078125 0.4703125
18 0.2484375 0.578125 0.040625 0.4578125
5 0.7203125 0.46953125 0.04609375 0.453125
19 0.6171875 0.49609375 0.04765625 0.44921875
21 0.0921875 0.60625 0.06953125 0.47421875
10 0.35234375 0.53359375 0.04609375 0.4359375
18 0.396875 0.540625 0.0375 0.4515625
11 0.44375 0.53046875 0.04375 0.45234375
1 0.20234375 0.58125 0.028125 0.46953125