12 0.30078125 0.5625 0.0515625 0.4609375
5 0.91875 0.44140625 0.04765625 0.46796875
0 0.6703125 0.4859375 0.04453125 0.4421875
5 0.81875 0.45703125 0.0421875 0.4578125
21 0.55546875 0.50390625 0.06171875 0.459375
21 0.0875 0.61328125 0.06171875 0.48984375
30 0.49453125 0.515625 0.05859375 0.4703125
30 0.15546875 0.596875 0.05390625 0.4765625
7 0.86875 0.4546875 0.04375 0.4625
7 0.7671875 0.46640625 0.04296875 0.45546875
18 0.2484375 0.5765625 0.04140625 0.46171875
10 0.34921875 0.546875 0.04296875 0.47578125
5 0.7203125 0.46953125 0.046875 0.453125
19 0.62109375 0.48984375 0.0484375 0.45
1 0.2015625 0.58203125 0.028125 0.47734375
18 0.39609375 0.5359375 0.03984375 0.46484375
11 0.44375 0.5265625 0.04453125 0.4625