12 0.3 0.56484375 0.0515625 0.46015625
5 0.91875 0.44140625 0.0484375 0.46796875
0 0.66875 0.478125 0.0453125 0.4546875
21 0.55625 0.503125 0.0625 0.45859375
5 0.81875 0.45703125 0.0421875 0.4578125
21 0.0875 0.6125 0.06171875 0.48828125
30 0.1546875 0.596875 0.05390625 0.47421875
30 0.4984375 0.5203125 0.05078125 0.459375
7 0.7671875 0.4671875 0.04453125 0.45859375
7 0.86875 0.45390625 0.04453125 0.4640625
18 0.2484375 0.57734375 0.0421875 0.46015625
6 0.7203125 0.475 0.05078125 0.44921875
10 0.34921875 0.54765625 0.04296875 0.475
19 0.62109375 0.48984375 0.0484375 0.45
18 0.39609375 0.53671875 0.040625 0.4625
1 0.2015625 0.5828125 0.02890625 0.47578125
11 0.44375 0.5265625 0.0453125 0.46015625