13 0.6546875 0.428125 0.0578125 0.44921875
11 0.29140625 0.56171875 0.06015625 0.440625
13 0.22578125 0.58515625 0.05859375 0.46015625
9 0.5234375 0.48046875 0.053125 0.4296875
21 0.59296875 0.4484375 0.075 0.45625
28 0.1640625 0.60703125 0.06484375 0.475
4 0.85703125 0.35546875 0.0625 0.428125
20 0.046875 0.64609375 0.05 0.47890625
2 0.35234375 0.54609375 0.05859375 0.4421875
4 0.41015625 0.51796875 0.05703125 0.4421875
28 0.09375 0.63125 0.06171875 0.48359375
2 0.96328125 0.31953125 0.059375 0.43046875
0 0.75 0.39296875 0.0578125 0.44453125
9 0.80390625 0.36796875 0.0546875 0.42421875
1 0.7 0.4078125 0.04140625 0.45234375
11 0.46953125 0.49765625 0.05859375 0.44296875
5 0.90859375 0.3328125 0.05390625 0.42890625