28 0.16484375 0.60546875 0.0640625 0.47578125
9 0.52109375 0.47890625 0.053125 0.43046875
13 0.653125 0.4234375 0.05546875 0.43984375
20 0.04609375 0.65 0.05 0.48125
11 0.29140625 0.5625 0.0578125 0.44609375
28 0.0953125 0.63125 0.06328125 0.48203125
21 0.590625 0.45 0.06796875 0.44375
4 0.41015625 0.51953125 0.0546875 0.4421875
13 0.22578125 0.58515625 0.05703125 0.4625
2 0.9625 0.3125 0.0515625 0.41953125
4 0.8546875 0.35546875 0.0515625 0.41171875
9 0.803125 0.36875 0.04921875 0.41015625
5 0.9078125 0.32578125 0.0484375 0.4296875
11 0.46953125 0.4953125 0.05234375 0.43515625
2 0.3515625 0.54609375 0.0578125 0.446875
1 0.70078125 0.40625 0.0359375 0.43359375
0 0.7484375 0.3921875 0.05078125 0.4296875