12 0.22421875 0.571875 0.05546875 0.4828125
32 0.0625 0.6109375 0.04765625 0.50078125
7 0.82265625 0.428125 0.05078125 0.4953125
3 0.76640625 0.44375 0.04765625 0.48046875
9 0.115625 0.6 0.0484375 0.48046875
11 0.43515625 0.5171875 0.0515625 0.478125
11 0.49140625 0.50546875 0.05078125 0.471875
4 0.16796875 0.578125 0.046875 0.48984375
2 0.65859375 0.4734375 0.04921875 0.48359375
1 0.38046875 0.5390625 0.03515625 0.48671875
4 0.33125 0.5453125 0.0484375 0.49140625
2 0.27890625 0.55859375 0.05234375 0.49375
21 0.5453125 0.49453125 0.06015625 0.4796875
0 0.875 0.4234375 0.05078125 0.4921875
24 0.60078125 0.48046875 0.05546875 0.4890625
2 0.9390625 0.41328125 0.05234375 0.50078125
4 0.7109375 0.4609375 0.05078125 0.484375