12 0.225 0.56796875 0.04921875 0.4515625
32 0.0625 0.60625 0.046875 0.47734375
7 0.8203125 0.42578125 0.04453125 0.4703125
3 0.7671875 0.440625 0.04375 0.46484375
11 0.43515625 0.51640625 0.04765625 0.4484375
4 0.3296875 0.54453125 0.04375 0.45703125
4 0.1671875 0.578125 0.04375 0.45625
9 0.11640625 0.59921875 0.0453125 0.45546875
24 0.6 0.47890625 0.05078125 0.4578125
11 0.490625 0.5 0.046875 0.45546875
2 0.278125 0.55546875 0.04609375 0.459375
2 0.65703125 0.475 0.04296875 0.46640625
2 0.93515625 0.40625 0.04765625 0.47109375
22 0.54375 0.490625 0.0515625 0.44765625
1 0.3796875 0.53359375 0.03125 0.446875
4 0.71484375 0.4546875 0.05 0.465625
12 0.87890625 0.4171875 0.04609375 0.46640625