12 0.2234375 0.57109375 0.05546875 0.484375
32 0.06328125 0.6109375 0.04765625 0.503125
7 0.82265625 0.42734375 0.05078125 0.49296875
3 0.76640625 0.44375 0.04765625 0.478125
9 0.115625 0.6 0.04765625 0.4828125
11 0.43515625 0.5171875 0.05234375 0.478125
2 0.6578125 0.47265625 0.05 0.48359375
4 0.16796875 0.57734375 0.046875 0.49140625
11 0.49140625 0.50234375 0.0515625 0.48203125
1 0.38046875 0.5390625 0.0359375 0.4859375
2 0.27890625 0.5578125 0.05234375 0.49453125
4 0.33125 0.5453125 0.0484375 0.49140625
0 0.875 0.4234375 0.05078125 0.48984375
21 0.5453125 0.49375 0.06015625 0.478125
24 0.60234375 0.48203125 0.05546875 0.48125
2 0.9390625 0.41328125 0.053125 0.49921875
4 0.7109375 0.46015625 0.05078125 0.4828125