20 0.578125 0.565625 0.05234375 0.41796875
11 0.515625 0.54140625 0.05625 0.4234375
4 0.3609375 0.50703125 0.0515625 0.4125
0 0.68671875 0.5828125 0.04296875 0.40859375
14 0.2078125 0.45546875 0.05859375 0.43359375
0 0.7890625 0.61953125 0.04609375 0.40234375
20 0.26171875 0.47890625 0.05078125 0.415625
6 0.459375 0.52265625 0.05 0.41796875
0 0.74140625 0.59765625 0.04453125 0.403125
30 0.059375 0.415625 0.0625 0.44609375
12 0.634375 0.55859375 0.05703125 0.40625
29 0.13125 0.42890625 0.08828125 0.45390625
8 0.9359375 0.64140625 0.05 0.4109375
1 0.4125 0.5203125 0.03515625 0.41796875
1 0.8875 0.63671875 0.03671875 0.41171875
2 0.31484375 0.49296875 0.0453125 0.4171875
7 0.83984375 0.63046875 0.04609375 0.41875