8 0.95 0.7 0.04921875 0.33515625
2 0.8390625 0.66640625 0.0484375 0.33515625
29 0.125 0.35078125 0.08203125 0.371875
11 0.5046875 0.5140625 0.05546875 0.34921875
4 0.34453125 0.44921875 0.04375 0.34453125
11 0.45 0.4921875 0.05078125 0.34453125
20 0.2421875 0.40703125 0.0453125 0.353125
14 0.190625 0.38828125 0.0515625 0.35859375
6 0.89375 0.68046875 0.05234375 0.33671875
0 0.684375 0.590625 0.04609375 0.3359375
1 0.38828125 0.471875 0.03125 0.3453125
0 0.73046875 0.6140625 0.046875 0.33828125
0 0.63125 0.56796875 0.0453125 0.3375
1 0.7890625 0.6375 0.0375 0.33984375
30 0.05703125 0.32890625 0.06015625 0.37578125
21 0.57109375 0.54453125 0.06640625 0.35859375
22 0.29375 0.421875 0.05234375 0.3375