8 0.95 0.70078125 0.0484375 0.33203125
29 0.12578125 0.34921875 0.0796875 0.3671875
11 0.5046875 0.51328125 0.0546875 0.34296875
2 0.83828125 0.66484375 0.04765625 0.32734375
4 0.3453125 0.4484375 0.04296875 0.33984375
6 0.89453125 0.68125 0.05078125 0.3328125
11 0.45 0.49140625 0.05 0.33984375
14 0.19296875 0.3796875 0.0484375 0.35859375
20 0.240625 0.40546875 0.04140625 0.35546875
0 0.6359375 0.56484375 0.0453125 0.33125
0 0.6828125 0.590625 0.04765625 0.33203125
1 0.38984375 0.46953125 0.03203125 0.3375
0 0.73046875 0.6140625 0.046875 0.33515625
30 0.05703125 0.325 0.05859375 0.3625
21 0.57109375 0.54375 0.06484375 0.35234375
1 0.7890625 0.6375 0.03671875 0.33125
22 0.29375 0.428125 0.053125 0.34375