13 0.2265625 0.5875 0.0640625 0.4796875
8 0.9078125 0.34140625 0.0546875 0.40546875
4 0.53671875 0.47890625 0.06328125 0.45859375
0 0.75 0.396875 0.0578125 0.4265625
21 0.6 0.4546875 0.075 0.45625
13 0.665625 0.43515625 0.0578125 0.44296875
28 0.08984375 0.640625 0.0734375 0.51796875
4 0.421875 0.5234375 0.0640625 0.4578125
11 0.29609375 0.565625 0.06328125 0.46171875
9 0.80703125 0.378125 0.05625 0.41015625
28 0.16328125 0.61640625 0.071875 0.509375
1 0.70703125 0.41953125 0.0390625 0.4421875
2 0.96171875 0.3234375 0.0578125 0.41875
11 0.4828125 0.4921875 0.0609375 0.4578125
20 0.0296875 0.6625 0.05859375 0.51640625
2 0.359375 0.54921875 0.0640625 0.46328125
6 0.85859375 0.35703125 0.059375 0.40625