20 0.05625 0.5453125 0.0515625 0.6265625
13 0.23359375 0.5296875 0.05546875 0.59921875
13 0.62265625 0.48046875 0.0578125 0.584375
7 0.88046875 0.45078125 0.05078125 0.584375
21 0.55390625 0.48828125 0.06875 0.5765625
11 0.4359375 0.5 0.05234375 0.5765625
2 0.6765625 0.4765625 0.05625 0.58203125
28 0.11171875 0.54609375 0.06015625 0.6078125
28 0.17578125 0.53671875 0.0578125 0.6046875
9 0.7703125 0.4671875 0.05234375 0.56953125
11 0.2984375 0.52578125 0.05703125 0.5875
7 0.93828125 0.446875 0.05546875 0.5828125
1 0.3828125 0.50859375 0.0390625 0.58203125
1 0.72578125 0.475 0.03671875 0.57109375
3 0.82421875 0.45625 0.046875 0.58203125
1 0.3484375 0.51953125 0.034375 0.575
3 0.48984375 0.49765625 0.0453125 0.57265625