20 0.0546875 0.55078125 0.05 0.603125
13 0.62265625 0.48203125 0.05390625 0.56953125
13 0.23359375 0.53515625 0.05234375 0.5765625
28 0.1765625 0.5390625 0.05625 0.58203125
2 0.67578125 0.48203125 0.0546875 0.5640625
11 0.4359375 0.50390625 0.04921875 0.5546875
21 0.55390625 0.49375 0.06484375 0.55703125
7 0.88046875 0.45625 0.0453125 0.565625
9 0.7703125 0.471875 0.04921875 0.54765625
28 0.1125 0.54921875 0.059375 0.58515625
7 0.9375 0.44765625 0.0515625 0.5671875
3 0.82421875 0.45859375 0.04375 0.56328125
1 0.38359375 0.5125 0.0359375 0.56484375
11 0.2984375 0.5296875 0.05625 0.5671875
1 0.3484375 0.52109375 0.0328125 0.56015625
1 0.72578125 0.47890625 0.03359375 0.55234375
3 0.48984375 0.49609375 0.05 0.5578125