10 0.24609375 0.3765625 0.04921875 0.2921875
30 0.46015625 0.49375 0.04921875 0.3171875
30 0.065625 0.2765625 0.0453125 0.29765625
0 0.7296875 0.65078125 0.04296875 0.2859375
22 0.3046875 0.4078125 0.046875 0.29921875
29 0.13046875 0.30546875 0.065625 0.30703125
2 0.8390625 0.71171875 0.04375 0.30390625
17 0.62734375 0.59140625 0.05 0.29375
0 0.67734375 0.6234375 0.04609375 0.29453125
22 0.56796875 0.55703125 0.05546875 0.29609375
8 0.19296875 0.34140625 0.0375 0.27578125
0 0.890625 0.7375 0.0453125 0.31640625
2 0.95078125 0.775 0.0421875 0.3
7 0.51328125 0.525 0.04140625 0.29609375
6 0.78671875 0.6875 0.0421875 0.29921875
22 0.4046875 0.4640625 0.04765625 0.30703125
4 0.35234375 0.4328125 0.04140625 0.30078125