24 0.571875 0.528125 0.07890625 0.3953125
11 0.4671875 0.478125 0.07734375 0.3765625
32 0.07265625 0.30078125 0.0875 0.3796875
2 0.80625 0.62734375 0.07578125 0.4109375
4 0.68671875 0.58125 0.07421875 0.39765625
4 0.31953125 0.41953125 0.0671875 0.34921875
9 0.1234375 0.32265625 0.06875 0.34296875
4 0.171875 0.34296875 0.07265625 0.3609375
2 0.63359375 0.55625 0.07421875 0.3859375
5 0.746875 0.60703125 0.0734375 0.39765625
1 0.8671875 0.6546875 0.06640625 0.4109375
4 0.93046875 0.67578125 0.07578125 0.3984375
2 0.26484375 0.39609375 0.071875 0.36484375
12 0.21875 0.36484375 0.07578125 0.3671875
1 0.36484375 0.4296875 0.06171875 0.36171875
21 0.51953125 0.5015625 0.0796875 0.3828125
10 0.41640625 0.44765625 0.06875 0.3609375