2 0.67109375 0.603125 0.06796875 0.2953125
13 0.23984375 0.31640625 0.06875 0.27734375
20 0.0765625 0.2203125 0.07109375 0.27578125
13 0.61171875 0.56484375 0.06953125 0.29921875
5 0.95078125 0.77890625 0.06875 0.28671875
11 0.42421875 0.43984375 0.06640625 0.28828125
1 0.37421875 0.41796875 0.04921875 0.26953125
1 0.7234375 0.6453125 0.0453125 0.27421875
1 0.34296875 0.39140625 0.053125 0.28203125
7 0.4859375 0.4828125 0.0703125 0.3
3 0.828125 0.70625 0.059375 0.29140625
11 0.29140625 0.36171875 0.07109375 0.28984375
28 0.18828125 0.28203125 0.07265625 0.28046875
9 0.77265625 0.67109375 0.0625 0.278125
28 0.1328125 0.2453125 0.0703125 0.2828125
6 0.88828125 0.74921875 0.0625 0.27890625
21 0.55078125 0.52421875 0.0828125 0.30234375