0 0.72265625 0.67421875 0.0609375 0.16328125
2 0.8296875 0.7609375 0.0640625 0.15234375
17 0.61796875 0.5921875 0.0671875 0.16171875
0 0.67109375 0.63828125 0.0578125 0.159375
10 0.23828125 0.29140625 0.059375 0.14765625
9 0.94140625 0.85859375 0.06640625 0.16171875
30 0.06484375 0.153125 0.07109375 0.16953125
5 0.8875 0.81328125 0.07109375 0.159375
22 0.2953125 0.33359375 0.0703125 0.16875
22 0.4 0.42421875 0.0671875 0.165625
30 0.45546875 0.459375 0.0625 0.1609375
8 0.1875 0.25 0.0578125 0.15078125
6 0.7765625 0.72109375 0.06328125 0.1578125
22 0.56015625 0.54453125 0.0671875 0.1703125
29 0.13515625 0.19453125 0.071875 0.16015625
4 0.34765625 0.37578125 0.04453125 0.1375
3 0.5078125 0.50546875 0.04609375 0.1375