0 0.7234375 0.6796875 0.06875 0.1765625
30 0.0640625 0.14921875 0.07421875 0.1765625
30 0.45625 0.4578125 0.0703125 0.18203125
2 0.82890625 0.7625 0.075 0.18359375
0 0.67109375 0.63828125 0.06484375 0.171875
17 0.61796875 0.58359375 0.07890625 0.190625
9 0.94296875 0.8578125 0.0734375 0.1828125
5 0.88828125 0.80625 0.07734375 0.1828125
10 0.23828125 0.2875 0.065625 0.17109375
22 0.29453125 0.32890625 0.08046875 0.18046875
6 0.7765625 0.71328125 0.07265625 0.18125
29 0.12734375 0.1890625 0.08515625 0.18359375
22 0.39765625 0.415625 0.053125 0.1671875
8 0.1859375 0.24765625 0.065625 0.1609375
4 0.3453125 0.38125 0.0453125 0.134375
3 0.50703125 0.51015625 0.04609375 0.134375
22 0.56015625 0.54453125 0.0578125 0.16015625