21 0.571875 0.5296875 0.06640625 0.51484375
20 0.05390625 0.45390625 0.0515625 0.565625
11 0.44609375 0.50859375 0.05078125 0.5171875
13 0.23828125 0.48046875 0.05625 0.5390625
8 0.9484375 0.59453125 0.046875 0.47890625
1 0.68515625 0.5484375 0.03359375 0.50546875
2 0.7875 0.56796875 0.05390625 0.5046875
13 0.640625 0.5390625 0.05234375 0.5046875
28 0.1125 0.46484375 0.0625 0.54453125
30 0.50625 0.51875 0.05859375 0.509375
5 0.73359375 0.55234375 0.04921875 0.50703125
28 0.1796875 0.46875 0.06171875 0.5421875
5 0.89453125 0.58359375 0.04765625 0.49765625
11 0.3046875 0.48828125 0.053125 0.5265625
2 0.84375 0.58515625 0.05078125 0.49921875
1 0.39453125 0.5015625 0.03359375 0.52109375
1 0.353125 0.49765625 0.0359375 0.5296875