21 0.5734375 0.53046875 0.0671875 0.5125
20 0.05390625 0.45390625 0.05234375 0.5640625
11 0.44609375 0.50859375 0.0515625 0.51640625
8 0.9484375 0.59453125 0.04765625 0.48125
13 0.23828125 0.475 0.05625 0.54375
2 0.78828125 0.56953125 0.0546875 0.515625
1 0.6859375 0.54921875 0.034375 0.50703125
13 0.64140625 0.5390625 0.05234375 0.5046875
28 0.1125 0.46484375 0.06328125 0.54296875
30 0.50625 0.51875 0.059375 0.51015625
2 0.84375 0.58515625 0.0515625 0.503125
28 0.1796875 0.46953125 0.06171875 0.5421875
5 0.89375 0.584375 0.0484375 0.5015625
11 0.30546875 0.48828125 0.053125 0.5203125
1 0.39453125 0.50234375 0.03359375 0.521875
5 0.73359375 0.55390625 0.04921875 0.51171875
1 0.353125 0.49765625 0.03671875 0.53046875