21 0.5734375 0.53359375 0.06796875 0.53046875
11 0.44609375 0.51015625 0.05234375 0.53203125
20 0.0546875 0.46015625 0.0546875 0.5734375
8 0.9484375 0.59375 0.0484375 0.5
13 0.23828125 0.47734375 0.05703125 0.55
2 0.7875 0.571875 0.05625 0.525
2 0.84375 0.58515625 0.05234375 0.51640625
1 0.6859375 0.55078125 0.03515625 0.51875
13 0.6421875 0.540625 0.053125 0.5203125
28 0.1125 0.46875 0.065625 0.55234375
11 0.30625 0.49453125 0.053125 0.54140625
30 0.50625 0.5203125 0.0609375 0.53046875
28 0.18046875 0.46953125 0.0609375 0.55859375
5 0.73359375 0.5578125 0.05078125 0.528125
5 0.896875 0.590625 0.05 0.50234375
1 0.3953125 0.50390625 0.03515625 0.53984375
1 0.353125 0.4984375 0.0375 0.54609375