30 0.0578125 0.2203125 0.04921875 0.25
30 0.453125 0.4765625 0.0453125 0.2625
17 0.61875 0.5890625 0.0515625 0.26015625
22 0.29765625 0.36953125 0.05078125 0.25234375
0 0.7234375 0.66484375 0.0421875 0.25234375
0 0.67109375 0.625 0.04140625 0.25546875
10 0.23359375 0.3375 0.05078125 0.24921875
8 0.1859375 0.303125 0.03828125 0.22421875
6 0.775 0.69765625 0.0453125 0.2546875
29 0.1234375 0.25703125 0.06328125 0.26953125
2 0.8296875 0.740625 0.0421875 0.26171875
9 0.88125 0.77265625 0.04609375 0.2609375
0 0.509375 0.5234375 0.04453125 0.24609375
7 0.94296875 0.80859375 0.03984375 0.2609375
4 0.3453125 0.409375 0.03984375 0.234375
22 0.396875 0.44140625 0.05234375 0.25
22 0.5625 0.55 0.053125 0.26171875