30 0.0578125 0.22421875 0.0453125 0.246875
30 0.45234375 0.478125 0.04140625 0.253125
17 0.61953125 0.59453125 0.046875 0.25078125
10 0.234375 0.33828125 0.046875 0.240625
8 0.1859375 0.30546875 0.0359375 0.221875
0 0.72265625 0.665625 0.03984375 0.24609375
0 0.6703125 0.62578125 0.03828125 0.246875
29 0.1203125 0.25078125 0.0578125 0.2609375
2 0.8296875 0.73984375 0.03828125 0.25390625
7 0.9421875 0.81015625 0.0390625 0.25546875
9 0.88046875 0.77421875 0.04453125 0.25390625
6 0.7734375 0.7 0.040625 0.24296875
0 0.50859375 0.5234375 0.040625 0.2515625
22 0.3953125 0.4453125 0.05078125 0.25
22 0.2984375 0.37734375 0.04765625 0.23984375
4 0.346875 0.41328125 0.03515625 0.22734375
22 0.559375 0.55 0.05234375 0.2390625