13 0.6296875 0.48984375 0.04921875 0.48515625
8 0.83515625 0.4546875 0.05078125 0.46796875
13 0.24140625 0.575 0.05546875 0.50859375
4 0.72734375 0.47421875 0.05078125 0.47578125
11 0.44453125 0.5359375 0.04921875 0.48515625
11 0.30703125 0.56484375 0.0515625 0.50078125
9 0.93359375 0.43203125 0.05078125 0.45625
1 0.88046875 0.4390625 0.0328125 0.4703125
9 0.4984375 0.51953125 0.0546875 0.4875
28 0.1234375 0.59921875 0.0546875 0.52109375
1 0.6765625 0.4796875 0.03125 0.4875
1 0.39140625 0.5421875 0.0328125 0.49609375
28 0.1859375 0.58359375 0.06015625 0.521875
9 0.778125 0.46484375 0.05 0.47265625
20 0.07421875 0.603125 0.04921875 0.534375
1 0.3515625 0.55703125 0.03125 0.50078125
21 0.56484375 0.51171875 0.0609375 0.48671875