10 0.4359375 0.50859375 0.04453125 0.5140625
6 0.49296875 0.51328125 0.046875 0.50859375
6 0.65546875 0.5453125 0.04921875 0.5109375
10 0.59765625 0.5265625 0.04375 0.5109375
32 0.11796875 0.45390625 0.0453125 0.51015625
4 0.38046875 0.49921875 0.0484375 0.51875
0 0.3296875 0.490625 0.04765625 0.51484375
15 0.27421875 0.4765625 0.046875 0.51171875
3 0.88203125 0.58984375 0.0515625 0.49921875
15 0.2234375 0.46953125 0.0484375 0.51484375
1 0.70546875 0.553125 0.02890625 0.51484375
1 0.81875 0.5734375 0.03671875 0.51875
2 0.9421875 0.59609375 0.0484375 0.5125
21 0.54609375 0.5203125 0.04609375 0.50546875
1 0.765625 0.5671875 0.03671875 0.52109375
16 0.16953125 0.45703125 0.04765625 0.50859375
30 0.06640625 0.44453125 0.046875 0.5