10 0.43671875 0.509375 0.0453125 0.51484375
10 0.5984375 0.52890625 0.0453125 0.515625
6 0.65546875 0.54609375 0.05078125 0.51484375
3 0.88125 0.59140625 0.05390625 0.51171875
6 0.4875 0.4984375 0.0484375 0.51328125
4 0.38125 0.50078125 0.0484375 0.51875
32 0.11875 0.45234375 0.046875 0.515625
15 0.2234375 0.47109375 0.04921875 0.5171875
0 0.3296875 0.49140625 0.04921875 0.51640625
15 0.27421875 0.478125 0.04765625 0.5140625
1 0.70546875 0.55234375 0.0296875 0.525
1 0.8203125 0.58125 0.040625 0.52109375
2 0.94140625 0.603125 0.05078125 0.51953125
21 0.54453125 0.51796875 0.06015625 0.5125
16 0.1703125 0.459375 0.05 0.51328125
30 0.065625 0.44375 0.046875 0.50546875
1 0.76484375 0.56875 0.0390625 0.525