11 0.33828125 0.4609375 0.05 0.46875
8 0.790625 0.5578125 0.053125 0.47421875
9 0.8953125 0.58359375 0.0546875 0.46015625
3 0.2328125 0.434375 0.046875 0.4578125
7 0.684375 0.54140625 0.04921875 0.47734375
1 0.184375 0.41875 0.03671875 0.47109375
21 0.5703125 0.515625 0.06796875 0.478125
0 0.4546875 0.4875 0.053125 0.475
21 0.39609375 0.4796875 0.065625 0.4765625
30 0.1328125 0.39765625 0.05546875 0.4859375
0 0.50703125 0.50390625 0.04921875 0.4765625
1 0.9515625 0.59140625 0.046875 0.4671875
2 0.73828125 0.55234375 0.0484375 0.47734375
7 0.84296875 0.56875 0.05 0.4734375
6 0.28515625 0.45234375 0.05390625 0.45546875
19 0.63359375 0.54140625 0.05546875 0.4703125
21 0.06953125 0.37734375 0.071875 0.4984375