8 0.79140625 0.559375 0.05078125 0.475
0 0.45546875 0.49609375 0.04609375 0.45625
21 0.56953125 0.51875 0.0625 0.4609375
9 0.89453125 0.58203125 0.04921875 0.47421875
1 0.1828125 0.41640625 0.034375 0.47109375
7 0.68359375 0.54375 0.046875 0.471875
0 0.50859375 0.51015625 0.0484375 0.4578125
11 0.3390625 0.46015625 0.046875 0.46796875
3 0.2328125 0.43203125 0.04453125 0.4625
1 0.95234375 0.58515625 0.03671875 0.478125
7 0.84453125 0.5640625 0.0484375 0.4828125
30 0.13515625 0.390625 0.05625 0.490625
21 0.39609375 0.47734375 0.06171875 0.46875
2 0.73828125 0.5515625 0.0453125 0.46875
19 0.63046875 0.51640625 0.05 0.45703125
6 0.2828125 0.4484375 0.05078125 0.44140625
21 0.0703125 0.38828125 0.071875 0.49140625