8 0.3515625 0.5234375 0.05234375 0.59453125
4 0.446875 0.528125 0.0515625 0.59765625
6 0.87578125 0.56796875 0.053125 0.5984375
22 0.56171875 0.53515625 0.0578125 0.59609375
24 0.6171875 0.54609375 0.05703125 0.5953125
23 0.2390625 0.51015625 0.05625 0.61015625
3 0.82578125 0.56640625 0.05 0.59453125
4 0.18125 0.50859375 0.05390625 0.60546875
11 0.503125 0.53203125 0.0578125 0.59609375
9 0.7671875 0.55625 0.053125 0.603125
0 0.67421875 0.553125 0.05546875 0.5953125
9 0.1234375 0.50390625 0.05 0.59296875
1 0.4015625 0.5296875 0.0296875 0.596875
12 0.2953125 0.515625 0.053125 0.60703125
32 0.0734375 0.50625 0.05234375 0.60859375
4 0.94140625 0.575 0.0578125 0.5953125
1 0.72109375 0.56015625 0.0375 0.5921875