8 0.24375 0.43984375 0.04140625 0.4671875
2 0.8703125 0.62734375 0.046875 0.478125
6 0.9203125 0.63671875 0.04453125 0.4671875
21 0.55546875 0.53046875 0.06171875 0.471875
4 0.1390625 0.41953125 0.04921875 0.48359375
7 0.2921875 0.4609375 0.04140625 0.47421875
13 0.43984375 0.496875 0.05 0.475
11 0.62109375 0.5453125 0.04921875 0.46875
2 0.81796875 0.61171875 0.04296875 0.471875
3 0.6703125 0.56796875 0.0421875 0.46796875
1 0.7203125 0.57734375 0.03359375 0.48515625
11 0.496875 0.5109375 0.04453125 0.46484375
2 0.38359375 0.48515625 0.04453125 0.47421875
19 0.1921875 0.434375 0.046875 0.4734375
31 0.0859375 0.40625 0.053125 0.49296875
2 0.76875 0.5921875 0.03984375 0.46171875
6 0.3375 0.47109375 0.04375 0.47578125