11 0.5203125 0.4953125 0.053125 0.4015625
30 0.07421875 0.584375 0.0546875 0.41796875
0 0.64375 0.4765625 0.0484375 0.3890625
2 0.8328125 0.45546875 0.04609375 0.38125
14 0.20859375 0.55859375 0.0546875 0.41640625
6 0.8796875 0.4421875 0.0453125 0.3859375
20 0.25546875 0.54765625 0.0453125 0.4171875
11 0.46640625 0.50625 0.053125 0.40625
4 0.36328125 0.52890625 0.05 0.4046875
0 0.690625 0.47421875 0.04296875 0.3875
8 0.9328125 0.425 0.0453125 0.38046875
1 0.78046875 0.4578125 0.034375 0.4015625
1 0.41171875 0.515625 0.0359375 0.409375
29 0.13984375 0.5640625 0.08203125 0.41484375
0 0.73828125 0.4640625 0.0453125 0.39296875
21 0.58359375 0.484375 0.0671875 0.40859375
22 0.31015625 0.53125 0.06328125 0.41796875