20 0.58515625 0.521875 0.0515625 0.46875
11 0.52734375 0.521875 0.0578125 0.4734375
0 0.790625 0.52421875 0.04921875 0.46796875
4 0.37578125 0.53046875 0.05 0.471875
30 0.0828125 0.52734375 0.06015625 0.47890625
29 0.15546875 0.52265625 0.0859375 0.47890625
2 0.33203125 0.528125 0.04921875 0.475
6 0.47578125 0.52421875 0.04921875 0.46953125
0 0.69609375 0.51953125 0.0453125 0.46796875
12 0.64375 0.52421875 0.0609375 0.46640625
0 0.74375 0.51796875 0.0453125 0.46875
1 0.88671875 0.51875 0.03515625 0.4828125
1 0.93515625 0.5171875 0.0375 0.48125
14 0.2265625 0.53125 0.0546875 0.46875
20 0.27890625 0.52734375 0.053125 0.47109375
1 0.4234375 0.5234375 0.03828125 0.4765625
6 0.83828125 0.525 0.046875 0.4734375