8 0.396875 0.5140625 0.04921875 0.42421875
21 0.60859375 0.57421875 0.06640625 0.42890625
4 0.90078125 0.675 0.04375 0.37890625
30 0.08046875 0.4234375 0.065625 0.47890625
29 0.1578125 0.4453125 0.09296875 0.48125
1 0.49140625 0.5421875 0.0390625 0.43515625
0 0.9484375 0.68046875 0.04375 0.3875
11 0.54765625 0.5625 0.0546875 0.42578125
14 0.29375 0.4875 0.0578125 0.43359375
14 0.23515625 0.46953125 0.05859375 0.44765625
0 0.76953125 0.62421875 0.0421875 0.4
12 0.67890625 0.5984375 0.05625 0.4171875
0 0.7296875 0.615625 0.04296875 0.40546875
2 0.81640625 0.64296875 0.04296875 0.4
1 0.44296875 0.528125 0.034375 0.43359375
2 0.34609375 0.5 0.0484375 0.4265625
1 0.859375 0.65390625 0.03828125 0.38515625