13 0.265625 0.65 0.07109375 0.3125
20 0.09765625 0.73359375 0.06328125 0.328125
8 0.92734375 0.28515625 0.065625 0.28359375
1 0.5203125 0.51015625 0.053125 0.30078125
0 0.67890625 0.4265625 0.06328125 0.29375
6 0.828125 0.33125 0.0609375 0.29609375
11 0.4734375 0.5390625 0.06640625 0.3
11 0.32890625 0.6234375 0.0703125 0.30625
5 0.7765625 0.36015625 0.06171875 0.29921875
2 0.38046875 0.5984375 0.0640625 0.29296875
1 0.428125 0.5625 0.053125 0.29765625
13 0.63125 0.45078125 0.06328125 0.303125
26 0.20546875 0.68203125 0.06875 0.3328125
28 0.1515625 0.71328125 0.0765625 0.328125
6 0.87890625 0.3015625 0.0609375 0.296875
21 0.5703125 0.475 0.08046875 0.30234375
6 0.73046875 0.384375 0.06328125 0.29609375