5 0.815625 0.63828125 0.0640625 0.41875
24 0.6015625 0.53203125 0.0671875 0.41171875
32 0.04921875 0.265625 0.07734375 0.39609375
9 0.1015625 0.2984375 0.0703125 0.38359375
8 0.878125 0.66953125 0.0671875 0.4109375
23 0.21328125 0.34765625 0.0796875 0.39453125
8 0.3265625 0.4 0.06875 0.3921875
4 0.16015625 0.32265625 0.065625 0.384375
11 0.2703125 0.37890625 0.0671875 0.37890625
22 0.5390625 0.50078125 0.07109375 0.41015625
11 0.48125 0.47734375 0.06796875 0.40546875
4 0.42109375 0.45625 0.06328125 0.39296875
0 0.9421875 0.70078125 0.06875 0.4046875
1 0.37578125 0.43359375 0.040625 0.38046875
0 0.65703125 0.56328125 0.065625 0.4
1 0.7078125 0.5828125 0.04375 0.40625
6 0.75390625 0.60546875 0.0625 0.4109375