11 0.4125 0.50859375 0.05078125 0.5734375
1 0.36328125 0.5140625 0.03828125 0.57265625
32 0.05859375 0.5296875 0.04921875 0.56015625
9 0.11171875 0.528125 0.0453125 0.54609375
8 0.86171875 0.4953125 0.05234375 0.61640625
9 0.80234375 0.490625 0.04921875 0.62734375
2 0.7390625 0.5 0.05390625 0.6203125
2 0.6328125 0.50234375 0.0515625 0.61171875
11 0.46875 0.49921875 0.04765625 0.58515625
4 0.3125 0.51953125 0.04453125 0.56875
5 0.91796875 0.4890625 0.04921875 0.63046875
4 0.68515625 0.50078125 0.0515625 0.6203125
21 0.51875 0.503125 0.053125 0.59296875
4 0.16328125 0.52265625 0.04296875 0.5546875
2 0.2625 0.51484375 0.04921875 0.58203125
24 0.575 0.5015625 0.05390625 0.6
12 0.209375 0.52109375 0.04375 0.578125