20 0.04609375 0.603125 0.06015625 0.5609375
8 0.21640625 0.57109375 0.0515625 0.5359375
10 0.3234375 0.54921875 0.06328125 0.54765625
3 0.265625 0.56875 0.04609375 0.5390625
9 0.92578125 0.4234375 0.046875 0.53671875
9 0.88125 0.43125 0.04375 0.540625
14 0.446875 0.52890625 0.05234375 0.55546875
0 0.740625 0.46328125 0.04609375 0.540625
21 0.5640625 0.50703125 0.07265625 0.5390625
23 0.16328125 0.59296875 0.05 0.5578125
5 0.83359375 0.43125 0.04609375 0.540625
23 0.384375 0.5421875 0.05546875 0.55625
15 0.1 0.59296875 0.05625 0.56328125
19 0.68203125 0.46796875 0.0609375 0.54921875
4 0.7875 0.44375 0.05 0.54140625
1 0.62734375 0.48515625 0.0375 0.54765625
7 0.49375 0.50703125 0.04453125 0.5203125