0 0.3046875 0.36015625 0.08828125 0.2375
1 0.68046875 0.65 0.06875 0.24765625
9 0.91875 0.82578125 0.090625 0.2484375
8 0.7953125 0.7296875 0.08359375 0.2421875
8 0.853125 0.7796875 0.08515625 0.23359375
32 0.1 0.2140625 0.08359375 0.2375
0 0.4609375 0.48125 0.0890625 0.23515625
16 0.1484375 0.246875 0.08984375 0.22265625
9 0.7359375 0.68984375 0.0859375 0.24375
21 0.51953125 0.528125 0.10234375 0.246875
10 0.40390625 0.440625 0.0859375 0.24453125
4 0.35546875 0.409375 0.09453125 0.23671875
30 0.05 0.1703125 0.08828125 0.23515625
10 0.56875 0.56015625 0.08125 0.2453125
15 0.2453125 0.31875 0.08984375 0.22734375
3 0.621875 0.6046875 0.0875 0.24453125
14 0.19375 0.28671875 0.07109375 0.20234375