3 0.33125 0.434375 0.0515625 0.33828125
4 0.83359375 0.659375 0.06015625 0.3578125
1 0.775 0.6296875 0.0375 0.353125
15 0.11640625 0.3375 0.05 0.3390625
11 0.17109375 0.35703125 0.05234375 0.33359375
6 0.44296875 0.48515625 0.05234375 0.33359375
4 0.89453125 0.6828125 0.0625 0.3609375
19 0.6640625 0.58359375 0.0546875 0.3625
1 0.953125 0.709375 0.034375 0.35390625
0 0.38515625 0.45703125 0.05078125 0.33125
20 0.06171875 0.31328125 0.05546875 0.3578125
21 0.54921875 0.53984375 0.05703125 0.365625
16 0.22421875 0.384375 0.05234375 0.33671875
0 0.72265625 0.60625 0.05546875 0.34921875
14 0.27734375 0.4109375 0.053125 0.34296875
9 0.49453125 0.50859375 0.053125 0.346875
18 0.60625 0.5609375 0.0578125 0.32734375