11 0.303125 0.51796875 0.05234375 0.5578125
13 0.23515625 0.51015625 0.05703125 0.5640625
20 0.05 0.5203125 0.04921875 0.61875
8 0.74375 0.5234375 0.04921875 0.49609375
11 0.4609375 0.51015625 0.05078125 0.5375
1 0.4140625 0.5140625 0.03046875 0.5484375
1 0.69453125 0.515625 0.0296875 0.50703125
9 0.79921875 0.5234375 0.04765625 0.496875
28 0.1125 0.515625 0.06640625 0.58984375
9 0.89140625 0.52890625 0.046875 0.4921875
1 0.84375 0.52734375 0.02890625 0.4984375
2 0.36015625 0.51875 0.05625 0.55546875
21 0.58046875 0.5140625 0.0625 0.51328125
4 0.9453125 0.53125 0.04921875 0.49140625
26 0.178125 0.515625 0.04453125 0.5765625
13 0.65078125 0.5171875 0.0515625 0.5140625
30 0.515625 0.5140625 0.05390625 0.53359375