4 0.37578125 0.50546875 0.053125 0.50234375
2 0.66640625 0.49140625 0.053125 0.48828125
8 0.77421875 0.4765625 0.053125 0.48515625
9 0.93984375 0.47109375 0.0515625 0.48046875
13 0.6125 0.48984375 0.05390625 0.4984375
4 0.83046875 0.4734375 0.05234375 0.49140625
13 0.21875 0.5109375 0.05234375 0.49765625
21 0.54765625 0.48671875 0.06484375 0.496875
11 0.4328125 0.49765625 0.0515625 0.49296875
11 0.271875 0.51171875 0.04921875 0.496875
6 0.7203125 0.48359375 0.053125 0.4859375
0 0.88515625 0.47890625 0.05078125 0.48359375
28 0.1078125 0.5171875 0.0546875 0.50546875
2 0.3265625 0.51015625 0.05625 0.4921875
28 0.1625 0.5125 0.05390625 0.5125
2 0.48828125 0.4984375 0.04921875 0.50078125
20 0.05859375 0.52109375 0.04296875 0.51015625