4 0.37578125 0.50546875 0.05234375 0.5078125
2 0.66640625 0.4890625 0.053125 0.49375
13 0.61328125 0.4890625 0.0546875 0.503125
8 0.77421875 0.48046875 0.05234375 0.4875
4 0.83203125 0.4734375 0.05234375 0.4984375
9 0.93984375 0.47265625 0.0515625 0.48203125
13 0.21953125 0.51171875 0.05234375 0.503125
11 0.27265625 0.5125 0.04921875 0.5015625
11 0.43359375 0.4953125 0.0515625 0.5
0 0.8859375 0.478125 0.05 0.48828125
6 0.72109375 0.48125 0.053125 0.4921875
21 0.5484375 0.48515625 0.0671875 0.5078125
2 0.48828125 0.4953125 0.05 0.503125
28 0.1078125 0.51796875 0.05546875 0.51015625
2 0.3265625 0.51015625 0.05625 0.49765625
28 0.1640625 0.51640625 0.05234375 0.51953125
20 0.05703125 0.51796875 0.04296875 0.51484375