5 0.81875 0.6640625 0.0421875 0.378125
5 0.5078125 0.5234375 0.046875 0.40234375
10 0.66640625 0.6015625 0.0453125 0.38203125
13 0.1578125 0.35234375 0.06015625 0.4078125
2 0.39609375 0.4828125 0.04921875 0.4015625
7 0.9125 0.7078125 0.03828125 0.39140625
0 0.45234375 0.5046875 0.04375 0.39140625
9 0.95703125 0.725 0.034375 0.37734375
5 0.56328125 0.546875 0.04296875 0.4015625
1 0.61640625 0.58046875 0.028125 0.39609375
1 0.3453125 0.45546875 0.028125 0.396875
4 0.76796875 0.64375 0.04140625 0.37265625
2 0.2890625 0.42734375 0.05234375 0.40546875
9 0.8671875 0.68671875 0.0390625 0.37890625
29 0.078125 0.32109375 0.08046875 0.42734375
6 0.71953125 0.62265625 0.04453125 0.384375
13 0.22421875 0.390625 0.0578125 0.3953125