5 0.5078125 0.52421875 0.046875 0.40625
5 0.81796875 0.66328125 0.04140625 0.37578125
10 0.665625 0.59921875 0.04453125 0.38125
9 0.95625 0.7234375 0.034375 0.375
2 0.39609375 0.48125 0.04921875 0.4046875
13 0.1578125 0.34921875 0.0609375 0.409375
0 0.45234375 0.50390625 0.0421875 0.390625
5 0.56328125 0.54453125 0.04375 0.40390625
29 0.07734375 0.31875 0.0828125 0.43359375
4 0.76796875 0.64375 0.040625 0.36953125
1 0.3453125 0.4546875 0.02734375 0.39921875
1 0.615625 0.578125 0.02890625 0.396875
7 0.91171875 0.70859375 0.03671875 0.38828125
9 0.8671875 0.6875 0.03828125 0.37578125
2 0.28984375 0.4234375 0.053125 0.4015625
6 0.71875 0.62265625 0.04453125 0.38203125
13 0.225 0.38828125 0.059375 0.3984375