3 0.67109375 0.5140625 0.04609375 0.57421875
9 0.1046875 0.446875 0.05078125 0.58671875
22 0.55625 0.49453125 0.0484375 0.575
4 0.78828125 0.5421875 0.053125 0.5859375
32 0.05234375 0.44609375 0.04609375 0.5984375
4 0.96171875 0.55859375 0.05 0.59453125
6 0.84375 0.546875 0.046875 0.59375
4 0.3328125 0.46796875 0.05078125 0.57890625
5 0.90234375 0.5515625 0.04765625 0.60078125
12 0.4390625 0.48203125 0.05078125 0.56875
1 0.3828125 0.47109375 0.03046875 0.58125
24 0.61328125 0.50703125 0.05078125 0.571875
4 0.16484375 0.45 0.04609375 0.57109375
2 0.728125 0.53125 0.0453125 0.59296875
11 0.49921875 0.484375 0.053125 0.57265625
19 0.221875 0.45625 0.0515625 0.5734375
3 0.27265625 0.46015625 0.0484375 0.56953125