3 0.67109375 0.515625 0.04609375 0.575
9 0.1046875 0.44765625 0.05078125 0.58828125
22 0.55625 0.4953125 0.0484375 0.57578125
4 0.78828125 0.54296875 0.05390625 0.5859375
32 0.0515625 0.4421875 0.04609375 0.596875
6 0.84375 0.546875 0.04765625 0.59375
4 0.96171875 0.55859375 0.05078125 0.59375
4 0.3328125 0.46640625 0.0515625 0.58515625
12 0.4390625 0.4828125 0.0515625 0.5734375
5 0.90234375 0.5515625 0.04765625 0.6
1 0.3828125 0.47109375 0.03125 0.58671875
4 0.16484375 0.4515625 0.04609375 0.575
24 0.61328125 0.5078125 0.05078125 0.5734375
2 0.728125 0.5328125 0.0453125 0.59375
11 0.49921875 0.4859375 0.053125 0.57578125
19 0.221875 0.4578125 0.0515625 0.578125
3 0.27109375 0.4578125 0.04296875 0.58125