10 0.3984375 0.5 0.0546875 0.61875
11 0.45859375 0.49609375 0.053125 0.62578125
24 0.56171875 0.50546875 0.05703125 0.63359375
4 0.7984375 0.509375 0.0546875 0.66875
6 0.7328125 0.50546875 0.05390625 0.65546875
0 0.67734375 0.5046875 0.05703125 0.64375
5 0.31796875 0.496875 0.04765625 0.61953125
4 0.1640625 0.50546875 0.0453125 0.5984375
0 0.62265625 0.50703125 0.05390625 0.640625
0 0.8671875 0.50625 0.059375 0.68203125
9 0.1140625 0.50234375 0.046875 0.6046875
2 0.2703125 0.49609375 0.046875 0.63046875
18 0.51171875 0.4984375 0.040625 0.628125
12 0.22265625 0.5015625 0.05703125 0.6140625
7 0.92578125 0.51796875 0.05703125 0.69453125
1 0.35625 0.50234375 0.03203125 0.5875
32 0.07109375 0.50078125 0.05390625 0.61953125