12 0.2265625 0.371875 0.0484375 0.365625
2 0.64921875 0.57109375 0.0484375 0.3875
24 0.59765625 0.5375 0.04921875 0.37578125
5 0.703125 0.58671875 0.046875 0.38828125
9 0.1203125 0.315625 0.0453125 0.37578125
32 0.0671875 0.2921875 0.0578125 0.40234375
5 0.81640625 0.6359375 0.046875 0.39765625
4 0.171875 0.3390625 0.046875 0.36875
11 0.43125 0.4671875 0.05234375 0.378125
3 0.7578125 0.6203125 0.04765625 0.3859375
4 0.3296875 0.421875 0.0453125 0.3625
22 0.5421875 0.51953125 0.05546875 0.3796875
2 0.2765625 0.39609375 0.04765625 0.37578125
1 0.3796875 0.43984375 0.02890625 0.35390625
11 0.48828125 0.4890625 0.04921875 0.36875
1 0.87109375 0.66953125 0.034375 0.39140625
0 0.925 0.6796875 0.053125 0.384375