2 0.6859375 0.49140625 0.04375 0.6046875
6 0.890625 0.490625 0.04765625 0.59453125
30 0.06484375 0.49765625 0.05859375 0.59765625
11 0.26328125 0.50390625 0.0484375 0.59453125
0 0.57890625 0.49140625 0.0453125 0.57890625
3 0.3640625 0.50546875 0.04765625 0.58828125
1 0.3140625 0.5046875 0.0296875 0.5953125
17 0.421875 0.50234375 0.053125 0.59140625
1 0.528125 0.49375 0.028125 0.6046875
1 0.83671875 0.49140625 0.0328125 0.6015625
2 0.73125 0.49296875 0.04375 0.603125
4 0.9390625 0.48671875 0.04609375 0.6109375
29 0.1421875 0.5 0.07578125 0.590625
19 0.4796875 0.4984375 0.04765625 0.59765625
25 0.63515625 0.49609375 0.04765625 0.5875
7 0.2109375 0.49375 0.0453125 0.55546875
1 0.78046875 0.5 0.02734375 0.6171875