32 0.05625 0.66796875 0.04296875 0.47578125
24 0.578125 0.49453125 0.05390625 0.4765625
2 0.2625 0.60078125 0.0453125 0.46015625
4 0.15703125 0.628125 0.0421875 0.45703125
1 0.36484375 0.56484375 0.03515625 0.4609375
11 0.47109375 0.52890625 0.04609375 0.4765625
3 0.80703125 0.421875 0.046875 0.48828125
4 0.3125 0.58046875 0.04375 0.4671875
4 0.69375 0.45703125 0.046875 0.490625
1 0.86796875 0.3984375 0.03671875 0.49765625
9 0.103125 0.65546875 0.04375 0.45859375
11 0.41640625 0.54609375 0.04765625 0.46171875
1 0.74375 0.4421875 0.034375 0.4984375
12 0.2078125 0.6203125 0.0484375 0.4515625
0 0.9234375 0.3875 0.05546875 0.5015625
21 0.5203125 0.51171875 0.05078125 0.48203125
2 0.63515625 0.47265625 0.0515625 0.49296875