20 0.23828125 0.51640625 0.05390625 0.4765625
8 0.5734375 0.51875 0.04296875 0.43828125
3 0.84140625 0.54921875 0.0390625 0.4203125
8 0.67421875 0.51875 0.04296875 0.4328125
8 0.88515625 0.5546875 0.03828125 0.42890625
6 0.52109375 0.5171875 0.046875 0.4515625
0 0.178125 0.5125 0.0546875 0.47734375
29 0.096875 0.5 0.0890625 0.490625
12 0.41484375 0.51796875 0.05390625 0.46640625
0 0.725 0.52265625 0.0453125 0.434375
0 0.3 0.521875 0.0515625 0.47109375
1 0.8015625 0.534375 0.02734375 0.4421875
4 0.62734375 0.5234375 0.04296875 0.4265625
1 0.7671875 0.52890625 0.03046875 0.4421875
32 0.353125 0.5140625 0.0515625 0.48203125
15 0.46953125 0.5171875 0.04765625 0.4671875
1 0.925 0.56171875 0.0375 0.4140625