17 0.40859375 0.525 0.059375 0.5546875
8 0.8078125 0.52890625 0.0421875 0.52265625
8 0.6234375 0.52890625 0.04453125 0.53359375
0 0.72421875 0.5296875 0.04296875 0.51953125
20 0.2265625 0.5328125 0.05078125 0.5640625
0 0.76484375 0.53203125 0.04140625 0.51953125
7 0.52265625 0.5203125 0.04296875 0.55703125
0 0.1734375 0.53203125 0.053125 0.56484375
29 0.096875 0.540625 0.08671875 0.57578125
5 0.9390625 0.53359375 0.04296875 0.51640625
16 0.67265625 0.52734375 0.05234375 0.5359375
21 0.46640625 0.5203125 0.0609375 0.55234375
5 0.57421875 0.5265625 0.04609375 0.5515625
10 0.34765625 0.52578125 0.05859375 0.56328125
5 0.84921875 0.528125 0.03984375 0.52890625
0 0.28671875 0.51875 0.05 0.56484375
4 0.8921875 0.53203125 0.0328125 0.51640625