2 0.7625 0.4859375 0.0421875 0.44765625
6 0.57265625 0.5140625 0.046875 0.4578125
3 0.815625 0.478125 0.0390625 0.44375
32 0.3234375 0.5484375 0.04765625 0.4765625
6 0.47578125 0.52734375 0.04609375 0.46640625
12 0.37734375 0.540625 0.04609375 0.47265625
1 0.66875 0.50546875 0.0265625 0.45078125
7 0.8609375 0.46171875 0.03828125 0.43984375
0 0.2734375 0.55703125 0.04765625 0.45546875
1 0.72109375 0.49453125 0.0328125 0.4484375
29 0.11015625 0.58125 0.07265625 0.46171875
0 0.1765625 0.571875 0.0484375 0.4578125
1 0.62734375 0.5140625 0.034375 0.45234375
6 0.90546875 0.46015625 0.04296875 0.43203125
11 0.52109375 0.52265625 0.04140625 0.4609375
15 0.42265625 0.528125 0.04140625 0.46171875
20 0.225 0.55859375 0.046875 0.44296875