20 0.2375 0.484375 0.05390625 0.4546875
4 0.86796875 0.596875 0.04453125 0.41875
6 0.81875 0.5796875 0.04765625 0.4203125
4 0.95 0.609375 0.046875 0.42578125
8 0.57109375 0.54296875 0.04609375 0.42421875
4 0.62421875 0.553125 0.04296875 0.43125
0 0.76796875 0.57109375 0.04453125 0.4171875
8 0.6703125 0.5578125 0.0453125 0.421875
29 0.09453125 0.4609375 0.08828125 0.47734375
0 0.7203125 0.565625 0.0484375 0.41875
0 0.17578125 0.475 0.0578125 0.45703125
0 0.296875 0.49765625 0.053125 0.44453125
12 0.4140625 0.5171875 0.05234375 0.43984375
6 0.51875 0.5328125 0.04921875 0.43671875
32 0.34921875 0.5015625 0.05390625 0.46328125
15 0.46875 0.5203125 0.0484375 0.44765625
1 0.90703125 0.60703125 0.03125 0.41796875