20 0.23828125 0.5140625 0.05859375 0.4921875
3 0.84140625 0.5484375 0.04296875 0.4359375
8 0.8859375 0.5546875 0.04296875 0.44609375
8 0.57578125 0.52578125 0.05 0.44921875
8 0.675 0.521875 0.0484375 0.45234375
6 0.52109375 0.5171875 0.05 0.4640625
0 0.178125 0.51328125 0.0578125 0.4921875
29 0.09765625 0.503125 0.08984375 0.50078125
4 0.62890625 0.521875 0.0484375 0.45625
0 0.7265625 0.525 0.04765625 0.4421875
0 0.29921875 0.51796875 0.0546875 0.4875
1 0.80078125 0.534375 0.03125 0.45703125
12 0.415625 0.5140625 0.05625 0.478125
15 0.47109375 0.5140625 0.05078125 0.47734375
32 0.35234375 0.51328125 0.05625 0.49609375
1 0.92265625 0.56171875 0.034375 0.45390625
1 0.76875 0.53203125 0.034375 0.4484375