9 0.77265625 0.571875 0.0484375 0.41484375
6 0.82421875 0.5828125 0.0484375 0.42421875
6 0.39375 0.4765625 0.053125 0.4484375
11 0.628125 0.52578125 0.0484375 0.43828125
14 0.4453125 0.48984375 0.04765625 0.44609375
29 0.084375 0.39921875 0.0796875 0.47890625
1 0.72421875 0.55546875 0.03828125 0.4375
21 0.32890625 0.459375 0.0703125 0.459375
7 0.96953125 0.6203125 0.04921875 0.41328125
7 0.9203125 0.61171875 0.04375 0.41328125
4 0.57109375 0.51796875 0.053125 0.440625
0 0.15390625 0.41796875 0.0515625 0.45625
1 0.67421875 0.54453125 0.0328125 0.43671875
20 0.20703125 0.42421875 0.04921875 0.46328125
2 0.87578125 0.59609375 0.04453125 0.41328125
16 0.26328125 0.43125 0.0578125 0.4859375
21 0.5046875 0.49296875 0.071875 0.4265625