9 0.77265625 0.57421875 0.04296875 0.3921875
6 0.82421875 0.57890625 0.04375 0.4
6 0.39453125 0.4765625 0.04921875 0.4296875
11 0.628125 0.53046875 0.0453125 0.4171875
14 0.44609375 0.4890625 0.04453125 0.42890625
7 0.96953125 0.62109375 0.04609375 0.3890625
21 0.3296875 0.45703125 0.0671875 0.440625
29 0.08046875 0.40078125 0.07890625 0.4671875
20 0.20625 0.43046875 0.046875 0.44296875
1 0.72421875 0.55859375 0.034375 0.4109375
7 0.9203125 0.6109375 0.0390625 0.3875
4 0.5703125 0.5203125 0.04609375 0.4203125
2 0.87421875 0.59609375 0.04296875 0.3984375
0 0.15390625 0.41875 0.05 0.4375
1 0.6734375 0.5453125 0.0265625 0.4109375
21 0.50703125 0.5046875 0.06015625 0.42421875
16 0.26171875 0.43125 0.053125 0.42265625