9 0.7734375 0.57109375 0.04921875 0.425
6 0.82421875 0.5828125 0.05 0.4296875
11 0.628125 0.525 0.05 0.44140625
4 0.57109375 0.52109375 0.05703125 0.4390625
14 0.44765625 0.48671875 0.04921875 0.4546875
6 0.39453125 0.47734375 0.05390625 0.4453125
1 0.725 0.55625 0.03828125 0.44140625
7 0.9703125 0.621875 0.0515625 0.41640625
0 0.15390625 0.41796875 0.05390625 0.459375
7 0.92109375 0.6109375 0.0453125 0.41875
21 0.32890625 0.46015625 0.071875 0.4625
1 0.67421875 0.54375 0.03359375 0.4390625
2 0.87578125 0.5953125 0.0453125 0.4203125
16 0.26328125 0.43828125 0.0578125 0.46171875
20 0.20625 0.428125 0.05 0.465625
29 0.08359375 0.39609375 0.07265625 0.48359375
21 0.50546875 0.5015625 0.06875 0.44375