9 0.946875 0.54140625 0.05234375 0.44296875
3 0.83671875 0.52109375 0.046875 0.4421875
6 0.72578125 0.4984375 0.05078125 0.453125
6 0.78203125 0.50859375 0.04921875 0.446875
1 0.51484375 0.49609375 0.03515625 0.45234375
0 0.6765625 0.49765625 0.04765625 0.44140625
12 0.57109375 0.49765625 0.05390625 0.44609375
8 0.62734375 0.496875 0.046875 0.44609375
9 0.88671875 0.52578125 0.05078125 0.4546875
23 0.23203125 0.50078125 0.04296875 0.43125
20 0.18359375 0.50234375 0.0453125 0.428125
6 0.34296875 0.5015625 0.04609375 0.434375
29 0.07265625 0.48984375 0.0625 0.43046875
14 0.38984375 0.50546875 0.04609375 0.43671875
13 0.28671875 0.503125 0.05078125 0.42734375
0 0.13359375 0.4953125 0.0453125 0.42734375
29 0.45078125 0.49921875 0.07890625 0.4171875