12 0.425 0.4609375 0.0515625 0.33046875
8 0.20546875 0.35546875 0.04140625 0.3390625
19 0.48203125 0.48359375 0.0453125 0.33515625
5 0.8625 0.6703125 0.0421875 0.31484375
21 0.596875 0.540625 0.06640625 0.33828125
3 0.81171875 0.64453125 0.03984375 0.31484375
5 0.76171875 0.6171875 0.0421875 0.32265625
4 0.96328125 0.71796875 0.04375 0.2796875
32 0.259375 0.3796875 0.04375 0.3375
30 0.06171875 0.271875 0.04765625 0.35625
0 0.71015625 0.6 0.04296875 0.30625
29 0.13828125 0.31484375 0.07578125 0.3515625
32 0.36875 0.428125 0.046875 0.34609375
32 0.5328125 0.5125 0.0484375 0.34296875
32 0.3140625 0.40546875 0.04765625 0.34375
16 0.65703125 0.56875 0.05 0.34453125
4 0.90859375 0.69609375 0.04140625 0.29609375