12 0.334375 0.54765625 0.0453125 0.46875
10 0.27265625 0.54921875 0.0484375 0.48125
0 0.7515625 0.4875 0.0375 0.44609375
30 0.07578125 0.571875 0.04375 0.48046875
2 0.384375 0.55078125 0.0390625 0.46796875
17 0.49453125 0.53203125 0.040625 0.475
0 0.5453125 0.52109375 0.03671875 0.46640625
22 0.43984375 0.54296875 0.04375 0.46796875
2 0.8046875 0.4953125 0.03984375 0.440625
8 0.21796875 0.565625 0.04296875 0.46171875
29 0.14921875 0.56171875 0.07109375 0.48359375
1 0.96328125 0.4640625 0.03046875 0.44375
8 0.853125 0.4921875 0.04375 0.44453125
22 0.5953125 0.51171875 0.046875 0.47578125
1 0.70546875 0.50390625 0.03046875 0.44140625
19 0.6484375 0.51640625 0.05 0.53125
1 0.9046875 0.46875 0.03203125 0.4359375