12 0.33359375 0.54765625 0.046875 0.46875
10 0.2734375 0.55234375 0.04453125 0.4734375
0 0.7515625 0.49921875 0.0421875 0.4421875
30 0.07421875 0.56640625 0.0484375 0.49296875
2 0.38359375 0.55 0.0375 0.4703125
17 0.4921875 0.53125 0.04140625 0.475
0 0.5453125 0.51796875 0.03515625 0.471875
2 0.80546875 0.4984375 0.0390625 0.45390625
22 0.43828125 0.53828125 0.04765625 0.47265625
19 0.65234375 0.5078125 0.04453125 0.4890625
1 0.96015625 0.4703125 0.03046875 0.44375
1 0.70703125 0.5046875 0.0296875 0.4421875
8 0.215625 0.5515625 0.04296875 0.46171875
29 0.1484375 0.5609375 0.0734375 0.49296875
22 0.59609375 0.5046875 0.04921875 0.48359375
8 0.8546875 0.48046875 0.04453125 0.46015625
1 0.90625 0.46328125 0.03203125 0.49609375