10 0.4265625 0.4421875 0.0484375 0.31875
0 0.32578125 0.3765625 0.05234375 0.3203125
16 0.1671875 0.284375 0.05234375 0.31015625
4 0.81953125 0.67421875 0.053125 0.321875
21 0.53984375 0.5078125 0.0625 0.3171875
9 0.87890625 0.7140625 0.0546875 0.3125
9 0.48359375 0.47421875 0.05078125 0.3140625
15 0.26953125 0.34609375 0.0515625 0.3265625
30 0.0609375 0.2203125 0.05546875 0.32265625
7 0.3765625 0.41484375 0.04453125 0.3296875
1 0.64609375 0.58046875 0.0421875 0.3078125
32 0.1109375 0.25703125 0.053125 0.321875
0 0.7046875 0.6078125 0.0546875 0.315625
15 0.2171875 0.31171875 0.0546875 0.30625
1 0.9359375 0.75 0.0375 0.3203125
3 0.76015625 0.6390625 0.046875 0.31875
10 0.5921875 0.5421875 0.04453125 0.31328125