0 0.32578125 0.3765625 0.05546875 0.325
4 0.82109375 0.67890625 0.05234375 0.32890625
21 0.5421875 0.509375 0.0671875 0.33125
10 0.428125 0.44375 0.053125 0.3296875
9 0.87890625 0.71171875 0.05546875 0.31484375
16 0.16796875 0.28359375 0.0546875 0.3140625
9 0.48359375 0.4765625 0.0546875 0.3203125
0 0.7046875 0.6078125 0.05703125 0.3265625
15 0.26953125 0.34609375 0.05625 0.3375
1 0.64609375 0.58125 0.04609375 0.31640625
7 0.37734375 0.41796875 0.04765625 0.33828125
32 0.1109375 0.25625 0.05546875 0.321875
30 0.0609375 0.2203125 0.059375 0.32421875
1 0.93671875 0.7515625 0.0390625 0.325
3 0.7625 0.6390625 0.05078125 0.33671875
15 0.21640625 0.3125 0.05703125 0.31328125
10 0.59453125 0.54140625 0.046875 0.321875