1 0.68671875 0.65703125 0.06171875 0.12578125
32 0.5078125 0.4875 0.08515625 0.15703125
32 0.353125 0.34453125 0.0828125 0.14921875
0 0.73828125 0.7078125 0.0765625 0.14296875
22 0.4515625 0.43828125 0.08671875 0.15546875
16 0.63203125 0.60390625 0.07890625 0.1421875
32 0.3 0.29765625 0.0921875 0.13984375
9 0.90859375 0.85859375 0.0734375 0.1296875
30 0.0625 0.0859375 0.08046875 0.140625
16 0.5671875 0.546875 0.0796875 0.14765625
5 0.40703125 0.390625 0.0828125 0.146875
8 0.1921875 0.203125 0.09453125 0.13984375
32 0.2453125 0.24609375 0.0921875 0.1484375
29 0.13984375 0.13984375 0.10078125 0.14140625
6 0.7953125 0.7546875 0.0640625 0.11796875
6 0.85234375 0.8046875 0.071875 0.1265625
1 0.96953125 0.91328125 0.05 0.11796875