2 0.68203125 0.60078125 0.05078125 0.4171875
9 0.50234375 0.5453125 0.05390625 0.4109375
9 0.396875 0.49453125 0.05390625 0.41328125
9 0.83359375 0.64453125 0.05234375 0.40234375
30 0.1515625 0.4015625 0.06328125 0.4390625
21 0.078125 0.3859375 0.0765625 0.44765625
3 0.78046875 0.63125 0.04921875 0.409375
15 0.29921875 0.45625 0.04921875 0.421875
6 0.3453125 0.471875 0.05 0.41796875
4 0.88671875 0.66484375 0.05078125 0.40546875
18 0.2484375 0.4421875 0.0484375 0.42109375
21 0.56875 0.55625 0.0703125 0.42265625
5 0.73203125 0.61328125 0.04609375 0.403125
7 0.940625 0.684375 0.05859375 0.42734375
28 0.45234375 0.51484375 0.05390625 0.421875
19 0.62890625 0.58203125 0.0546875 0.41484375
1 0.20234375 0.425 0.03984375 0.42578125