9 0.50546875 0.51875 0.053125 0.33515625
8 0.95234375 0.6953125 0.0546875 0.33359375
9 0.3984375 0.4703125 0.0515625 0.32890625
6 0.346875 0.44921875 0.05 0.33203125
10 0.634375 0.5671875 0.05859375 0.34453125
2 0.6890625 0.58984375 0.05078125 0.33515625
26 0.240625 0.40703125 0.05390625 0.35546875
2 0.89140625 0.6734375 0.0515625 0.340625
1 0.190625 0.3921875 0.040625 0.340625
21 0.56796875 0.54453125 0.07265625 0.35234375
1 0.84296875 0.65078125 0.0328125 0.334375
28 0.4546875 0.49375 0.05625 0.346875
3 0.7375 0.6125 0.04765625 0.340625
7 0.79609375 0.63203125 0.04609375 0.34375
30 0.1359375 0.36875 0.05859375 0.35390625
15 0.2984375 0.43515625 0.05 0.33671875
21 0.06796875 0.33203125 0.07734375 0.3515625