12 0.41484375 0.49375 0.0484375 0.3265625
29 0.12109375 0.36015625 0.08046875 0.33671875
22 0.57890625 0.5703125 0.05625 0.321875
8 0.8515625 0.684375 0.04609375 0.31171875
19 0.47109375 0.515625 0.046875 0.3375
32 0.2421875 0.41484375 0.0484375 0.325
0 0.74453125 0.64453125 0.04609375 0.31796875
0 0.69140625 0.61875 0.04609375 0.30859375
32 0.52265625 0.540625 0.0484375 0.33984375
3 0.90546875 0.70703125 0.046875 0.31484375
8 0.19140625 0.39453125 0.04296875 0.31796875
4 0.7984375 0.67265625 0.04453125 0.30390625
32 0.30234375 0.43671875 0.0453125 0.33046875
1 0.959375 0.7421875 0.03203125 0.30390625
16 0.63984375 0.59296875 0.0515625 0.328125
30 0.046875 0.33359375 0.05390625 0.32421875
32 0.35546875 0.46640625 0.0484375 0.33125