12 0.4140625 0.4890625 0.04609375 0.3203125
29 0.11953125 0.3640625 0.07421875 0.34375
32 0.2421875 0.4171875 0.04453125 0.33046875
0 0.7453125 0.64140625 0.04140625 0.3125
8 0.8515625 0.6859375 0.04140625 0.30859375
19 0.47265625 0.51171875 0.0453125 0.33046875
3 0.90625 0.7109375 0.04140625 0.3109375
22 0.5796875 0.56171875 0.05078125 0.32578125
4 0.79921875 0.6703125 0.04140625 0.29765625
0 0.69140625 0.61484375 0.04296875 0.309375
32 0.521875 0.53515625 0.04609375 0.33828125
8 0.19140625 0.39765625 0.03984375 0.31640625
32 0.30234375 0.4421875 0.0421875 0.3359375
30 0.04765625 0.33671875 0.05078125 0.33125
1 0.959375 0.73984375 0.02890625 0.3
16 0.63984375 0.5890625 0.04765625 0.32265625
32 0.35625 0.4640625 0.04609375 0.33046875