19 0.49296875 0.51953125 0.04375 0.4328125
2 0.834375 0.44765625 0.0390625 0.4203125
6 0.5890625 0.49765625 0.03984375 0.42734375
1 0.8828125 0.43515625 0.02578125 0.4203125
32 0.34375 0.546875 0.040625 0.4359375
32 0.39296875 0.5390625 0.0484375 0.43515625
2 0.93203125 0.421875 0.040625 0.4171875
1 0.68671875 0.47109375 0.0296875 0.4125
32 0.2953125 0.54921875 0.0453125 0.4375
8 0.73515625 0.4671875 0.03984375 0.40859375
32 0.53984375 0.503125 0.0390625 0.44453125
29 0.09375 0.59453125 0.0765625 0.4375
28 0.16171875 0.5671875 0.0515625 0.40078125
29 0.228125 0.5609375 0.0734375 0.4046875
1 0.44140625 0.53671875 0.03046875 0.40859375
1 0.784375 0.446875 0.025 0.4046875
11 0.63671875 0.4890625 0.04921875 0.396875