10 0.6484375 0.525 0.05234375 0.48828125
7 0.85234375 0.4890625 0.0453125 0.496875
8 0.40546875 0.56015625 0.04609375 0.4828125
3 0.75 0.50234375 0.04140625 0.47734375
32 0.35 0.56953125 0.0484375 0.503125
8 0.95625 0.46796875 0.0421875 0.4609375
32 0.303125 0.5765625 0.04453125 0.51796875
2 0.9015625 0.47734375 0.04375 0.47734375
32 0.2453125 0.5828125 0.046875 0.52109375
0 0.6984375 0.51875 0.04609375 0.4765625
32 0.51171875 0.5359375 0.0453125 0.50390625
29 0.06484375 0.61015625 0.078125 0.54765625
10 0.1375 0.59765625 0.053125 0.52734375
27 0.1921875 0.57578125 0.05234375 0.53046875
7 0.8046875 0.50078125 0.04140625 0.4796875
13 0.45859375 0.54921875 0.04765625 0.48828125
29 0.578125 0.52265625 0.07890625 0.484375