10 0.225 0.49765625 0.05859375 0.47421875
12 0.4359375 0.51328125 0.05859375 0.46953125
8 0.8890625 0.5390625 0.04765625 0.44453125
10 0.33046875 0.5109375 0.05703125 0.4671875
11 0.1671875 0.48828125 0.05703125 0.475
7 0.94453125 0.54140625 0.0484375 0.45
0 0.74921875 0.52734375 0.04765625 0.4546875
29 0.09375 0.490625 0.0859375 0.48671875
7 0.3796875 0.50703125 0.05234375 0.48125
4 0.84453125 0.53671875 0.04765625 0.44453125
9 0.5375 0.5125 0.0484375 0.46171875
9 0.703125 0.5265625 0.04921875 0.4546875
17 0.5921875 0.5125 0.0546875 0.4625
3 0.80234375 0.5359375 0.04609375 0.44453125
18 0.2765625 0.5 0.05234375 0.465625
16 0.65078125 0.52421875 0.05546875 0.453125
3 0.4921875 0.51484375 0.04921875 0.46640625