0 0.6796875 0.59453125 0.0453125 0.3578125
8 0.1828125 0.38359375 0.04296875 0.346875
29 0.11328125 0.3640625 0.071875 0.37578125
4 0.9515625 0.71171875 0.04453125 0.39765625
3 0.7375 0.6078125 0.0421875 0.3609375
30 0.04453125 0.31796875 0.05390625 0.3984375
9 0.84140625 0.65625 0.04375 0.3796875
5 0.7890625 0.6265625 0.04609375 0.37578125
32 0.2890625 0.42109375 0.04921875 0.37734375
32 0.5015625 0.53046875 0.04609375 0.41171875
32 0.23359375 0.39765625 0.04453125 0.37890625
32 0.33828125 0.44921875 0.03984375 0.3578125
12 0.3921875 0.46640625 0.04140625 0.3578125
19 0.44609375 0.47421875 0.040625 0.37421875
21 0.5640625 0.540625 0.0671875 0.36640625
16 0.62734375 0.56171875 0.053125 0.34921875
1 0.88828125 0.6703125 0.0328125 0.3578125