12 0.43515625 0.49140625 0.053125 0.53046875
24 0.596875 0.4984375 0.05078125 0.5390625
3 0.6515625 0.5109375 0.04921875 0.5484375
1 0.3828125 0.49140625 0.03359375 0.53515625
7 0.81953125 0.51015625 0.05078125 0.5625
4 0.17578125 0.46640625 0.0453125 0.53359375
19 0.2296875 0.47265625 0.05 0.540625
5 0.93125 0.51953125 0.04921875 0.56875
9 0.12578125 0.46171875 0.0453125 0.540625
8 0.75703125 0.51484375 0.0484375 0.54921875
32 0.0765625 0.46015625 0.053125 0.54453125
22 0.5421875 0.49765625 0.05234375 0.54453125
0 0.875 0.5234375 0.046875 0.56171875
4 0.3359375 0.48515625 0.04296875 0.53828125
2 0.28125 0.478125 0.04921875 0.540625
11 0.490625 0.49609375 0.04921875 0.53984375
2 0.70390625 0.51328125 0.04609375 0.56171875