4 0.37578125 0.54609375 0.0515625 0.4859375
13 0.20859375 0.5734375 0.05390625 0.47890625
13 0.6171875 0.50078125 0.0546875 0.4890625
20 0.04375 0.60078125 0.04609375 0.50546875
2 0.67421875 0.49375 0.0546875 0.48515625
11 0.26796875 0.5671875 0.04765625 0.4796875
2 0.9 0.440625 0.05625 0.4890625
7 0.84296875 0.45078125 0.04921875 0.496875
5 0.95859375 0.42734375 0.0515625 0.49453125
28 0.08984375 0.5953125 0.05546875 0.5015625
28 0.153125 0.584375 0.0546875 0.49296875
21 0.55078125 0.5109375 0.06484375 0.48046875
2 0.32421875 0.55859375 0.05703125 0.48125
0 0.78671875 0.45859375 0.0515625 0.48828125
7 0.72578125 0.47578125 0.0515625 0.49375
11 0.4328125 0.5328125 0.04921875 0.47578125
0 0.4859375 0.5078125 0.0484375 0.4578125