8 0.3640625 0.5109375 0.04609375 0.53828125
6 0.31171875 0.5265625 0.04765625 0.5359375
6 0.7328125 0.4640625 0.04609375 0.54453125
8 0.840625 0.44765625 0.046875 0.56171875
0 0.42109375 0.50625 0.04765625 0.53671875
0 0.4796875 0.50234375 0.0453125 0.5421875
9 0.5328125 0.50625 0.046875 0.54453125
8 0.78828125 0.45390625 0.05 0.5546875
11 0.2 0.55078125 0.05078125 0.53984375
9 0.89375 0.4515625 0.05 0.559375
2 0.95390625 0.44921875 0.04609375 0.5546875
1 0.2515625 0.54296875 0.03203125 0.53984375
1 0.5859375 0.5015625 0.03203125 0.559375
7 0.675 0.475 0.04921875 0.55234375
13 0.13984375 0.55078125 0.05390625 0.55390625
29 0.0671875 0.5578125 0.08984375 0.55546875
18 0.634375 0.5390625 0.0359375 0.66328125