8 0.3640625 0.51328125 0.0484375 0.55
6 0.31171875 0.525 0.04921875 0.55234375
0 0.421875 0.50859375 0.05 0.546875
11 0.19921875 0.55 0.0515625 0.55234375
0 0.4796875 0.50546875 0.04765625 0.5546875
8 0.840625 0.446875 0.0484375 0.5671875
6 0.7328125 0.45703125 0.04765625 0.55390625
9 0.5328125 0.509375 0.04765625 0.55703125
8 0.78828125 0.45078125 0.05078125 0.56015625
9 0.89375 0.4515625 0.05078125 0.56953125
2 0.95390625 0.45 0.04765625 0.56796875
1 0.5859375 0.503125 0.03359375 0.5734375
1 0.25625 0.53671875 0.0390625 0.54609375
13 0.140625 0.5515625 0.05546875 0.56484375
7 0.67578125 0.471875 0.05078125 0.56015625
29 0.0640625 0.56015625 0.08203125 0.5703125
18 0.634375 0.53671875 0.034375 0.659375