3 0.37421875 0.54140625 0.04453125 0.45078125
13 0.15390625 0.59296875 0.0578125 0.471875
2 0.26484375 0.5640625 0.04921875 0.46640625
11 0.21171875 0.57421875 0.0546875 0.47265625
0 0.4265625 0.5203125 0.05 0.44921875
3 0.68828125 0.475 0.04765625 0.45
1 0.584375 0.48984375 0.03125 0.4609375
0 0.321875 0.55078125 0.0484375 0.4640625
1 0.9515625 0.41875 0.03203125 0.4453125
1 0.7390625 0.46875 0.02890625 0.446875
0 0.79296875 0.44296875 0.04765625 0.44921875
4 0.8453125 0.43828125 0.04921875 0.45078125
0 0.48203125 0.509375 0.04609375 0.453125
7 0.8984375 0.421875 0.04609375 0.4578125
29 0.0796875 0.609375 0.0703125 0.48515625
4 0.53359375 0.50078125 0.05 0.45625
15 0.63125 0.4734375 0.046875 0.45390625