0 0.43515625 0.51796875 0.0484375 0.47578125
1 0.596875 0.55546875 0.03046875 0.4703125
6 0.54921875 0.54453125 0.04765625 0.46796875
0 0.81875 0.5890625 0.04765625 0.47109375
0 0.32734375 0.48671875 0.04921875 0.49140625
13 0.15859375 0.42734375 0.05625 0.5125
11 0.21484375 0.4453125 0.0515625 0.50234375
3 0.37890625 0.5 0.04765625 0.48671875
2 0.9234375 0.6078125 0.0453125 0.471875
0 0.4921875 0.53125 0.04921875 0.4734375
4 0.87265625 0.6078125 0.04453125 0.4703125
29 0.0796875 0.41484375 0.07578125 0.53203125
2 0.27109375 0.4703125 0.04765625 0.5
9 0.97734375 0.60390625 0.0453125 0.475
4 0.709375 0.56953125 0.04609375 0.471875
0 0.7625 0.58515625 0.04453125 0.4703125
10 0.6546875 0.5671875 0.05234375 0.46796875