11 0.22421875 0.5421875 0.0484375 0.45625
2 0.3234375 0.54453125 0.04375 0.4515625
7 0.91015625 0.459375 0.04921875 0.446875
2 0.65859375 0.5046875 0.04609375 0.44765625
1 0.70078125 0.4984375 0.03203125 0.453125
10 0.609375 0.51484375 0.05234375 0.45546875
6 0.75703125 0.4859375 0.0453125 0.44296875
0 0.36875 0.5359375 0.04140625 0.4484375
5 0.80859375 0.46796875 0.04765625 0.4546875
5 0.50546875 0.5234375 0.0421875 0.45703125
0 0.415625 0.534375 0.0421875 0.44609375
2 0.2734375 0.54140625 0.04609375 0.4578125
7 0.4625 0.528125 0.03828125 0.45859375
13 0.171875 0.54375 0.0515625 0.46640625
1 0.8625 0.46484375 0.04140625 0.44765625
29 0.1 0.55234375 0.07734375 0.4671875
2 0.5546875 0.52265625 0.04296875 0.44765625