2 0.77578125 0.48359375 0.0453125 0.48125
2 0.2765625 0.546875 0.046875 0.4875
3 0.3796875 0.53828125 0.04453125 0.4703125
0 0.33046875 0.53984375 0.046875 0.4859375
2 0.6734375 0.50078125 0.04453125 0.4890625
6 0.87734375 0.4625 0.04453125 0.47578125
0 0.42890625 0.528125 0.046875 0.46796875
7 0.8234375 0.46875 0.0453125 0.48203125
13 0.16875 0.55 0.05625 0.5
11 0.22578125 0.5484375 0.05078125 0.496875
0 0.48203125 0.53203125 0.0453125 0.475
4 0.53046875 0.525 0.04765625 0.48125
0 0.92578125 0.45859375 0.046875 0.46640625
6 0.7265625 0.49453125 0.0453125 0.4765625
1 0.58125 0.5140625 0.03359375 0.48359375
29 0.09453125 0.5578125 0.07421875 0.50390625
15 0.625 0.49375 0.0421875 0.4546875