8 0.796875 0.4625 0.05078125 0.40234375
8 0.68984375 0.4828125 0.04921875 0.40390625
0 0.89921875 0.43984375 0.05390625 0.41171875
2 0.5359375 0.51953125 0.05 0.40234375
6 0.74375 0.47265625 0.0484375 0.39921875
3 0.4875 0.5359375 0.046875 0.38828125
3 0.58828125 0.5078125 0.046875 0.40234375
1 0.64140625 0.49921875 0.0375 0.40234375
0 0.4359375 0.53984375 0.046875 0.38671875
9 0.33984375 0.5640625 0.046875 0.38515625
3 0.2921875 0.56875 0.0484375 0.38515625
6 0.384375 0.55234375 0.046875 0.384375
6 0.84765625 0.4515625 0.05 0.40234375
6 0.2390625 0.571875 0.04453125 0.39140625
13 0.15390625 0.58828125 0.0546875 0.3953125
29 0.09453125 0.5921875 0.065625 0.3703125
15 0.20234375 0.578125 0.04453125 0.415625