10 0.6578125 0.48828125 0.06484375 0.5140625
21 0.58828125 0.50234375 0.08125 0.515625
10 0.47109375 0.52890625 0.0609375 0.51484375
6 0.8875 0.43984375 0.05234375 0.51328125
2 0.80234375 0.4609375 0.0578125 0.5234375
30 0.08046875 0.603125 0.0671875 0.5265625
6 0.7140625 0.47421875 0.06328125 0.51328125
0 0.93671875 0.43046875 0.05078125 0.51328125
0 0.36875 0.5515625 0.05234375 0.51484375
4 0.5234375 0.51875 0.05625 0.5046875
1 0.8421875 0.45078125 0.0359375 0.51875
6 0.41875 0.5421875 0.0515625 0.51640625
1 0.75 0.465625 0.03515625 0.52265625
32 0.14296875 0.58828125 0.06640625 0.52265625
15 0.32421875 0.5640625 0.05625 0.525
14 0.2703125 0.575 0.06171875 0.53125
16 0.20625 0.58046875 0.071875 0.52421875