8 0.9515625 0.53828125 0.046875 0.49921875
9 0.7921875 0.5296875 0.053125 0.503125
5 0.578125 0.521875 0.05078125 0.5078125
4 0.73359375 0.52421875 0.04453125 0.5140625
5 0.2546875 0.51171875 0.053125 0.52578125
6 0.89765625 0.5375 0.05 0.50078125
7 0.84296875 0.5265625 0.04765625 0.5125
12 0.475 0.51640625 0.05 0.5125
6 0.63359375 0.52109375 0.04921875 0.51484375
0 0.19921875 0.5140625 0.05 0.534375
13 0.52421875 0.515625 0.04765625 0.515625
30 0.309375 0.5078125 0.0515625 0.53671875
30 0.36171875 0.5140625 0.05234375 0.5171875
24 0.68359375 0.51640625 0.04453125 0.5
15 0.13828125 0.5 0.046875 0.53359375
29 0.0765625 0.49609375 0.07578125 0.51875
16 0.4203125 0.50703125 0.05390625 0.55546875