8 0.9515625 0.540625 0.04765625 0.50234375
9 0.7921875 0.5296875 0.053125 0.50546875
5 0.25078125 0.5109375 0.05 0.5359375
4 0.73359375 0.52421875 0.0453125 0.51875
5 0.578125 0.521875 0.0515625 0.5125
6 0.89765625 0.5390625 0.05 0.50234375
7 0.84296875 0.5265625 0.0484375 0.515625
12 0.4734375 0.51953125 0.053125 0.5109375
13 0.525 0.515625 0.0484375 0.51953125
0 0.1984375 0.51328125 0.05078125 0.5390625
6 0.63359375 0.52109375 0.05 0.51953125
30 0.309375 0.509375 0.053125 0.54375
30 0.36171875 0.51484375 0.053125 0.52421875
29 0.07421875 0.50625 0.06796875 0.55234375
15 0.14140625 0.4984375 0.05390625 0.5515625
16 0.4171875 0.5109375 0.04765625 0.5109375
24 0.6859375 0.51484375 0.05078125 0.53359375