2 0.67578125 0.52578125 0.05390625 0.603125
7 0.48828125 0.521875 0.0546875 0.60859375
20 0.05 0.50859375 0.0453125 0.6625
13 0.2296875 0.50859375 0.05234375 0.62890625
8 0.784375 0.53125 0.05546875 0.58828125
28 0.1671875 0.5078125 0.06171875 0.6390625
21 0.5546875 0.52421875 0.065625 0.603125
13 0.62421875 0.52109375 0.0546875 0.6046875
11 0.28671875 0.51328125 0.05625 0.62109375
28 0.10078125 0.51015625 0.06171875 0.64453125
4 0.84375 0.5265625 0.05234375 0.596875
9 0.95 0.52734375 0.0484375 0.58515625
7 0.89375 0.5234375 0.04765625 0.59765625
1 0.37578125 0.5140625 0.03515625 0.61796875
1 0.340625 0.51484375 0.03828125 0.6203125
3 0.73203125 0.528125 0.04765625 0.59765625
11 0.42734375 0.51640625 0.053125 0.61015625