13 0.2296875 0.50859375 0.05 0.6015625
2 0.67578125 0.528125 0.0515625 0.57734375
8 0.7828125 0.53046875 0.0484375 0.56171875
11 0.2859375 0.51640625 0.05390625 0.58984375
9 0.95 0.53359375 0.0453125 0.5546875
21 0.55625 0.5234375 0.0625 0.578125
20 0.05078125 0.51875 0.04609375 0.62734375
7 0.89296875 0.52578125 0.04609375 0.571875
7 0.48828125 0.521875 0.05390625 0.578125
28 0.16796875 0.515625 0.0609375 0.6140625
13 0.62421875 0.5234375 0.0515625 0.57890625
28 0.1 0.515625 0.05703125 0.61953125
4 0.84296875 0.52890625 0.04921875 0.57109375
1 0.375 0.51796875 0.03203125 0.58515625
3 0.73203125 0.52890625 0.0453125 0.56640625
11 0.4265625 0.51875 0.05 0.5796875
1 0.3390625 0.51875 0.03359375 0.59140625