17 0.6421875 0.53046875 0.04453125 0.51484375
4 0.79296875 0.55546875 0.0421875 0.50703125
10 0.271875 0.503125 0.03984375 0.5125
3 0.8875 0.55703125 0.04140625 0.496875
4 0.37421875 0.509375 0.03828125 0.50625
30 0.09765625 0.49765625 0.04296875 0.490625
0 0.6921875 0.5390625 0.03984375 0.51640625
29 0.1609375 0.5 0.0625 0.50703125
22 0.42578125 0.51484375 0.03984375 0.5125
22 0.3265625 0.51015625 0.0421875 0.5125
8 0.2234375 0.50546875 0.03984375 0.50078125
21 0.58515625 0.53046875 0.05859375 0.51640625
8 0.94296875 0.5578125 0.0421875 0.48359375
6 0.52578125 0.52734375 0.03828125 0.5078125
6 0.7375 0.54765625 0.03515625 0.51328125
30 0.47890625 0.52421875 0.04140625 0.51484375
6 0.83671875 0.57265625 0.034375 0.51171875