17 0.6421875 0.5328125 0.04375 0.5140625
10 0.27109375 0.50390625 0.040625 0.509375
4 0.79140625 0.5546875 0.0421875 0.50859375
3 0.8875 0.55703125 0.03984375 0.49296875
30 0.0921875 0.5015625 0.0453125 0.5015625
29 0.16015625 0.4984375 0.065625 0.5125
4 0.37421875 0.51015625 0.0375 0.50546875
0 0.6921875 0.54140625 0.03984375 0.51328125
6 0.83984375 0.5546875 0.0390625 0.50078125
22 0.3265625 0.51171875 0.04296875 0.50859375
30 0.47890625 0.528125 0.04140625 0.5078125
22 0.42578125 0.5203125 0.0390625 0.49921875
8 0.2234375 0.50625 0.040625 0.5
8 0.94296875 0.55703125 0.040625 0.484375
6 0.52578125 0.53125 0.03828125 0.50234375
6 0.73671875 0.54609375 0.03828125 0.503125
21 0.5828125 0.52890625 0.05859375 0.50546875