8 0.8671875 0.37421875 0.05078125 0.42890625
21 0.53359375 0.4875 0.0671875 0.4515625
20 0.04921875 0.65 0.05 0.4625
28 0.16328125 0.6171875 0.05546875 0.45078125
5 0.47265625 0.51171875 0.0484375 0.44375
0 0.746875 0.41796875 0.04921875 0.43203125
13 0.2234375 0.5890625 0.0546875 0.43125
1 0.37109375 0.55078125 0.03125 0.41875
4 0.80859375 0.4 0.05234375 0.42734375
28 0.10078125 0.6359375 0.05703125 0.453125
13 0.6 0.46796875 0.053125 0.44375
1 0.7015625 0.43515625 0.03125 0.42265625
11 0.28046875 0.5828125 0.05234375 0.4171875
3 0.65703125 0.453125 0.046875 0.4265625
11 0.41796875 0.52421875 0.0484375 0.4328125
7 0.925 0.35546875 0.0515625 0.446875
1 0.33359375 0.5640625 0.03046875 0.4203125