13 0.2703125 0.5109375 0.06484375 0.60625
7 0.82265625 0.54375 0.04765625 0.53125
28 0.12890625 0.5015625 0.07578125 0.61953125
3 0.86796875 0.5453125 0.04609375 0.509375
20 0.06171875 0.5015625 0.06484375 0.63671875
8 0.959375 0.55078125 0.0484375 0.49375
28 0.2046875 0.50546875 0.07265625 0.61953125
1 0.45234375 0.53125 0.034375 0.57734375
2 0.4015625 0.53046875 0.06328125 0.57578125
11 0.3390625 0.52109375 0.06171875 0.59375
2 0.71640625 0.54375 0.0578125 0.53828125
13 0.66015625 0.53984375 0.05234375 0.54296875
11 0.503125 0.53359375 0.05625 0.5515625
6 0.9109375 0.546875 0.04921875 0.5078125
7 0.76796875 0.54453125 0.05078125 0.53671875
0 0.5625 0.5375 0.05546875 0.54453125
20 0.609375 0.525 0.0515625 0.5390625