11 0.28359375 0.6046875 0.05390625 0.340625
13 0.6171875 0.45078125 0.0578125 0.34375
2 0.78671875 0.365625 0.05703125 0.35859375
28 0.16328125 0.65859375 0.05703125 0.3703125
13 0.225 0.62890625 0.05703125 0.3546875
9 0.89765625 0.3171875 0.05546875 0.3640625
1 0.37421875 0.565625 0.03671875 0.33671875
11 0.42421875 0.540625 0.05234375 0.34453125
21 0.55 0.4765625 0.07265625 0.34296875
2 0.671875 0.42734375 0.05859375 0.340625
28 0.1 0.684375 0.05703125 0.37421875
0 0.72421875 0.403125 0.0546875 0.33671875
8 0.48359375 0.50703125 0.053125 0.33671875
1 0.953125 0.2984375 0.040625 0.35625
20 0.0515625 0.709375 0.05078125 0.36328125
1 0.33359375 0.5765625 0.034375 0.34609375
5 0.84140625 0.340625 0.05390625 0.35625