19 0.45546875 0.46953125 0.04296875 0.31640625
12 0.40234375 0.43828125 0.0484375 0.29921875
8 0.9515625 0.7265625 0.03984375 0.278125
32 0.24375 0.35078125 0.04453125 0.2890625
0 0.89921875 0.70546875 0.0421875 0.27890625
29 0.12578125 0.28046875 0.0703125 0.303125
32 0.346875 0.40703125 0.040625 0.2984375
0 0.6859375 0.59609375 0.04375 0.28515625
32 0.50703125 0.49921875 0.0453125 0.32578125
32 0.29765625 0.3828125 0.0421875 0.2953125
16 0.6359375 0.56328125 0.0484375 0.31015625
8 0.19140625 0.32109375 0.03984375 0.27890625
4 0.84453125 0.6796875 0.04296875 0.278125
4 0.73515625 0.61640625 0.03828125 0.28671875
30 0.0578125 0.2484375 0.05234375 0.28671875
21 0.56875 0.52734375 0.0609375 0.32109375
3 0.7921875 0.646875 0.0453125 0.2875