20 0.2265625 0.528125 0.053125 0.55
17 0.4109375 0.53125 0.0578125 0.54296875
10 0.34921875 0.53125 0.0578125 0.53515625
6 0.6296875 0.54375 0.04296875 0.50234375
20 0.4734375 0.534375 0.0484375 0.54765625
4 0.52421875 0.53671875 0.04609375 0.52890625
2 0.83828125 0.5609375 0.040625 0.484375
8 0.57734375 0.540625 0.04296875 0.51953125
8 0.67421875 0.54453125 0.040625 0.4921875
29 0.0921875 0.528125 0.08515625 0.55390625
9 0.93203125 0.5796875 0.040625 0.4609375
3 0.88671875 0.57109375 0.03828125 0.4734375
6 0.79140625 0.55390625 0.0421875 0.49140625
1 0.7515625 0.54765625 0.0265625 0.48359375
0 0.2921875 0.52890625 0.05 0.53828125
0 0.17109375 0.52578125 0.0546875 0.54453125
1 0.71875 0.546875 0.03125 0.4625