5 0.74296875 0.52421875 0.04375 0.53671875
9 0.93828125 0.5171875 0.04609375 0.5046875
0 0.88359375 0.51484375 0.04453125 0.52578125
29 0.09375 0.5484375 0.078125 0.56875
8 0.796875 0.51875 0.04453125 0.5296875
0 0.6984375 0.52734375 0.0421875 0.5328125
0 0.5453125 0.540625 0.04609375 0.55390625
5 0.5953125 0.5328125 0.04921875 0.54453125
20 0.2203125 0.55234375 0.053125 0.559375
7 0.8421875 0.51484375 0.0421875 0.52734375
7 0.4921875 0.54296875 0.053125 0.56171875
15 0.43828125 0.54375 0.04921875 0.565625
26 0.328125 0.54609375 0.04921875 0.5703125
16 0.3828125 0.54765625 0.05703125 0.56015625
0 0.16484375 0.55078125 0.05 0.5578125
13 0.27109375 0.5515625 0.05390625 0.5546875
16 0.64921875 0.53046875 0.053125 0.52265625