8 0.525 0.51796875 0.046875 0.490625
7 0.5765625 0.52265625 0.04453125 0.4953125
0 0.67421875 0.53515625 0.0484375 0.484375
29 0.08984375 0.4890625 0.07890625 0.5140625
8 0.87421875 0.5546875 0.04375 0.46875
6 0.475 0.515625 0.0484375 0.50546875
5 0.72734375 0.53984375 0.04765625 0.4703125
8 0.9203125 0.56171875 0.04296875 0.46953125
0 0.82421875 0.546875 0.04765625 0.471875
1 0.6265625 0.53359375 0.03359375 0.49765625
12 0.36796875 0.5125 0.053125 0.51015625
0 0.2578125 0.49921875 0.0515625 0.5078125
6 0.77421875 0.54296875 0.04921875 0.4734375
20 0.2109375 0.48984375 0.0453125 0.5109375
13 0.1640625 0.48671875 0.05234375 0.50078125
32 0.3171875 0.5046875 0.05234375 0.5171875
15 0.42109375 0.49765625 0.04765625 0.4796875