20 0.228125 0.52890625 0.05546875 0.55
17 0.41015625 0.53359375 0.059375 0.53828125
20 0.4734375 0.540625 0.05 0.5375
3 0.88671875 0.56875 0.04140625 0.48046875
8 0.578125 0.5421875 0.04609375 0.52109375
8 0.675 0.5453125 0.0453125 0.5046875
9 0.93203125 0.5734375 0.0421875 0.4671875
6 0.6296875 0.54375 0.0453125 0.50859375
4 0.52421875 0.54140625 0.04921875 0.52578125
2 0.83828125 0.56015625 0.04140625 0.4921875
10 0.35 0.534375 0.0578125 0.53515625
29 0.09375 0.52421875 0.0859375 0.55234375
6 0.7921875 0.559375 0.04765625 0.4921875
0 0.2921875 0.5296875 0.0515625 0.53984375
0 0.171875 0.528125 0.05625 0.5421875
1 0.74765625 0.553125 0.03046875 0.50390625
1 0.71875 0.55390625 0.03203125 0.5015625