12 0.22421875 0.43125 0.05 0.4578125
24 0.590625 0.5078125 0.05 0.465625
9 0.115625 0.40390625 0.0421875 0.4578125
2 0.8109375 0.571875 0.04921875 0.48515625
1 0.37890625 0.45546875 0.02578125 0.45703125
11 0.42734375 0.465625 0.04921875 0.45703125
4 0.75 0.55546875 0.05078125 0.47890625
4 0.1703125 0.415625 0.04296875 0.4578125
11 0.484375 0.48203125 0.0453125 0.4625
4 0.3265625 0.44609375 0.04453125 0.45859375
2 0.64375 0.528125 0.0484375 0.46875
2 0.2734375 0.43671875 0.046875 0.459375
4 0.6984375 0.54453125 0.04609375 0.47734375
7 0.86875 0.57890625 0.05078125 0.4859375
0 0.92421875 0.5984375 0.05234375 0.46953125
32 0.06953125 0.3921875 0.05078125 0.46953125
21 0.53515625 0.49453125 0.05390625 0.4625