12 0.22265625 0.43203125 0.046875 0.4484375
9 0.11640625 0.4 0.0421875 0.44921875
4 0.1703125 0.4125 0.0390625 0.4515625
12 0.271875 0.43671875 0.046875 0.45234375
11 0.42734375 0.46875 0.04921875 0.46171875
2 0.81171875 0.5671875 0.046875 0.475
24 0.590625 0.50703125 0.04609375 0.4671875
1 0.378125 0.45859375 0.0296875 0.45234375
11 0.48515625 0.48125 0.0453125 0.459375
4 0.7546875 0.5640625 0.046875 0.4625
4 0.69765625 0.5453125 0.04375 0.46953125
22 0.5375 0.49453125 0.0484375 0.4609375
2 0.64375 0.5296875 0.04765625 0.46875
32 0.0671875 0.39296875 0.0484375 0.45859375
4 0.3265625 0.453125 0.0421875 0.44609375
7 0.865625 0.571875 0.0421875 0.49296875
0 0.92109375 0.5890625 0.05234375 0.4703125