8 0.3453125 0.55078125 0.0484375 0.5015625
6 0.9234375 0.44296875 0.04921875 0.4984375
2 0.70625 0.47890625 0.046875 0.50078125
18 0.24375 0.57109375 0.04375 0.49375
7 0.81015625 0.4578125 0.05078125 0.51328125
1 0.38984375 0.53828125 0.03203125 0.49765625
0 0.65625 0.48515625 0.04921875 0.5078125
6 0.86875 0.4421875 0.0515625 0.5046875
22 0.54765625 0.509375 0.0546875 0.49296875
17 0.1921875 0.57578125 0.046875 0.49375
0 0.7578125 0.46171875 0.04765625 0.5
21 0.14296875 0.578125 0.0640625 0.5015625
19 0.08671875 0.59921875 0.04921875 0.49921875
11 0.49765625 0.51484375 0.05625 0.4921875
11 0.29375 0.55390625 0.05 0.49453125
13 0.44296875 0.5234375 0.05625 0.48359375
27 0.59921875 0.48828125 0.0578125 0.4765625