13 0.23984375 0.47265625 0.0578125 0.50625
11 0.30390625 0.490625 0.05234375 0.49140625
20 0.0578125 0.43203125 0.05078125 0.53359375
7 0.74375 0.57578125 0.05 0.47265625
13 0.6484375 0.55625 0.053125 0.4796875
2 0.8015625 0.59296875 0.05625 0.4734375
2 0.36171875 0.509375 0.05703125 0.484375
11 0.46484375 0.5203125 0.05234375 0.478125
9 0.88671875 0.6015625 0.05 0.45859375
28 0.11640625 0.44453125 0.06953125 0.51875
7 0.946875 0.6078125 0.05 0.46328125
26 0.18046875 0.45546875 0.053125 0.5171875
8 0.51796875 0.5328125 0.05078125 0.475
1 0.6953125 0.571875 0.03359375 0.471875
21 0.58203125 0.55078125 0.06640625 0.4765625
1 0.4140625 0.51328125 0.03203125 0.484375
1 0.84375 0.59765625 0.03359375 0.46875