13 0.23984375 0.47265625 0.05703125 0.5046875
11 0.30390625 0.48984375 0.05234375 0.48828125
20 0.0578125 0.4328125 0.0515625 0.53359375
7 0.74375 0.575 0.05 0.46875
13 0.64765625 0.55546875 0.053125 0.4765625
2 0.8015625 0.59296875 0.05546875 0.46953125
2 0.36171875 0.50859375 0.05703125 0.48046875
26 0.18125 0.45703125 0.0515625 0.5171875
28 0.1171875 0.4484375 0.065625 0.52109375
7 0.94765625 0.6078125 0.04921875 0.4625
11 0.46484375 0.52109375 0.05234375 0.47421875
8 0.51796875 0.53359375 0.05 0.4734375
9 0.88671875 0.6015625 0.05 0.45625
1 0.84375 0.596875 0.0328125 0.4640625
1 0.6953125 0.571875 0.0328125 0.4671875
1 0.4140625 0.5140625 0.03203125 0.47890625
21 0.58203125 0.55 0.06484375 0.475