8 0.8765625 0.52890625 0.04921875 0.584375
22 0.5625 0.50625 0.05390625 0.59765625
4 0.4453125 0.50234375 0.05 0.59921875
23 0.23515625 0.490625 0.0546875 0.61015625
8 0.3546875 0.4953125 0.0546875 0.59296875
4 0.18203125 0.48671875 0.0546875 0.6078125
11 0.296875 0.49296875 0.05390625 0.60078125
24 0.61953125 0.51328125 0.05390625 0.59375
11 0.50546875 0.50546875 0.0546875 0.59765625
0 0.67421875 0.515625 0.05546875 0.59140625
9 0.121875 0.49140625 0.0515625 0.609375
8 0.81953125 0.52734375 0.05078125 0.58828125
6 0.9359375 0.5328125 0.053125 0.57421875
32 0.06640625 0.48359375 0.05546875 0.63828125
1 0.4046875 0.50234375 0.0296875 0.5984375
7 0.76171875 0.51640625 0.04765625 0.6
1 0.72109375 0.51796875 0.034375 0.58828125