9 0.8046875 0.53125 0.04375 0.41875
5 0.58046875 0.5109375 0.04453125 0.44765625
8 0.89609375 0.52265625 0.046875 0.42890625
6 0.946875 0.521875 0.046875 0.43125
8 0.75703125 0.52265625 0.04453125 0.43125
32 0.5296875 0.5078125 0.04609375 0.46171875
0 0.7078125 0.52421875 0.04296875 0.42421875
29 0.07734375 0.4765625 0.07265625 0.478125
16 0.215625 0.465625 0.053125 0.48359375
29 0.6421875 0.51796875 0.07734375 0.4484375
32 0.2703125 0.49765625 0.046875 0.46328125
28 0.15390625 0.4640625 0.05703125 0.4640625
32 0.375 0.50078125 0.046875 0.4625
32 0.3265625 0.4984375 0.04921875 0.46953125
2 0.84765625 0.5328125 0.04140625 0.4203125
26 0.47734375 0.503125 0.04375 0.4546875
1 0.42734375 0.50546875 0.040625 0.42578125