10 0.58828125 0.49765625 0.053125 0.4765625
0 0.71875 0.48359375 0.0453125 0.459375
8 0.80625 0.46875 0.04140625 0.459375
5 0.76171875 0.4734375 0.0421875 0.4640625
0 0.8484375 0.459375 0.04140625 0.46484375
9 0.8890625 0.45390625 0.04375 0.4609375
32 0.384375 0.51640625 0.0484375 0.50625
2 0.93984375 0.446875 0.04453125 0.46328125
32 0.3359375 0.52109375 0.046875 0.51015625
1 0.43359375 0.5140625 0.03828125 0.49296875
32 0.5328125 0.5015625 0.05078125 0.4953125
29 0.08984375 0.54296875 0.07890625 0.525
26 0.48359375 0.51015625 0.04609375 0.49140625
16 0.2296875 0.53515625 0.0515625 0.49765625
32 0.28203125 0.53125 0.05 0.49375
28 0.16328125 0.5234375 0.05390625 0.48984375
29 0.6578125 0.4859375 0.07734375 0.45390625