7 0.8875 0.496875 0.040625 0.43828125
2 0.84609375 0.5015625 0.0421875 0.428125
0 0.8015625 0.5046875 0.0421875 0.42734375
4 0.746875 0.50078125 0.04609375 0.434375
0 0.70078125 0.503125 0.04140625 0.43515625
29 0.0859375 0.540625 0.07421875 0.47890625
2 0.940625 0.4953125 0.04453125 0.43125
28 0.15625 0.5328125 0.0578125 0.46875
32 0.5203125 0.50625 0.04453125 0.46015625
4 0.5734375 0.5046875 0.04765625 0.44921875
1 0.421875 0.50859375 0.034375 0.4671875
16 0.2171875 0.52890625 0.04921875 0.45234375
32 0.3234375 0.51796875 0.04921875 0.4703125
32 0.3734375 0.51171875 0.0453125 0.4609375
29 0.640625 0.5 0.06875 0.45390625
32 0.26875 0.51640625 0.0453125 0.4671875
26 0.46953125 0.5140625 0.0421875 0.43046875