5 0.5796875 0.515625 0.046875 0.4828125
8 0.89296875 0.525 0.04921875 0.45546875
9 0.80546875 0.5296875 0.046875 0.45234375
8 0.75703125 0.525 0.04609375 0.4578125
0 0.70859375 0.5265625 0.0453125 0.4609375
32 0.52890625 0.50703125 0.04921875 0.49296875
6 0.946875 0.521875 0.0515625 0.4546875
2 0.8484375 0.53046875 0.04453125 0.446875
32 0.3765625 0.49609375 0.05078125 0.49453125
32 0.271875 0.4921875 0.05078125 0.490625
29 0.075 0.4796875 0.08046875 0.51015625
32 0.325 0.48828125 0.05 0.503125
26 0.478125 0.5046875 0.053125 0.48515625
1 0.42890625 0.503125 0.04296875 0.4921875
29 0.64296875 0.496875 0.0734375 0.48515625
28 0.1515625 0.478125 0.053125 0.46640625
16 0.2140625 0.478125 0.05703125 0.47421875