0 0.71875 0.48515625 0.04375 0.44140625
10 0.590625 0.5015625 0.05234375 0.4734375
5 0.76171875 0.475 0.040625 0.44765625
9 0.88828125 0.4546875 0.0421875 0.4375
0 0.8484375 0.47109375 0.0390625 0.4265625
8 0.80625 0.47109375 0.040625 0.44296875
1 0.434375 0.51640625 0.03671875 0.4828125
2 0.93984375 0.4484375 0.04140625 0.4453125
32 0.38359375 0.5203125 0.046875 0.5
32 0.33515625 0.525 0.0453125 0.50625
29 0.08984375 0.54296875 0.0796875 0.525
32 0.5328125 0.50390625 0.04921875 0.4859375
26 0.48359375 0.5109375 0.04453125 0.484375
16 0.2296875 0.53671875 0.05078125 0.49921875
29 0.6546875 0.490625 0.06875 0.47109375
32 0.28203125 0.53125 0.05 0.49296875
28 0.165625 0.5375 0.05703125 0.478125