4 0.7921875 0.609375 0.04375 0.49140625
29 0.159375 0.509375 0.06640625 0.446875
8 0.221875 0.509375 0.034375 0.46015625
1 0.95 0.62734375 0.03671875 0.496875
3 0.84453125 0.621875 0.0390625 0.4765625
9 0.89140625 0.6234375 0.040625 0.47109375
30 0.08984375 0.515625 0.04296875 0.45
12 0.42421875 0.53515625 0.04375 0.49921875
32 0.3703125 0.53359375 0.03984375 0.5015625
0 0.7375 0.59765625 0.0390625 0.50078125
22 0.58046875 0.5625 0.04296875 0.50625
22 0.6328125 0.56171875 0.040625 0.50703125
32 0.26953125 0.5203125 0.03828125 0.475
32 0.321875 0.52734375 0.040625 0.49453125
23 0.47421875 0.53359375 0.03671875 0.50234375
32 0.52734375 0.54609375 0.04375 0.53984375
9 0.68671875 0.58359375 0.0390625 0.46484375