9 0.89609375 0.55859375 0.04453125 0.43828125
0 0.75234375 0.5515625 0.04609375 0.4546875
0 0.84765625 0.55390625 0.04375 0.44453125
2 0.6125 0.5421875 0.0421875 0.4796875
0 0.94609375 0.565625 0.04375 0.43984375
32 0.36328125 0.51796875 0.05 0.49375
4 0.8015625 0.55078125 0.0453125 0.45390625
29 0.24765625 0.503125 0.07890625 0.50234375
32 0.3140625 0.5109375 0.04765625 0.49453125
32 0.409375 0.51875 0.046875 0.48984375
29 0.10859375 0.4875 0.0828125 0.534375
32 0.56328125 0.53671875 0.0453125 0.47734375
3 0.46328125 0.525 0.04609375 0.478125
24 0.65859375 0.54453125 0.04296875 0.4765625
3 0.70390625 0.5453125 0.04140625 0.46484375
28 0.1765625 0.484375 0.05390625 0.496875
11 0.5109375 0.525 0.03984375 0.48046875