5 0.7984375 0.4328125 0.040625 0.4125
3 0.89296875 0.41640625 0.04140625 0.409375
3 0.44765625 0.5109375 0.04296875 0.44375
3 0.74609375 0.45234375 0.040625 0.4140625
0 0.69765625 0.46484375 0.040625 0.40546875
32 0.34375 0.5296875 0.04609375 0.4640625
3 0.846875 0.42890625 0.0390625 0.41015625
3 0.60234375 0.4828125 0.04140625 0.4296875
32 0.29296875 0.5390625 0.05078125 0.46875
32 0.39296875 0.5171875 0.04765625 0.46171875
23 0.65234375 0.46875 0.04375 0.421875
29 0.06953125 0.58046875 0.08046875 0.46953125
32 0.5546875 0.4890625 0.04375 0.43984375
11 0.50078125 0.4921875 0.0453125 0.43984375
28 0.14375 0.55390625 0.05859375 0.478125
29 0.2203125 0.540625 0.08984375 0.4515625
3 0.940625 0.4109375 0.04453125 0.4