0 0.70546875 0.44453125 0.0453125 0.39375
8 0.85546875 0.41171875 0.0453125 0.39375
0 0.953125 0.3828125 0.04921875 0.3953125
8 0.60625 0.459375 0.0421875 0.41328125
3 0.44765625 0.5078125 0.04375 0.4265625
32 0.3421875 0.52578125 0.04453125 0.44296875
0 0.7515625 0.4328125 0.04375 0.403125
32 0.29453125 0.540625 0.0484375 0.4453125
7 0.903125 0.39140625 0.0375 0.40078125
12 0.5046875 0.49609375 0.0484375 0.4125
29 0.075 0.58046875 0.0703125 0.44609375
32 0.39375 0.51171875 0.0453125 0.43671875
32 0.553125 0.471875 0.04140625 0.41796875
7 0.80625 0.42109375 0.040625 0.40078125
28 0.1515625 0.55078125 0.05234375 0.44140625
29 0.2203125 0.54375 0.08125 0.42109375
23 0.653125 0.4515625 0.04296875 0.39375