0 0.7046875 0.4453125 0.04609375 0.39453125
8 0.85859375 0.40546875 0.0421875 0.39765625
8 0.60703125 0.46953125 0.0421875 0.41328125
0 0.953125 0.38359375 0.04921875 0.39453125
3 0.44765625 0.5078125 0.04453125 0.42734375
32 0.34296875 0.52578125 0.04453125 0.440625
0 0.7515625 0.43359375 0.04453125 0.40390625
32 0.2953125 0.540625 0.0484375 0.44296875
7 0.903125 0.3921875 0.03828125 0.4
12 0.50390625 0.4953125 0.0484375 0.4140625
32 0.39375 0.51171875 0.04609375 0.43671875
32 0.55390625 0.47734375 0.0421875 0.42109375
29 0.07421875 0.58046875 0.0703125 0.4453125
7 0.80625 0.421875 0.04140625 0.40078125
28 0.1515625 0.55390625 0.05390625 0.4078125
29 0.221875 0.54375 0.08359375 0.4078125
23 0.6546875 0.45859375 0.04375 0.41484375