0 0.77734375 0.50390625 0.046875 0.38984375
2 0.8265625 0.50078125 0.04609375 0.39140625
5 0.7296875 0.50390625 0.0453125 0.3859375
3 0.6796875 0.50703125 0.04375 0.39375
1 0.878125 0.5 0.034375 0.3953125
3 0.5859375 0.5203125 0.04453125 0.37734375
3 0.4390625 0.51640625 0.0453125 0.3828125
1 0.92421875 0.49296875 0.0375 0.39375
32 0.296875 0.51875 0.0453125 0.403125
11 0.48828125 0.51875 0.04609375 0.3796875
29 0.11015625 0.5109375 0.075 0.40859375
32 0.53984375 0.5140625 0.04609375 0.38984375
32 0.3453125 0.5125 0.04453125 0.3984375
29 0.234375 0.51484375 0.071875 0.4078125
32 0.390625 0.51328125 0.04453125 0.403125
23 0.63359375 0.509375 0.03984375 0.3671875
28 0.17421875 0.509375 0.0546875 0.39140625