4 0.8921875 0.43046875 0.05390625 0.528125
9 0.7890625 0.45390625 0.0484375 0.52265625
9 0.83984375 0.446875 0.04765625 0.51796875
3 0.428125 0.5296875 0.04921875 0.51484375
32 0.52890625 0.51015625 0.04609375 0.53515625
2 0.73125 0.471875 0.0484375 0.52734375
2 0.6828125 0.48359375 0.0453125 0.52734375
1 0.9484375 0.41875 0.03515625 0.53125
32 0.3296875 0.55625 0.05 0.525
32 0.27890625 0.5734375 0.04921875 0.528125
32 0.37734375 0.54765625 0.04453125 0.51953125
30 0.58203125 0.5015625 0.0515625 0.53515625
29 0.07578125 0.62578125 0.07109375 0.5265625
11 0.48125 0.52265625 0.04765625 0.51640625
28 0.14609375 0.6015625 0.053125 0.52734375
29 0.21171875 0.58359375 0.0828125 0.515625
14 0.63359375 0.4890625 0.04765625 0.5109375