4 0.88515625 0.49609375 0.0484375 0.553125
8 0.78125 0.5015625 0.04453125 0.55625
2 0.7265625 0.5015625 0.04921875 0.56796875
3 0.94453125 0.49609375 0.0453125 0.546875
0 0.83515625 0.50078125 0.04375 0.55078125
29 0.19140625 0.50703125 0.065625 0.57578125
6 0.55234375 0.50546875 0.04453125 0.57734375
5 0.6765625 0.5 0.04609375 0.57109375
32 0.35078125 0.5078125 0.04765625 0.571875
32 0.30390625 0.50625 0.04375 0.57265625
29 0.0671875 0.50703125 0.06875 0.5671875
32 0.50390625 0.50078125 0.046875 0.57734375
1 0.4015625 0.5046875 0.0390625 0.5765625
19 0.4484375 0.50390625 0.05 0.5859375
29 0.61328125 0.50625 0.07265625 0.55546875
28 0.12890625 0.503125 0.05 0.51875
32 0.253125 0.5046875 0.05078125 0.56484375