9 0.8546875 0.5375 0.04921875 0.45
3 0.746875 0.53046875 0.046875 0.45390625
32 0.3234375 0.4765625 0.04453125 0.4765625
2 0.9078125 0.54921875 0.046875 0.45390625
0 0.69375 0.52421875 0.04765625 0.46484375
32 0.37265625 0.48671875 0.04375 0.48046875
32 0.5359375 0.5046875 0.04296875 0.48515625
29 0.203125 0.465625 0.08125 0.4765625
3 0.4265625 0.49765625 0.04609375 0.45546875
12 0.4859375 0.50234375 0.04921875 0.46328125
1 0.80390625 0.53984375 0.0328125 0.44921875
29 0.06171875 0.42890625 0.08671875 0.43828125
28 0.13359375 0.44375 0.05546875 0.4453125
32 0.26875 0.459375 0.05234375 0.46328125
7 0.5875 0.50234375 0.0484375 0.4703125
7 0.9609375 0.5375 0.0390625 0.4703125
14 0.64453125 0.51640625 0.046875 0.4484375