9 0.87578125 0.38828125 0.046875 0.33125
5 0.57890625 0.48203125 0.046875 0.3484375
2 0.825 0.40390625 0.04609375 0.3328125
8 0.428125 0.53828125 0.04765625 0.3328125
1 0.67421875 0.453125 0.03359375 0.34453125
11 0.47890625 0.525 0.05234375 0.3390625
1 0.7265625 0.43125 0.03828125 0.33671875
14 0.62578125 0.4578125 0.04375 0.34296875
2 0.778125 0.421875 0.046875 0.32734375
32 0.3296875 0.575 0.04453125 0.3375
32 0.37734375 0.55859375 0.0453125 0.33828125
8 0.921875 0.36484375 0.04765625 0.303125
29 0.08203125 0.65234375 0.07890625 0.30625
28 0.14765625 0.6390625 0.0515625 0.3265625
29 0.2140625 0.61484375 0.08125 0.3140625
32 0.28125 0.590625 0.0484375 0.31640625
32 0.5296875 0.50390625 0.053125 0.303125