3 0.82265625 0.5671875 0.03984375 0.33125
9 0.47734375 0.50390625 0.046875 0.36953125
0 0.775 0.55546875 0.040625 0.33515625
9 0.95625 0.590625 0.0390625 0.321875
8 0.91171875 0.57734375 0.0390625 0.3203125
0 0.73203125 0.5453125 0.04140625 0.33984375
32 0.42421875 0.4953125 0.05078125 0.39375
32 0.36953125 0.48515625 0.053125 0.39765625
29 0.24609375 0.465625 0.08359375 0.4078125
28 0.17265625 0.45234375 0.059375 0.4109375
4 0.63671875 0.5296875 0.04453125 0.37421875
32 0.31953125 0.48125 0.05390625 0.39921875
2 0.87109375 0.5765625 0.03984375 0.32109375
31 0.68125 0.534375 0.05078125 0.3703125
22 0.53125 0.5109375 0.05703125 0.384375
29 0.0921875 0.440625 0.09296875 0.38359375
32 0.584375 0.509375 0.05234375 0.3703125