4 0.84453125 0.60078125 0.04296875 0.3640625
4 0.8890625 0.60625 0.05 0.37265625
5 0.59921875 0.5484375 0.04296875 0.39765625
1 0.74609375 0.58515625 0.03359375 0.3828125
32 0.34296875 0.4953125 0.0453125 0.42734375
3 0.44609375 0.5203125 0.04296875 0.4015625
1 0.79921875 0.5921875 0.034375 0.37734375
0 0.6984375 0.571875 0.0453125 0.37890625
32 0.28984375 0.48828125 0.0515625 0.42734375
7 0.9453125 0.62265625 0.046875 0.371875
32 0.39296875 0.5046875 0.04609375 0.41171875
11 0.5 0.53515625 0.0453125 0.39453125
29 0.08515625 0.4515625 0.06875 0.4390625
32 0.546875 0.54296875 0.046875 0.4015625
23 0.6484375 0.55859375 0.04609375 0.39296875
28 0.15703125 0.4546875 0.0546875 0.42890625
29 0.22578125 0.47109375 0.0828125 0.42890625