6 0.75546875 0.4375 0.04375 0.50078125
4 0.8046875 0.428125 0.04375 0.509375
5 0.946875 0.3828125 0.04375 0.5109375
2 0.8921875 0.4046875 0.0453125 0.51171875
9 0.58515625 0.484375 0.04140625 0.5046875
32 0.534375 0.4921875 0.04375 0.52578125
1 0.84765625 0.4140625 0.03046875 0.51015625
32 0.340625 0.5390625 0.0453125 0.5203125
32 0.3875 0.52265625 0.04453125 0.53828125
19 0.4859375 0.51015625 0.046875 0.525
4 0.70390625 0.45234375 0.04453125 0.5078125
29 0.22890625 0.56015625 0.0671875 0.51875
32 0.29375 0.54609375 0.046875 0.51484375
1 0.4359375 0.51171875 0.03671875 0.5265625
29 0.08828125 0.571875 0.07265625 0.54453125
29 0.64296875 0.4671875 0.078125 0.478125
28 0.159375 0.5703125 0.05546875 0.50390625