9 0.8546875 0.5390625 0.05078125 0.4484375
2 0.90859375 0.54921875 0.05 0.45390625
32 0.3234375 0.47734375 0.0453125 0.475
3 0.746875 0.5296875 0.04921875 0.4546875
3 0.42578125 0.49765625 0.0484375 0.46015625
7 0.9640625 0.54453125 0.0421875 0.45859375
32 0.371875 0.4859375 0.0453125 0.48203125
7 0.59296875 0.50859375 0.04609375 0.47890625
32 0.5359375 0.50625 0.04453125 0.4859375
0 0.69375 0.525 0.0484375 0.46328125
29 0.20703125 0.46484375 0.071875 0.4734375
1 0.8046875 0.5359375 0.03828125 0.4546875
14 0.6453125 0.515625 0.05 0.47421875
12 0.4828125 0.49140625 0.05625 0.42734375
32 0.26875 0.46328125 0.05078125 0.45625
28 0.1328125 0.44140625 0.0609375 0.4484375
29 0.0625 0.421875 0.0828125 0.43828125