9 0.89609375 0.56015625 0.04296875 0.440625
0 0.84765625 0.55390625 0.04375 0.44375
2 0.61171875 0.540625 0.04140625 0.47734375
0 0.94609375 0.56484375 0.04375 0.43671875
0 0.753125 0.55078125 0.04609375 0.45390625
32 0.36328125 0.5171875 0.05 0.49453125
4 0.8015625 0.5515625 0.0453125 0.4515625
29 0.246875 0.5015625 0.07890625 0.5015625
32 0.41328125 0.5234375 0.04375 0.49140625
32 0.3140625 0.51015625 0.046875 0.49375
32 0.56328125 0.53515625 0.0453125 0.478125
29 0.1109375 0.49140625 0.0859375 0.48515625
24 0.65859375 0.54296875 0.04296875 0.4765625
3 0.46328125 0.5234375 0.04375 0.475
28 0.18046875 0.496875 0.05234375 0.496875
11 0.51171875 0.52265625 0.0421875 0.46015625
3 0.70234375 0.5375 0.0390625 0.48046875