4 0.88515625 0.49609375 0.04765625 0.55234375
8 0.78125 0.50078125 0.04453125 0.55546875
2 0.7265625 0.5015625 0.04921875 0.56796875
3 0.946875 0.49609375 0.04453125 0.5453125
0 0.83515625 0.50078125 0.04375 0.55
29 0.19140625 0.50703125 0.065625 0.5765625
6 0.55234375 0.50703125 0.04453125 0.575
5 0.6765625 0.50078125 0.0453125 0.5703125
32 0.35078125 0.509375 0.046875 0.5703125
32 0.30390625 0.50703125 0.04375 0.57265625
32 0.50234375 0.50390625 0.04765625 0.57265625
19 0.4484375 0.5046875 0.04921875 0.58359375
1 0.4015625 0.50625 0.0390625 0.575
29 0.61484375 0.5015625 0.0703125 0.5734375
29 0.06796875 0.50703125 0.06640625 0.56796875
32 0.25234375 0.5078125 0.0484375 0.55234375
28 0.1265625 0.50625 0.0453125 0.53671875