9 0.47734375 0.50390625 0.04609375 0.37578125
0 0.77578125 0.5546875 0.04375 0.33671875
3 0.8234375 0.56171875 0.040625 0.3328125
0 0.73125 0.55 0.04375 0.34609375
32 0.3703125 0.4828125 0.05234375 0.4015625
32 0.42421875 0.49140625 0.05078125 0.39765625
8 0.91171875 0.57578125 0.03984375 0.32734375
9 0.95625 0.59140625 0.0390625 0.32578125
32 0.31953125 0.48046875 0.05234375 0.40625
4 0.63125 0.52734375 0.0484375 0.3859375
2 0.86640625 0.571875 0.040625 0.3265625
28 0.17265625 0.4515625 0.05859375 0.409375
29 0.08671875 0.44375 0.0890625 0.4140625
29 0.24296875 0.46328125 0.0796875 0.4125
31 0.68125 0.5390625 0.05078125 0.371875
22 0.53125 0.5109375 0.0578125 0.390625
32 0.584375 0.51328125 0.04609375 0.3640625