26 0.2078125 0.60859375 0.04765625 0.4625
13 0.26015625 0.59296875 0.05390625 0.44609375
11 0.45390625 0.54140625 0.046875 0.43515625
2 0.66875 0.4921875 0.0515625 0.41640625
2 0.36796875 0.56953125 0.05390625 0.428125
21 0.5609375 0.5140625 0.06328125 0.434375
13 0.61953125 0.5015625 0.0515625 0.43828125
11 0.31796875 0.58359375 0.05078125 0.43828125
5 0.503125 0.521875 0.05390625 0.43359375
4 0.796875 0.4484375 0.05 0.42890625
20 0.1 0.6296875 0.04765625 0.4515625
6 0.890625 0.421875 0.05390625 0.40078125
28 0.15390625 0.62109375 0.0640625 0.46171875
1 0.41328125 0.55546875 0.03125 0.421875
2 0.84296875 0.43671875 0.0484375 0.425
5 0.7484375 0.4625 0.046875 0.43671875
1 0.70625 0.4734375 0.0328125 0.4375