11 0.45390625 0.54609375 0.0453125 0.42421875
21 0.5609375 0.51484375 0.0625 0.42578125
13 0.259375 0.59296875 0.05390625 0.43359375
2 0.36796875 0.57421875 0.05390625 0.4171875
26 0.20703125 0.6078125 0.046875 0.45390625
11 0.31796875 0.5859375 0.04921875 0.428125
13 0.6203125 0.5015625 0.0515625 0.4328125
2 0.66875 0.49453125 0.0515625 0.409375
5 0.503125 0.52265625 0.05234375 0.425
28 0.15234375 0.615625 0.06328125 0.44921875
6 0.890625 0.421875 0.053125 0.39453125
4 0.796875 0.44921875 0.04765625 0.421875
20 0.10078125 0.62890625 0.04609375 0.4421875
1 0.41484375 0.55703125 0.03125 0.41015625
2 0.84296875 0.43671875 0.04765625 0.41953125
5 0.7484375 0.46171875 0.04609375 0.42734375
1 0.70625 0.475 0.0328125 0.42890625