4 0.171875 0.39921875 0.04765625 0.4765625
24 0.60234375 0.5171875 0.05078125 0.47578125
5 0.94921875 0.6234375 0.046875 0.5046875
11 0.484375 0.4828125 0.04609375 0.48515625
11 0.28203125 0.41875 0.04765625 0.478125
9 0.77421875 0.5734375 0.0453125 0.47265625
8 0.3375 0.43671875 0.04453125 0.47578125
2 0.8875 0.61328125 0.05078125 0.5046875
4 0.42734375 0.4671875 0.0453125 0.4734375
6 0.83046875 0.5921875 0.04921875 0.48203125
9 0.11640625 0.3875 0.04453125 0.47265625
32 0.06640625 0.3765625 0.0453125 0.46640625
0 0.65703125 0.534375 0.04765625 0.46484375
23 0.22890625 0.4078125 0.04921875 0.4796875
22 0.54296875 0.50078125 0.0546875 0.465625
0 0.7171875 0.5515625 0.0546875 0.478125
1 0.38046875 0.4546875 0.02421875 0.46484375