4 0.46875 0.54140625 0.04921875 0.43203125
9 0.8375 0.43828125 0.0453125 0.41015625
0 0.64609375 0.48984375 0.0484375 0.4140625
0 0.73671875 0.465625 0.04296875 0.421875
2 0.328125 0.58359375 0.05078125 0.4296875
14 0.20859375 0.60234375 0.053125 0.440625
3 0.884375 0.421875 0.04375 0.41875
1 0.4171875 0.553125 0.0328125 0.43203125
11 0.52109375 0.528125 0.0515625 0.43046875
0 0.69296875 0.4828125 0.0421875 0.41640625
16 0.2671875 0.58984375 0.05859375 0.43359375
2 0.94140625 0.4046875 0.04765625 0.41875
30 0.065625 0.621875 0.065625 0.44921875
5 0.79140625 0.44296875 0.04375 0.42890625
29 0.134375 0.6203125 0.08359375 0.45078125
21 0.58203125 0.51015625 0.071875 0.44375
4 0.371875 0.57265625 0.04609375 0.41796875