17 0.63125 0.57578125 0.0453125 0.29765625
30 0.05234375 0.27109375 0.04609375 0.28671875
10 0.23203125 0.36953125 0.046875 0.2828125
0 0.68125 0.6078125 0.04296875 0.28515625
8 0.18359375 0.3421875 0.0390625 0.2703125
30 0.4578125 0.484375 0.04609375 0.29453125
8 0.953125 0.7609375 0.03828125 0.27421875
22 0.296875 0.39609375 0.05078125 0.29453125
22 0.57421875 0.546875 0.04765625 0.28984375
6 0.790625 0.66640625 0.04375 0.28203125
22 0.396875 0.45 0.05078125 0.29921875
1 0.84453125 0.69609375 0.0234375 0.278125
0 0.7359375 0.63515625 0.040625 0.28125
2 0.8953125 0.7390625 0.03984375 0.29453125
29 0.11796875 0.303125 0.06328125 0.284375
4 0.346875 0.4234375 0.040625 0.28203125
30 0.51015625 0.5109375 0.04921875 0.29296875