17 0.63125 0.575 0.04765625 0.3
30 0.0515625 0.2703125 0.0484375 0.2859375
0 0.68203125 0.60703125 0.04375 0.290625
30 0.4578125 0.48203125 0.04765625 0.2953125
10 0.2328125 0.36484375 0.04765625 0.29140625
8 0.95390625 0.76015625 0.0390625 0.2734375
6 0.79140625 0.6640625 0.04453125 0.2859375
22 0.396875 0.44609375 0.05 0.30625
22 0.29609375 0.39140625 0.0515625 0.29765625
8 0.184375 0.33828125 0.040625 0.271875
22 0.5734375 0.546875 0.04921875 0.290625
1 0.8453125 0.69609375 0.02421875 0.278125
29 0.1171875 0.30078125 0.06796875 0.303125
0 0.7359375 0.63671875 0.03984375 0.2875
2 0.8953125 0.7375 0.04140625 0.29609375
4 0.346875 0.42109375 0.0421875 0.28828125
30 0.51015625 0.50859375 0.05 0.29375