3 0.43984375 0.4796875 0.04375 0.459375
3 0.665625 0.55 0.04453125 0.471875
11 0.496875 0.48671875 0.05 0.47109375
4 0.72421875 0.5703125 0.05078125 0.4703125
8 0.83515625 0.59453125 0.0484375 0.46484375
6 0.77890625 0.58203125 0.04765625 0.46796875
9 0.1 0.3578125 0.05 0.48828125
8 0.3296875 0.4328125 0.04765625 0.47109375
8 0.8890625 0.60703125 0.05 0.45390625
4 0.1609375 0.378125 0.04765625 0.4796875
2 0.2734375 0.41640625 0.046875 0.47734375
24 0.61171875 0.52734375 0.05 0.47890625
32 0.04765625 0.3421875 0.05 0.50078125
1 0.3828125 0.45234375 0.03125 0.4625
21 0.55078125 0.50625 0.04921875 0.4765625
16 0.21640625 0.396875 0.05625 0.4890625
1 0.95 0.63359375 0.0390625 0.46640625