3 0.66640625 0.55 0.04609375 0.47421875
3 0.43984375 0.47421875 0.0453125 0.46796875
4 0.7234375 0.5703125 0.0515625 0.475
11 0.49609375 0.4859375 0.05 0.47265625
8 0.83515625 0.5859375 0.05 0.44921875
6 0.77890625 0.58046875 0.04921875 0.46953125
24 0.61171875 0.52734375 0.04921875 0.48046875
9 0.1 0.35625 0.04921875 0.4875
4 0.159375 0.37890625 0.04609375 0.48125
8 0.89375 0.590625 0.05078125 0.4203125
2 0.2734375 0.41640625 0.046875 0.48125
8 0.33046875 0.43828125 0.0484375 0.47734375
21 0.5515625 0.50703125 0.05 0.478125
32 0.04765625 0.34296875 0.05078125 0.50625
1 0.3828125 0.453125 0.03125 0.46796875
1 0.95078125 0.61875 0.0484375 0.46015625
16 0.21875 0.40390625 0.05703125 0.4765625