11 0.30078125 0.53515625 0.078125 0.53671875
2 0.6734375 0.50859375 0.0796875 0.50703125
13 0.2390625 0.53125 0.07890625 0.5484375
11 0.44921875 0.52109375 0.07421875 0.525
7 0.87421875 0.48515625 0.0765625 0.5015625
21 0.56328125 0.51171875 0.0875 0.51484375
1 0.4046875 0.528125 0.0625 0.52578125
13 0.625 0.509375 0.08046875 0.51328125
28 0.18359375 0.53984375 0.0875 0.55390625
2 0.35703125 0.534375 0.08125 0.5359375
5 0.503125 0.5140625 0.07890625 0.515625
28 0.121875 0.5390625 0.08671875 0.55703125
20 0.0703125 0.5421875 0.08203125 0.553125
2 0.72578125 0.496875 0.08359375 0.5078125
4 0.82734375 0.490625 0.08046875 0.50234375
9 0.775 0.50078125 0.078125 0.49765625
7 0.9296875 0.484375 0.05390625 0.4984375