2 0.68515625 0.51953125 0.04375 0.49375
9 0.509375 0.53046875 0.046875 0.49609375
10 0.6359375 0.5203125 0.05234375 0.49140625
9 0.40703125 0.5390625 0.046875 0.5109375
8 0.83046875 0.51796875 0.04375 0.49296875
3 0.734375 0.521875 0.04140625 0.496875
7 0.88046875 0.515625 0.0390625 0.496875
15 0.3078125 0.5390625 0.04375 0.52578125
21 0.08515625 0.54296875 0.06015625 0.52265625
7 0.78125 0.51640625 0.0421875 0.49765625
30 0.1515625 0.54375 0.05703125 0.5265625
21 0.5703125 0.5234375 0.0625 0.49140625
6 0.35625 0.53984375 0.0484375 0.51171875
28 0.4609375 0.53125 0.0484375 0.51328125
20 0.20390625 0.54375 0.04375 0.52109375
26 0.25390625 0.53984375 0.0484375 0.5265625
6 0.92265625 0.5140625 0.04296875 0.52578125