24 0.5765625 0.5 0.05 0.46015625
4 0.16171875 0.61875 0.040625 0.42421875
32 0.06328125 0.64375 0.0484375 0.446875
2 0.26171875 0.59140625 0.04375 0.4359375
7 0.80625 0.428125 0.04765625 0.49765625
6 0.6890625 0.46875 0.046875 0.46328125
9 0.746875 0.45703125 0.046875 0.471875
5 0.31328125 0.57265625 0.04375 0.46328125
22 0.5203125 0.51328125 0.0453125 0.46015625
6 0.86875 0.415625 0.05234375 0.48671875
9 0.11328125 0.62734375 0.04296875 0.42890625
1 0.3640625 0.5578125 0.03046875 0.43671875
11 0.46875 0.52890625 0.0484375 0.46171875
0 0.9328125 0.40234375 0.05234375 0.49453125
1 0.63671875 0.48125 0.02734375 0.46640625
12 0.2125 0.59765625 0.05078125 0.43984375
10 0.40625 0.5375 0.04453125 0.434375