24 0.5765625 0.496875 0.05 0.4609375
32 0.0640625 0.64453125 0.0453125 0.4484375
4 0.1625 0.61328125 0.03984375 0.42734375
7 0.80625 0.4265625 0.04921875 0.5015625
6 0.6890625 0.4671875 0.04765625 0.465625
6 0.86875 0.4140625 0.053125 0.48984375
2 0.26171875 0.58984375 0.04296875 0.43515625
5 0.31328125 0.5734375 0.04375 0.465625
9 0.74765625 0.4546875 0.046875 0.475
22 0.5203125 0.51171875 0.04609375 0.465625
11 0.46875 0.52734375 0.04921875 0.46015625
9 0.1140625 0.6265625 0.04140625 0.4328125
1 0.6359375 0.4765625 0.0265625 0.471875
0 0.9328125 0.39921875 0.05234375 0.496875
12 0.21328125 0.596875 0.04921875 0.43828125
1 0.3640625 0.55234375 0.02734375 0.44921875
10 0.409375 0.53359375 0.05 0.42578125