13 0.22578125 0.64609375 0.0671875 0.3578125
8 0.87890625 0.31171875 0.05546875 0.3390625
11 0.29140625 0.621875 0.06640625 0.353125
20 0.05859375 0.715625 0.06171875 0.36953125
1 0.39609375 0.56953125 0.04609375 0.34375
2 0.35 0.60078125 0.0640625 0.33671875
11 0.4484375 0.53828125 0.05859375 0.35234375
26 0.16953125 0.66953125 0.0625 0.37734375
6 0.7734375 0.365625 0.05703125 0.33203125
21 0.5640625 0.48125 0.08046875 0.346875
13 0.63203125 0.44609375 0.0625 0.346875
28 0.1078125 0.690625 0.07734375 0.3796875
4 0.71796875 0.396875 0.05859375 0.33359375
3 0.825 0.33828125 0.05078125 0.346875
1 0.67109375 0.42265625 0.04140625 0.34296875
3 0.4984375 0.5109375 0.05859375 0.34921875
1 0.93203125 0.290625 0.046875 0.328125