8 0.8796875 0.3109375 0.05390625 0.33359375
13 0.2265625 0.6484375 0.0640625 0.3515625
20 0.05625 0.7234375 0.05859375 0.3625
11 0.290625 0.62109375 0.0640625 0.34765625
11 0.44765625 0.5390625 0.05703125 0.34375
26 0.17109375 0.67265625 0.059375 0.36875
1 0.39609375 0.5703125 0.04140625 0.3375
28 0.1078125 0.7 0.07109375 0.36796875
2 0.34921875 0.60078125 0.06171875 0.33359375
13 0.6296875 0.44921875 0.0609375 0.340625
6 0.7734375 0.3640625 0.05546875 0.32890625
21 0.5640625 0.4796875 0.07421875 0.340625
3 0.825 0.3375 0.05078125 0.340625
1 0.66953125 0.42265625 0.04140625 0.33828125
1 0.93359375 0.2890625 0.04296875 0.3203125
3 0.4953125 0.51171875 0.05546875 0.33515625
4 0.71796875 0.38828125 0.05390625 0.33203125