13 0.2265625 0.646875 0.06640625 0.3546875
8 0.87890625 0.3109375 0.0546875 0.33828125
11 0.29140625 0.62109375 0.065625 0.35078125
20 0.05703125 0.71953125 0.06328125 0.3671875
11 0.4484375 0.53828125 0.0578125 0.34921875
1 0.39609375 0.56328125 0.04453125 0.33984375
26 0.1703125 0.67109375 0.0609375 0.371875
2 0.34921875 0.6015625 0.06328125 0.33359375
6 0.7734375 0.365625 0.05625 0.33125
21 0.5640625 0.48203125 0.08046875 0.34375
13 0.63203125 0.446875 0.06171875 0.33984375
28 0.1078125 0.69453125 0.0671875 0.37578125
4 0.71796875 0.396875 0.05703125 0.33125
3 0.82578125 0.3375 0.05078125 0.34453125
1 0.67109375 0.421875 0.040625 0.3390625
3 0.5015625 0.51328125 0.0578125 0.34453125
1 0.9328125 0.28984375 0.04453125 0.32421875