4 0.35859375 0.60625 0.04453125 0.42890625
6 0.959375 0.39375 0.0421875 0.4140625
6 0.74609375 0.4671875 0.0390625 0.4265625
10 0.24453125 0.65234375 0.0484375 0.42265625
30 0.0546875 0.725 0.04375 0.42890625
9 0.9078125 0.41640625 0.0421875 0.41328125
0 0.6984375 0.48203125 0.04140625 0.42890625
17 0.646875 0.5046875 0.0453125 0.43671875
22 0.3078125 0.628125 0.04765625 0.43203125
4 0.803125 0.45703125 0.046875 0.42265625
8 0.19375 0.67734375 0.03984375 0.4078125
22 0.41484375 0.5921875 0.0453125 0.4328125
9 0.52421875 0.55078125 0.0390625 0.440625
29 0.12578125 0.69296875 0.0625 0.440625
21 0.5875 0.528125 0.0546875 0.44140625
30 0.475 0.5703125 0.0453125 0.43359375
6 0.85234375 0.4234375 0.0390625 0.4234375