4 0.3578125 0.60390625 0.04375 0.4328125
6 0.959375 0.39375 0.04140625 0.4140625
6 0.74609375 0.4671875 0.03828125 0.425
30 0.05234375 0.7203125 0.04375 0.42734375
9 0.90703125 0.415625 0.0421875 0.4140625
10 0.2453125 0.6515625 0.04921875 0.42421875
4 0.80390625 0.45234375 0.04453125 0.42421875
0 0.6984375 0.4828125 0.040625 0.4265625
21 0.58359375 0.51953125 0.059375 0.43984375
17 0.646875 0.50078125 0.04453125 0.440625
22 0.4140625 0.590625 0.04453125 0.43515625
9 0.5234375 0.55 0.03984375 0.43984375
8 0.19375 0.6765625 0.03984375 0.40859375
22 0.3078125 0.628125 0.04765625 0.4328125
30 0.4734375 0.5671875 0.046875 0.4390625
29 0.121875 0.6796875 0.07265625 0.425
6 0.85546875 0.42890625 0.03671875 0.4125