9 0.77890625 0.58203125 0.04609375 0.4984375
12 0.21640625 0.421875 0.05 0.48671875
24 0.6078125 0.525 0.046875 0.49296875
6 0.96015625 0.63046875 0.046875 0.51640625
9 0.1015625 0.390625 0.04609375 0.490625
3 0.8984375 0.61875 0.04765625 0.515625
5 0.32421875 0.440625 0.04609375 0.50078125
5 0.83828125 0.59453125 0.04609375 0.51328125
4 0.1609375 0.4015625 0.04296875 0.484375
22 0.54921875 0.50859375 0.0453125 0.48828125
6 0.71953125 0.5640625 0.04921875 0.509375
1 0.66328125 0.5453125 0.02578125 0.4859375
1 0.37734375 0.45625 0.03359375 0.4921875
10 0.4328125 0.484375 0.046875 0.48515625
2 0.265625 0.43359375 0.04140625 0.49375
32 0.05 0.3796875 0.03828125 0.4953125
11 0.49140625 0.49296875 0.0484375 0.4890625