20 0.05078125 0.540625 0.05390625 0.6375
13 0.240625 0.5390625 0.06015625 0.5859375
6 0.9546875 0.503125 0.0515625 0.5296875
2 0.8 0.52578125 0.05390625 0.546875
28 0.1109375 0.540625 0.071875 0.6203125
11 0.31015625 0.53671875 0.05625 0.58046875
11 0.471875 0.52890625 0.05390625 0.55859375
2 0.36875 0.5421875 0.0609375 0.56875
13 0.64921875 0.52265625 0.053125 0.55546875
2 0.8515625 0.52265625 0.05390625 0.5390625
21 0.58671875 0.52890625 0.06796875 0.5609375
6 0.74296875 0.521875 0.05390625 0.54609375
5 0.9015625 0.509375 0.04765625 0.528125
1 0.421875 0.5375 0.0375 0.56171875
26 0.18203125 0.53671875 0.059375 0.6046875
1 0.69609375 0.51953125 0.03203125 0.559375
3 0.5234375 0.5328125 0.0484375 0.56484375