20 0.0515625 0.53984375 0.053125 0.6359375
13 0.240625 0.5390625 0.0609375 0.58828125
6 0.9546875 0.503125 0.0515625 0.528125
2 0.8 0.5265625 0.05390625 0.5484375
28 0.1109375 0.53984375 0.07265625 0.62109375
11 0.30859375 0.5421875 0.05859375 0.57890625
13 0.64921875 0.52265625 0.053125 0.55625
11 0.471875 0.52734375 0.05390625 0.5578125
2 0.8515625 0.5234375 0.0546875 0.5390625
2 0.36875 0.540625 0.06171875 0.5703125
5 0.9015625 0.503125 0.04765625 0.53125
21 0.58671875 0.528125 0.06796875 0.5609375
6 0.74296875 0.521875 0.0546875 0.54609375
1 0.421875 0.53671875 0.0375 0.56171875
26 0.18203125 0.53671875 0.059375 0.60625
1 0.6953125 0.51875 0.03203125 0.56328125
3 0.52421875 0.53203125 0.04921875 0.5640625