20 0.0515625 0.5421875 0.05390625 0.63671875
13 0.240625 0.53828125 0.06015625 0.5828125
6 0.95546875 0.509375 0.05078125 0.5328125
2 0.8 0.525 0.0546875 0.5515625
28 0.1109375 0.53984375 0.07109375 0.62265625
11 0.3046875 0.54296875 0.05625 0.58359375
11 0.471875 0.52890625 0.0546875 0.56015625
2 0.36875 0.5421875 0.0609375 0.56953125
21 0.58359375 0.5265625 0.06796875 0.559375
13 0.65 0.52265625 0.053125 0.55703125
2 0.8515625 0.521875 0.05390625 0.54453125
5 0.9015625 0.509375 0.04765625 0.53046875
6 0.74375 0.521875 0.05390625 0.54765625
1 0.421875 0.53828125 0.0375 0.56171875
26 0.18203125 0.53671875 0.059375 0.6015625
1 0.69609375 0.5203125 0.03203125 0.5609375
3 0.52109375 0.53671875 0.0484375 0.5671875