5 0.940625 0.5390625 0.04140625 0.39453125
29 0.14296875 0.4890625 0.071875 0.40078125
5 0.8390625 0.53359375 0.03828125 0.384375
32 0.37109375 0.50390625 0.040625 0.39453125
22 0.5828125 0.51875 0.04765625 0.3921875
8 0.21015625 0.49453125 0.0390625 0.39609375
1 0.74140625 0.52734375 0.02890625 0.38203125
32 0.528125 0.51640625 0.0421875 0.40859375
6 0.7921875 0.53046875 0.04140625 0.37890625
32 0.31875 0.49765625 0.04296875 0.4078125
19 0.4796875 0.509375 0.04140625 0.4015625
12 0.42578125 0.50390625 0.04609375 0.39453125
32 0.26328125 0.49453125 0.0421875 0.4109375
30 0.0703125 0.475 0.0484375 0.4171875
0 0.690625 0.528125 0.04140625 0.3828125
1 0.8890625 0.5375 0.03046875 0.38515625
16 0.6359375 0.515625 0.04375 0.3859375