5 0.940625 0.540625 0.040625 0.39609375
8 0.21015625 0.49296875 0.03828125 0.38984375
5 0.8390625 0.5328125 0.0390625 0.390625
1 0.740625 0.52734375 0.028125 0.3859375
32 0.528125 0.5140625 0.0421875 0.41015625
32 0.37109375 0.50078125 0.040625 0.39453125
29 0.14296875 0.484375 0.07421875 0.4078125
6 0.7921875 0.5296875 0.040625 0.3796875
32 0.31875 0.49375 0.04296875 0.4078125
12 0.425 0.5015625 0.04609375 0.39375
22 0.58359375 0.51640625 0.0484375 0.3921875
19 0.478125 0.5046875 0.0421875 0.4
32 0.26328125 0.49296875 0.04140625 0.4078125
30 0.06953125 0.475 0.04921875 0.4125
1 0.88828125 0.5359375 0.0296875 0.3890625
0 0.68984375 0.52890625 0.04140625 0.3828125
16 0.63828125 0.50546875 0.04453125 0.36484375