32 0.06171875 0.63359375 0.05234375 0.48515625
3 0.69375 0.4734375 0.0484375 0.48828125
1 0.36875 0.55234375 0.03984375 0.47265625
12 0.21796875 0.59453125 0.0578125 0.47578125
8 0.87578125 0.4171875 0.05078125 0.49140625
6 0.9390625 0.39921875 0.0515625 0.4984375
2 0.26953125 0.57734375 0.05234375 0.4796875
11 0.475 0.52890625 0.0484375 0.48046875
9 0.8125 0.440625 0.05390625 0.5
4 0.31953125 0.56953125 0.0484375 0.48359375
9 0.11328125 0.6171875 0.05 0.46875
11 0.42109375 0.5375 0.0515625 0.47421875
24 0.58359375 0.50234375 0.053125 0.47890625
21 0.5265625 0.51484375 0.0578125 0.48046875
4 0.16328125 0.60078125 0.04609375 0.47109375
7 0.7515625 0.4453125 0.053125 0.5078125
2 0.6421875 0.48984375 0.05 0.48359375