12 0.21875 0.59375 0.05703125 0.47578125
32 0.06171875 0.63359375 0.0515625 0.48359375
3 0.69453125 0.47265625 0.04765625 0.48828125
1 0.36875 0.5515625 0.0390625 0.47265625
8 0.87578125 0.41796875 0.05078125 0.49140625
6 0.9390625 0.39921875 0.0515625 0.49921875
2 0.26953125 0.5765625 0.0515625 0.4796875
4 0.31953125 0.56875 0.0484375 0.48359375
9 0.8125 0.440625 0.05390625 0.50078125
11 0.475 0.52734375 0.0515625 0.47578125
9 0.11328125 0.61796875 0.0484375 0.46796875
21 0.5265625 0.51484375 0.0578125 0.4796875
11 0.42109375 0.53671875 0.0515625 0.47265625
24 0.58359375 0.50234375 0.05234375 0.47734375
4 0.16328125 0.60078125 0.04609375 0.4703125
7 0.7515625 0.44453125 0.053125 0.5078125
2 0.6421875 0.4890625 0.05 0.4828125