12 0.21875 0.59375 0.05703125 0.47421875
32 0.0625 0.63359375 0.0515625 0.48125
3 0.69453125 0.47265625 0.04765625 0.48828125
8 0.87578125 0.4171875 0.0515625 0.49140625
1 0.36875 0.5515625 0.0390625 0.471875
6 0.9390625 0.39921875 0.05234375 0.5
2 0.2703125 0.5765625 0.05234375 0.47890625
4 0.3203125 0.56875 0.0484375 0.4828125
9 0.81328125 0.43515625 0.05390625 0.49609375
11 0.475 0.528125 0.0484375 0.4796875
9 0.11328125 0.6171875 0.04921875 0.46640625
21 0.5265625 0.5140625 0.05859375 0.4796875
11 0.42109375 0.5359375 0.0515625 0.47265625
24 0.58359375 0.5015625 0.05234375 0.4765625
4 0.16328125 0.6 0.04609375 0.46953125
7 0.7515625 0.44375 0.053125 0.50859375
2 0.6421875 0.48828125 0.05 0.4828125