12 0.31953125 0.48984375 0.053125 0.43671875
10 0.259375 0.48359375 0.05234375 0.43984375
8 0.93828125 0.56484375 0.0484375 0.42734375
4 0.77578125 0.55390625 0.04765625 0.43828125
17 0.62578125 0.52578125 0.0484375 0.44921875
6 0.884375 0.5640625 0.04765625 0.43046875
7 0.83125 0.5578125 0.04453125 0.4546875
30 0.065625 0.446875 0.05390625 0.4546875
0 0.67578125 0.534375 0.0453125 0.45078125
22 0.42421875 0.49921875 0.0546875 0.4453125
4 0.36953125 0.49609375 0.0453125 0.43984375
18 0.5734375 0.51484375 0.04609375 0.446875
29 0.13828125 0.45390625 0.07734375 0.45390625
1 0.72734375 0.54765625 0.03515625 0.4390625
8 0.20390625 0.475 0.0421875 0.42734375
14 0.478125 0.50078125 0.0421875 0.453125
0 0.52265625 0.51015625 0.04375 0.45