5 0.41015625 0.50078125 0.046875 0.43828125
30 0.07890625 0.44140625 0.0578125 0.4671875
4 0.871875 0.58984375 0.05078125 0.44609375
8 0.209375 0.4578125 0.0484375 0.4328125
0 0.7078125 0.55703125 0.04765625 0.42578125
9 0.81484375 0.58046875 0.05078125 0.43046875
29 0.1453125 0.45390625 0.07890625 0.45625
17 0.309375 0.47421875 0.0546875 0.44375
5 0.65546875 0.54375 0.04921875 0.44921875
1 0.759375 0.56640625 0.03359375 0.43359375
14 0.2546875 0.46875 0.04453125 0.44296875
19 0.60078125 0.53671875 0.04921875 0.45625
2 0.9234375 0.596875 0.046875 0.44921875
14 0.55 0.5203125 0.04375 0.45625
18 0.45625 0.50859375 0.0421875 0.43828125
1 0.35859375 0.4921875 0.0421875 0.440625
5 0.5 0.5140625 0.046875 0.434375