5 0.88515625 0.48984375 0.0375 0.4015625
30 0.0828125 0.52734375 0.0546875 0.4859375
29 0.16328125 0.525 0.0859375 0.4734375
8 0.7984375 0.49453125 0.04140625 0.40703125
32 0.5609375 0.509375 0.04453125 0.44140625
4 0.925 0.4875 0.0390625 0.39453125
8 0.23515625 0.53046875 0.040625 0.45
32 0.29609375 0.52109375 0.046875 0.459375
32 0.35 0.51875 0.0484375 0.46171875
22 0.65625 0.50234375 0.04453125 0.4171875
0 0.746875 0.49765625 0.03828125 0.40390625
1 0.4609375 0.51328125 0.03359375 0.4390625
7 0.84140625 0.49140625 0.03828125 0.41015625
6 0.50859375 0.51484375 0.0421875 0.4359375
9 0.70234375 0.5 0.0390625 0.409375
32 0.4078125 0.515625 0.04453125 0.44453125
15 0.61171875 0.50390625 0.0359375 0.43515625