5 0.88515625 0.4890625 0.0390625 0.40625
30 0.0828125 0.5296875 0.05546875 0.4953125
29 0.16328125 0.52578125 0.0875 0.484375
8 0.7984375 0.49375 0.0421875 0.4125
32 0.5609375 0.509375 0.04609375 0.44453125
8 0.2359375 0.53046875 0.04296875 0.4578125
4 0.925 0.4875 0.03984375 0.4
32 0.29609375 0.52109375 0.04765625 0.46640625
22 0.65546875 0.5015625 0.04609375 0.421875
32 0.35 0.51875 0.04921875 0.46796875
0 0.75078125 0.49609375 0.0421875 0.4109375
1 0.46015625 0.51328125 0.034375 0.4453125
7 0.840625 0.49140625 0.0390625 0.415625
32 0.40703125 0.51484375 0.04609375 0.44921875
6 0.50859375 0.5140625 0.04296875 0.44140625
9 0.70234375 0.5 0.040625 0.4140625
15 0.60625 0.5078125 0.03984375 0.4234375