32 0.4203125 0.52421875 0.0515625 0.5796875
32 0.3046875 0.5375 0.05234375 0.59921875
0 0.734375 0.49765625 0.03828125 0.49375
8 0.240625 0.54296875 0.0546875 0.60234375
32 0.36015625 0.5265625 0.053125 0.590625
6 0.48046875 0.525 0.05078125 0.565625
29 0.15859375 0.54609375 0.096875 0.63671875
1 0.82109375 0.48984375 0.0234375 0.496875
1 0.52578125 0.5203125 0.03125 0.55234375
4 0.94765625 0.475 0.04765625 0.4703125
0 0.865625 0.48515625 0.04140625 0.48203125
30 0.06640625 0.5609375 0.06875 0.65859375
6 0.77734375 0.48984375 0.040625 0.4953125
16 0.6875 0.49921875 0.04921875 0.51953125
32 0.57890625 0.51015625 0.05078125 0.55078125
1 0.9015625 0.478125 0.028125 0.47109375
12 0.6328125 0.5046875 0.0484375 0.53828125