30 0.0765625 0.521875 0.06015625 0.49453125
20 0.59375 0.50859375 0.0421875 0.45859375
3 0.8875 0.490625 0.04453125 0.45234375
14 0.221875 0.5203125 0.05546875 0.484375
5 0.384375 0.5140625 0.04296875 0.4671875
29 0.15 0.51953125 0.0828125 0.49296875
11 0.5390625 0.509375 0.05234375 0.46953125
1 0.4296875 0.51953125 0.03671875 0.4734375
9 0.7921875 0.50546875 0.0484375 0.4453125
0 0.73828125 0.49921875 0.0421875 0.44375
0 0.69375 0.5015625 0.04296875 0.446875
3 0.33671875 0.5234375 0.04296875 0.45390625
0 0.64453125 0.50390625 0.0484375 0.45625
1 0.83828125 0.4984375 0.0328125 0.4578125
7 0.946875 0.49453125 0.0421875 0.46484375
2 0.4875 0.5171875 0.046875 0.4640625
11 0.28046875 0.5171875 0.0546875 0.46875