9 0.7921875 0.5046875 0.05234375 0.47265625
14 0.22265625 0.52109375 0.0578125 0.51015625
29 0.14921875 0.5203125 0.0875 0.5234375
30 0.0765625 0.525 0.06484375 0.51484375
1 0.43046875 0.51640625 0.03984375 0.50625
3 0.33671875 0.5234375 0.04765625 0.4953125
11 0.53984375 0.50703125 0.05625 0.50234375
1 0.83984375 0.49921875 0.0375 0.48515625
0 0.7421875 0.50390625 0.04765625 0.47421875
3 0.8875 0.49296875 0.04921875 0.48984375
0 0.6921875 0.50546875 0.04765625 0.47890625
5 0.384375 0.515625 0.046875 0.503125
2 0.48671875 0.51875 0.05546875 0.5
20 0.59375 0.50625 0.04765625 0.49453125
0 0.64609375 0.5078125 0.053125 0.48125
7 0.94609375 0.48828125 0.0515625 0.5046875
11 0.28046875 0.52109375 0.0609375 0.50078125