12 0.30703125 0.465625 0.05703125 0.409375
12 0.61796875 0.5078125 0.06171875 0.43359375
11 0.496875 0.4859375 0.0578125 0.4234375
2 0.76640625 0.528125 0.0484375 0.41484375
2 0.86796875 0.540625 0.04921875 0.41875
0 0.7171875 0.51875 0.0515625 0.421875
3 0.815625 0.534375 0.0484375 0.42578125
14 0.20546875 0.46328125 0.0515625 0.40390625
6 0.44296875 0.4859375 0.05078125 0.4171875
30 0.08515625 0.4484375 0.0515625 0.4078125
29 0.14453125 0.45390625 0.0765625 0.409375
4 0.3546875 0.48046875 0.05 0.40703125
1 0.40078125 0.48671875 0.03515625 0.4140625
0 0.91796875 0.5421875 0.0515625 0.4125
0 0.66875 0.51328125 0.04921875 0.42265625
15 0.253125 0.4609375 0.05234375 0.41328125
19 0.55234375 0.503125 0.06484375 0.44921875