11 0.5296875 0.4921875 0.05859375 0.4328125
2 0.79453125 0.50234375 0.05 0.43046875
30 0.0890625 0.4859375 0.06796875 0.44609375
4 0.38046875 0.49609375 0.0515625 0.43359375
4 0.88515625 0.50234375 0.0515625 0.43515625
0 0.74609375 0.49609375 0.0484375 0.440625
0 0.6984375 0.49765625 0.0484375 0.42421875
1 0.42734375 0.4875 0.04453125 0.434375
7 0.4765625 0.49375 0.0515625 0.4375
7 0.9328125 0.5046875 0.05078125 0.43359375
29 0.16171875 0.48203125 0.090625 0.446875
12 0.6484375 0.49453125 0.06171875 0.434375
14 0.228125 0.4875 0.059375 0.43125
30 0.33359375 0.48984375 0.0625 0.44453125
5 0.8375 0.503125 0.0484375 0.4359375
17 0.5890625 0.48984375 0.06484375 0.4296875
15 0.2796875 0.490625 0.06015625 0.4421875