12 0.30703125 0.46640625 0.0578125 0.4109375
12 0.61796875 0.50625 0.06171875 0.4359375
11 0.496875 0.484375 0.0578125 0.42421875
2 0.76640625 0.52734375 0.04921875 0.4171875
2 0.86796875 0.540625 0.05 0.41953125
0 0.71640625 0.51796875 0.05234375 0.42421875
3 0.815625 0.534375 0.0484375 0.42734375
30 0.08515625 0.44765625 0.05234375 0.41015625
6 0.44296875 0.484375 0.05078125 0.41875
14 0.20546875 0.4625 0.0515625 0.40546875
29 0.14453125 0.453125 0.0765625 0.4109375
4 0.35546875 0.4796875 0.05 0.409375
1 0.40078125 0.48359375 0.03515625 0.4125
0 0.91796875 0.5421875 0.0515625 0.41171875
0 0.66875 0.51171875 0.04921875 0.425
15 0.253125 0.4609375 0.05390625 0.4140625
19 0.55703125 0.5015625 0.0625 0.42578125