14 0.22265625 0.5421875 0.05703125 0.44765625
0 0.6546875 0.5125 0.04921875 0.4484375
7 0.88671875 0.5046875 0.04765625 0.45
0 0.69921875 0.5109375 0.04765625 0.4453125
16 0.5953125 0.52265625 0.06328125 0.453125
4 0.38671875 0.5359375 0.05078125 0.4484375
1 0.4359375 0.52578125 0.03671875 0.44765625
29 0.15546875 0.54453125 0.08046875 0.459375
0 0.7953125 0.51328125 0.0484375 0.4390625
11 0.5359375 0.51875 0.059375 0.4484375
2 0.940625 0.5046875 0.0515625 0.45234375
2 0.8421875 0.50859375 0.04921875 0.440625
30 0.08515625 0.55 0.06328125 0.45546875
0 0.746875 0.5125 0.04765625 0.44296875
2 0.484375 0.52578125 0.05 0.4375
16 0.2796875 0.5421875 0.06484375 0.446875
28 0.33515625 0.528125 0.05546875 0.43125