30 0.07890625 0.440625 0.0609375 0.5109375
1 0.4484375 0.4859375 0.0375 0.5078125
21 0.3421875 0.46796875 0.07421875 0.5
4 0.84765625 0.53125 0.05 0.484375
0 0.7515625 0.5203125 0.05 0.490625
0 0.703125 0.509375 0.04921875 0.49609375
11 0.553125 0.49609375 0.0578125 0.50625
0 0.65703125 0.5109375 0.05 0.49296875
14 0.21875 0.45546875 0.06015625 0.50078125
8 0.94609375 0.54296875 0.05078125 0.48359375
2 0.5 0.490625 0.05625 0.50078125
5 0.89375 0.5359375 0.05078125 0.48203125
29 0.1484375 0.4453125 0.08125 0.51640625
17 0.27578125 0.4609375 0.06328125 0.5046875
5 0.40390625 0.48046875 0.053125 0.503125
6 0.80234375 0.5265625 0.04921875 0.48828125
18 0.60625 0.49375 0.05 0.46328125