8 0.3921875 0.53828125 0.04296875 0.42421875
11 0.54296875 0.50703125 0.05546875 0.42734375
0 0.70546875 0.48046875 0.04296875 0.40546875
30 0.08828125 0.58046875 0.0625 0.44296875
9 0.88671875 0.45703125 0.0390625 0.39296875
29 0.16640625 0.56640625 0.08515625 0.446875
0 0.66171875 0.4859375 0.040625 0.40859375
5 0.8421875 0.45234375 0.040625 0.4046875
0 0.7484375 0.47109375 0.04140625 0.41171875
1 0.4390625 0.5265625 0.03359375 0.425
14 0.2328125 0.5640625 0.05234375 0.4359375
3 0.9328125 0.44765625 0.0421875 0.3953125
18 0.290625 0.553125 0.05234375 0.43125
16 0.60390625 0.49375 0.06015625 0.42109375
1 0.7984375 0.46171875 0.034375 0.403125
2 0.490625 0.52265625 0.0484375 0.41484375
23 0.34296875 0.54375 0.0484375 0.43046875