8 0.36171875 0.4796875 0.04453125 0.4125
9 0.8375 0.57421875 0.04453125 0.39453125
30 0.078125 0.43671875 0.05390625 0.41171875
18 0.26484375 0.46875 0.04296875 0.40859375
3 0.946875 0.59140625 0.0484375 0.41484375
0 0.7328125 0.54453125 0.04375 0.40703125
0 0.63359375 0.52421875 0.04375 0.41171875
3 0.4625 0.5015625 0.0453125 0.41953125
13 0.5171875 0.50390625 0.05546875 0.41484375
29 0.146875 0.4375 0.07734375 0.421875
4 0.88671875 0.58203125 0.04921875 0.40390625
0 0.68515625 0.5421875 0.04453125 0.4015625
19 0.5796875 0.515625 0.05546875 0.4140625
14 0.21640625 0.46171875 0.053125 0.41015625
1 0.41171875 0.49453125 0.03359375 0.4078125
3 0.31171875 0.4796875 0.04375 0.40859375
6 0.7859375 0.54140625 0.046875 0.43046875