8 0.3921875 0.5390625 0.04375 0.43125
11 0.54296875 0.50625 0.05703125 0.43515625
30 0.0875 0.58046875 0.0640625 0.4484375
0 0.7046875 0.48046875 0.04453125 0.41328125
29 0.16640625 0.5640625 0.08671875 0.4546875
0 0.7484375 0.46640625 0.04375 0.41953125
0 0.6625 0.4859375 0.0421875 0.41640625
5 0.84140625 0.4515625 0.04140625 0.41328125
9 0.88671875 0.45625 0.040625 0.40234375
1 0.4390625 0.5265625 0.0359375 0.44609375
14 0.2328125 0.5625 0.053125 0.44296875
18 0.290625 0.55234375 0.05390625 0.4359375
3 0.9328125 0.44765625 0.04453125 0.40859375
1 0.79765625 0.4609375 0.03515625 0.4109375
16 0.60390625 0.48984375 0.06171875 0.4296875
2 0.490625 0.521875 0.04921875 0.42578125
23 0.34375 0.54453125 0.05 0.4375