8 0.4109375 0.50859375 0.04609375 0.4921875
12 0.671875 0.5078125 0.053125 0.4703125
9 0.94609375 0.525 0.04296875 0.45859375
4 0.50625 0.51015625 0.053125 0.48984375
30 0.08125 0.49609375 0.06640625 0.5265625
29 0.159375 0.49609375 0.090625 0.51875
1 0.4578125 0.51015625 0.03359375 0.49609375
5 0.89921875 0.52421875 0.0421875 0.45546875
0 0.7234375 0.509375 0.04453125 0.46875
14 0.23046875 0.5015625 0.0578125 0.50390625
0 0.765625 0.509375 0.04375 0.47734375
7 0.8109375 0.51328125 0.0390625 0.4796875
4 0.85234375 0.51484375 0.04453125 0.4703125
13 0.5640625 0.5078125 0.05625 0.4796875
19 0.29609375 0.50234375 0.06328125 0.5046875
18 0.61484375 0.5015625 0.04609375 0.475
27 0.3546875 0.5015625 0.06328125 0.48671875