30 0.07734375 0.43125 0.06015625 0.453125
1 0.43359375 0.4921875 0.0375 0.44765625
1 0.484375 0.50390625 0.0359375 0.4359375
8 0.84921875 0.5640625 0.0453125 0.421875
0 0.70703125 0.53828125 0.0453125 0.4296875
14 0.21796875 0.4515625 0.06015625 0.44453125
0 0.7546875 0.5484375 0.04375 0.42734375
8 0.384375 0.48984375 0.0453125 0.4421875
0 0.80390625 0.56015625 0.04453125 0.4203125
6 0.9484375 0.5875 0.04921875 0.43125
0 0.89765625 0.58046875 0.04609375 0.421875
14 0.5984375 0.51640625 0.05390625 0.453125
12 0.6546875 0.5265625 0.05703125 0.44140625
29 0.146875 0.43515625 0.08046875 0.4640625
27 0.3359375 0.47578125 0.0578125 0.446875
13 0.53671875 0.50546875 0.05625 0.4453125
19 0.2734375 0.46328125 0.06171875 0.45078125