30 0.0765625 0.43125 0.06328125 0.459375
1 0.484375 0.503125 0.0375 0.44375
14 0.2171875 0.4515625 0.0625 0.453125
1 0.4328125 0.49140625 0.03984375 0.453125
8 0.38515625 0.48515625 0.04765625 0.45234375
14 0.59921875 0.51484375 0.05546875 0.459375
12 0.6546875 0.525 0.0578125 0.44921875
0 0.7546875 0.546875 0.04375 0.4375
0 0.70703125 0.53359375 0.046875 0.434375
0 0.8046875 0.559375 0.04453125 0.42734375
6 0.9484375 0.5875 0.05 0.43828125
0 0.896875 0.5796875 0.046875 0.42890625
8 0.84921875 0.56171875 0.0453125 0.4328125
27 0.3359375 0.47421875 0.06015625 0.45546875
29 0.14765625 0.43671875 0.08203125 0.471875
19 0.2734375 0.4578125 0.0640625 0.45625
13 0.5359375 0.50546875 0.0578125 0.45078125