30 0.07578125 0.59375 0.0609375 0.43515625
4 0.484375 0.5171875 0.05 0.421875
14 0.2171875 0.56171875 0.06171875 0.41796875
4 0.825 0.45546875 0.046875 0.41796875
0 0.640625 0.4921875 0.046875 0.40625
8 0.384375 0.5359375 0.0453125 0.42265625
1 0.43515625 0.52734375 0.03828125 0.41875
1 0.871875 0.446875 0.03828125 0.43203125
0 0.73203125 0.4703125 0.04765625 0.41875
0 0.68359375 0.47734375 0.0484375 0.4203125
4 0.77734375 0.46484375 0.0484375 0.41484375
22 0.334375 0.5375 0.06171875 0.42734375
29 0.14609375 0.56875 0.08203125 0.43359375
13 0.5375 0.50625 0.06015625 0.425
18 0.59140625 0.49375 0.04453125 0.42421875
19 0.271875 0.5484375 0.06875 0.38984375
0 0.9140625 0.440625 0.05078125 0.409375