30 0.07578125 0.59296875 0.06015625 0.43515625
14 0.2171875 0.5625 0.06171875 0.4171875
4 0.484375 0.51796875 0.05 0.41328125
4 0.825 0.45625 0.04609375 0.4109375
1 0.87109375 0.4484375 0.0375 0.42421875
0 0.640625 0.49375 0.04609375 0.3984375
8 0.384375 0.5375 0.0453125 0.4171875
1 0.43515625 0.53125 0.03828125 0.409375
0 0.73203125 0.4703125 0.046875 0.41171875
22 0.334375 0.53828125 0.0625 0.4234375
29 0.14609375 0.56875 0.08203125 0.43125
0 0.68359375 0.48359375 0.0484375 0.40859375
4 0.77734375 0.4671875 0.04765625 0.40546875
13 0.5375 0.50625 0.05703125 0.41640625
18 0.59140625 0.49453125 0.04453125 0.41640625
19 0.27265625 0.53984375 0.0625 0.3953125
0 0.91171875 0.4375 0.04765625 0.39296875