8 0.41015625 0.51015625 0.04765625 0.50234375
12 0.671875 0.51015625 0.0546875 0.47734375
9 0.94609375 0.52421875 0.04453125 0.46640625
30 0.08046875 0.4984375 0.06953125 0.5484375
4 0.50625 0.51171875 0.053125 0.50234375
29 0.159375 0.49609375 0.0921875 0.54296875
1 0.45859375 0.5109375 0.03515625 0.50703125
0 0.7234375 0.51171875 0.04453125 0.47421875
0 0.765625 0.51171875 0.04453125 0.48359375
5 0.9 0.525 0.0421875 0.4625
14 0.2296875 0.50234375 0.05859375 0.51875
7 0.8109375 0.515625 0.0390625 0.4828125
4 0.85234375 0.5171875 0.0453125 0.47421875
19 0.2953125 0.503125 0.0640625 0.5171875
18 0.6140625 0.5015625 0.04609375 0.49609375
13 0.5640625 0.5109375 0.05703125 0.4921875
27 0.3546875 0.49765625 0.0578125 0.5015625