9 0.9328125 0.4734375 0.0453125 0.38828125
3 0.475 0.52265625 0.04375 0.38984375
0 0.68984375 0.49453125 0.04375 0.3828125
30 0.07421875 0.5640625 0.053125 0.39375
20 0.25546875 0.5421875 0.046875 0.384375
5 0.88125 0.47578125 0.04296875 0.39453125
0 0.64375 0.4984375 0.0453125 0.384375
11 0.528125 0.509375 0.05078125 0.38671875
14 0.20546875 0.5421875 0.05 0.390625
0 0.7828125 0.48984375 0.04609375 0.38984375
29 0.1390625 0.54765625 0.07890625 0.39140625
1 0.42421875 0.5234375 0.03359375 0.384375
17 0.58984375 0.50234375 0.05390625 0.3859375
0 0.73359375 0.48984375 0.04296875 0.38359375
7 0.83359375 0.48203125 0.04453125 0.39453125
4 0.378125 0.53046875 0.04453125 0.38359375
29 0.315625 0.5265625 0.08046875 0.35859375