11 0.52890625 0.49140625 0.0546875 0.4140625
3 0.8734375 0.49765625 0.04375 0.4109375
20 0.26640625 0.49453125 0.046875 0.40859375
29 0.15390625 0.4890625 0.08203125 0.42265625
1 0.434375 0.496875 0.0359375 0.4140625
5 0.82578125 0.49140625 0.04375 0.41328125
0 0.64453125 0.490625 0.0484375 0.40703125
30 0.084375 0.4890625 0.05703125 0.4234375
0 0.68828125 0.4921875 0.04609375 0.39921875
3 0.48125 0.49609375 0.04453125 0.41796875
0 0.778125 0.490625 0.04453125 0.41015625
4 0.3875 0.49375 0.04765625 0.41875
0 0.73359375 0.4921875 0.04296875 0.40703125
14 0.21953125 0.49375 0.0546875 0.41640625
4 0.9171875 0.50234375 0.04921875 0.39296875
16 0.58828125 0.49453125 0.05859375 0.4109375
29 0.3265625 0.4859375 0.0828125 0.39375