8 0.36796875 0.47265625 0.04609375 0.3890625
11 0.52421875 0.50625 0.05546875 0.38828125
3 0.865625 0.59765625 0.05234375 0.38046875
30 0.0828125 0.40625 0.059375 0.40234375
10 0.46640625 0.50234375 0.0640625 0.3859375
14 0.2125 0.43046875 0.05703125 0.38671875
7 0.815625 0.578125 0.04609375 0.39140625
1 0.71875 0.56171875 0.0390625 0.3890625
1 0.415625 0.48046875 0.0375 0.3953125
0 0.66953125 0.54921875 0.0453125 0.39140625
0 0.621875 0.53984375 0.0484375 0.39765625
29 0.15 0.41796875 0.07578125 0.40703125
7 0.7640625 0.56953125 0.04765625 0.38984375
23 0.26328125 0.4421875 0.05234375 0.37890625
4 0.91640625 0.60546875 0.0546875 0.38515625
17 0.3203125 0.45234375 0.05390625 0.3828125
18 0.57421875 0.5265625 0.04453125 0.3859375