11 0.53359375 0.49296875 0.0609375 0.41953125
10 0.4734375 0.4953125 0.0609375 0.4203125
8 0.3734375 0.490625 0.04609375 0.4203125
30 0.08359375 0.4875 0.05625 0.4078125
2 0.83515625 0.50703125 0.0453125 0.3984375
0 0.7421875 0.4984375 0.04609375 0.40625
14 0.2140625 0.4890625 0.0578125 0.4171875
0 0.65 0.49921875 0.04921875 0.41171875
16 0.59375 0.49453125 0.06328125 0.4203125
7 0.93125 0.5078125 0.046875 0.415625
29 0.15078125 0.48671875 0.084375 0.41640625
3 0.78984375 0.5 0.04765625 0.40859375
1 0.421875 0.49140625 0.04140625 0.428125
9 0.878125 0.50703125 0.0453125 0.40390625
17 0.325 0.490625 0.05859375 0.42265625
0 0.69453125 0.5 0.04609375 0.41015625
23 0.26875 0.4875 0.05546875 0.41796875