8 0.38203125 0.4765625 0.05234375 0.39140625
14 0.2109375 0.4234375 0.0609375 0.4109375
0 0.70546875 0.55703125 0.05078125 0.37890625
3 0.94609375 0.62578125 0.059375 0.38828125
10 0.5421875 0.5203125 0.0640625 0.3953125
10 0.48671875 0.50078125 0.0609375 0.40078125
0 0.75078125 0.5734375 0.05390625 0.38125
30 0.06875 0.39375 0.06796875 0.428125
1 0.4296875 0.48984375 0.0453125 0.4
9 0.84765625 0.60390625 0.053125 0.3796875
0 0.659375 0.5484375 0.05078125 0.3828125
29 0.1421875 0.4078125 0.09296875 0.42421875
16 0.328125 0.45703125 0.06953125 0.39921875
19 0.6078125 0.5328125 0.06796875 0.39765625
1 0.8921875 0.61328125 0.04296875 0.38671875
5 0.80234375 0.5828125 0.05234375 0.3796875
23 0.265625 0.43515625 0.06171875 0.4