8 0.38125 0.4765625 0.05234375 0.3921875
3 0.94609375 0.6265625 0.06171875 0.3890625
14 0.21171875 0.425 0.0609375 0.40859375
0 0.70546875 0.55703125 0.0515625 0.3828125
0 0.75078125 0.57421875 0.0546875 0.38359375
10 0.48671875 0.50078125 0.06328125 0.40234375
9 0.84765625 0.6046875 0.0546875 0.37890625
1 0.4296875 0.48984375 0.0453125 0.4015625
16 0.328125 0.4578125 0.06953125 0.39921875
30 0.06875 0.39296875 0.06875 0.42734375
0 0.659375 0.5484375 0.0515625 0.38515625
29 0.14296875 0.40859375 0.09140625 0.42265625
10 0.54296875 0.52109375 0.0640625 0.39609375
19 0.6078125 0.53359375 0.06875 0.3984375
1 0.8921875 0.61484375 0.04453125 0.3875
5 0.8015625 0.5875 0.053125 0.38125
23 0.26640625 0.4375 0.06171875 0.39921875