12 0.66015625 0.509375 0.05546875 0.45546875
30 0.078125 0.55390625 0.05390625 0.4703125
8 0.85859375 0.49375 0.04375 0.44296875
11 0.54296875 0.5234375 0.05703125 0.46796875
8 0.38828125 0.540625 0.0453125 0.45546875
14 0.21953125 0.54921875 0.0578125 0.4609375
1 0.9546875 0.47734375 0.0328125 0.46328125
6 0.90625 0.4875 0.04609375 0.44375
1 0.48828125 0.534375 0.03671875 0.4640625
0 0.80859375 0.4984375 0.0421875 0.4484375
0 0.71171875 0.5078125 0.0453125 0.45
29 0.14765625 0.546875 0.07890625 0.47109375
0 0.7609375 0.50625 0.0421875 0.44375
1 0.43828125 0.53671875 0.0359375 0.459375
14 0.60234375 0.51953125 0.0515625 0.46328125
27 0.33984375 0.53828125 0.05859375 0.47109375
19 0.2765625 0.54296875 0.0578125 0.4640625