20 0.09921875 0.6171875 0.05234375 0.43125
26 0.209375 0.58984375 0.0546875 0.44140625
21 0.5796875 0.48515625 0.071875 0.4328125
2 0.38515625 0.55859375 0.06015625 0.415625
13 0.3265625 0.5625 0.05859375 0.4359375
1 0.6921875 0.45234375 0.0328125 0.4234375
13 0.64609375 0.46484375 0.0546875 0.425
7 0.79921875 0.4203125 0.0515625 0.43828125
7 0.85625 0.403125 0.05390625 0.446875
11 0.47421875 0.5234375 0.05390625 0.42109375
28 0.15078125 0.6 0.0671875 0.4390625
9 0.7359375 0.44453125 0.053125 0.4203125
1 0.5234375 0.50703125 0.03671875 0.4265625
1 0.43125 0.5375 0.040625 0.421875
13 0.265625 0.57265625 0.059375 0.4359375
1 0.96796875 0.36171875 0.03515625 0.42421875
6 0.91328125 0.3703125 0.0609375 0.42421875