20 0.10078125 0.61484375 0.05234375 0.421875
21 0.5796875 0.48984375 0.06875 0.43203125
13 0.32578125 0.56171875 0.05859375 0.43359375
26 0.20859375 0.58671875 0.05234375 0.44140625
1 0.69140625 0.4515625 0.0328125 0.41953125
2 0.384375 0.55859375 0.06015625 0.41171875
7 0.8546875 0.40234375 0.05390625 0.44296875
13 0.64609375 0.46484375 0.0546875 0.42578125
28 0.1515625 0.5984375 0.065625 0.434375
13 0.26875 0.57578125 0.05703125 0.41953125
9 0.7359375 0.44375 0.0515625 0.4140625
11 0.484375 0.51796875 0.0515625 0.41328125
1 0.43359375 0.534375 0.0390625 0.41171875
7 0.79921875 0.4203125 0.05078125 0.4328125
1 0.52421875 0.5109375 0.034375 0.4234375
1 0.96796875 0.359375 0.0328125 0.4171875
6 0.91328125 0.36640625 0.05390625 0.41015625