3 0.79921875 0.703125 0.06015625 0.2828125
0 0.3390625 0.39921875 0.05234375 0.2640625
6 0.3859375 0.42890625 0.05703125 0.26875
8 0.90859375 0.77890625 0.0671875 0.28984375
10 0.43046875 0.45390625 0.0515625 0.27265625
2 0.853125 0.73984375 0.06796875 0.28203125
1 0.690625 0.634375 0.0515625 0.28984375
3 0.64140625 0.59765625 0.0578125 0.29140625
21 0.54765625 0.53828125 0.078125 0.29375
30 0.09296875 0.2359375 0.06015625 0.26328125
32 0.14453125 0.26875 0.0546875 0.2671875
9 0.74140625 0.67265625 0.065625 0.27890625
15 0.2875 0.35625 0.05859375 0.278125
15 0.24140625 0.3234375 0.05390625 0.25390625
2 0.48671875 0.490625 0.06171875 0.27890625
16 0.1921875 0.29609375 0.053125 0.25390625
10 0.578125 0.57578125 0.0546875 0.275