3 0.7984375 0.703125 0.0609375 0.28203125
0 0.3359375 0.39921875 0.05390625 0.25078125
8 0.90859375 0.7796875 0.06796875 0.290625
6 0.3859375 0.42890625 0.05625 0.26875
10 0.43046875 0.45390625 0.0515625 0.27578125
1 0.690625 0.634375 0.0515625 0.28828125
2 0.853125 0.7390625 0.06875 0.28125
21 0.5453125 0.53828125 0.07578125 0.29375
30 0.09296875 0.2359375 0.06171875 0.26640625
3 0.64140625 0.59765625 0.0578125 0.2921875
15 0.2875 0.35546875 0.05859375 0.28125
32 0.1453125 0.26953125 0.05546875 0.26875
15 0.24140625 0.321875 0.05390625 0.25546875
9 0.74140625 0.6734375 0.065625 0.278125
10 0.5859375 0.565625 0.0484375 0.284375
16 0.19296875 0.2953125 0.05390625 0.2546875
2 0.48671875 0.49140625 0.06171875 0.28203125