9 0.9359375 0.50078125 0.05 0.52890625
5 0.6609375 0.49765625 0.0484375 0.55
17 0.1796875 0.50546875 0.05625 0.55625
1 0.3890625 0.50859375 0.03671875 0.5671875
5 0.76796875 0.4984375 0.05078125 0.546875
9 0.82421875 0.49453125 0.05234375 0.53984375
4 0.34375 0.509375 0.053125 0.56796875
11 0.5 0.503125 0.05546875 0.54609375
8 0.87578125 0.49921875 0.04765625 0.5359375
21 0.12578125 0.51328125 0.0640625 0.56484375
12 0.4484375 0.509375 0.053125 0.559375
13 0.2359375 0.5078125 0.0515625 0.55625
4 0.715625 0.4921875 0.05078125 0.5609375
7 0.2890625 0.5046875 0.04921875 0.559375
27 0.60625 0.4984375 0.0484375 0.55
18 0.5546875 0.49921875 0.0453125 0.54375
19 0.06796875 0.49453125 0.05390625 0.5953125