0 0.7421875 0.62734375 0.04140625 0.32890625
12 0.4109375 0.46796875 0.04375 0.3390625
32 0.246875 0.3984375 0.04609375 0.34140625
0 0.6875 0.6046875 0.04453125 0.32734375
19 0.465625 0.4984375 0.04609375 0.35078125
22 0.57421875 0.5484375 0.053125 0.3515625
16 0.6359375 0.57265625 0.0484375 0.3375
3 0.9078125 0.709375 0.0421875 0.346875
32 0.5171875 0.52109375 0.04609375 0.35859375
32 0.30390625 0.4140625 0.04765625 0.35390625
1 0.8484375 0.68046875 0.0265625 0.334375
8 0.19921875 0.36953125 0.04140625 0.32890625
29 0.1359375 0.3421875 0.07421875 0.34453125
30 0.0640625 0.3171875 0.05546875 0.34921875
32 0.3546875 0.4453125 0.04609375 0.3453125
1 0.965625 0.73671875 0.02734375 0.34375
9 0.79453125 0.653125 0.0453125 0.340625