2 0.671875 0.54296875 0.05390625 0.53046875
13 0.61875 0.52578125 0.0546875 0.54140625
13 0.2171875 0.4453125 0.05390625 0.51875
4 0.3765625 0.48671875 0.05234375 0.5265625
11 0.2703125 0.459375 0.04921875 0.5234375
4 0.9 0.58671875 0.0546875 0.5515625
21 0.553125 0.51640625 0.06171875 0.53671875
20 0.05390625 0.42421875 0.04375 0.52890625
28 0.10078125 0.42265625 0.05546875 0.5421875
6 0.959375 0.59921875 0.0515625 0.5390625
7 0.84296875 0.56953125 0.05078125 0.54375
4 0.49140625 0.50390625 0.05234375 0.53984375
7 0.78515625 0.56171875 0.05 0.553125
2 0.3265625 0.4734375 0.053125 0.528125
28 0.1609375 0.4328125 0.0515625 0.5421875
11 0.4359375 0.49375 0.05 0.525
6 0.72890625 0.55078125 0.04921875 0.53671875