20 0.05 0.53671875 0.05859375 0.6640625
8 0.81484375 0.4671875 0.04765625 0.503125
21 0.6046875 0.4828125 0.0640625 0.54140625
11 0.31328125 0.51953125 0.05625 0.5953125
13 0.24453125 0.5203125 0.05703125 0.60625
2 0.371875 0.51875 0.059375 0.584375
28 0.1109375 0.53046875 0.0671875 0.64609375
4 0.43125 0.5015625 0.05546875 0.55703125
28 0.184375 0.52890625 0.065625 0.6265625
11 0.4921875 0.49765625 0.05078125 0.5546875
7 0.8640625 0.45234375 0.0484375 0.5140625
2 0.7109375 0.478125 0.05 0.52421875
1 0.95390625 0.446875 0.0328125 0.50390625
3 0.54453125 0.49375 0.04921875 0.53671875
6 0.76328125 0.46953125 0.04921875 0.509375
13 0.6625 0.475 0.04765625 0.528125
9 0.91015625 0.45390625 0.0453125 0.50234375