8 0.86015625 0.4734375 0.05234375 0.5578125
8 0.91796875 0.47265625 0.05234375 0.56640625
4 0.19296875 0.509375 0.046875 0.54375
32 0.0859375 0.5125 0.046875 0.553125
9 0.80078125 0.484375 0.04765625 0.54296875
24 0.63125 0.478125 0.053125 0.54765625
9 0.13671875 0.50625 0.04609375 0.54453125
2 0.3015625 0.50234375 0.04765625 0.55390625
2 0.68828125 0.48046875 0.04921875 0.5546875
12 0.246875 0.50078125 0.0515625 0.54609375
3 0.74453125 0.4859375 0.04609375 0.54765625
11 0.515625 0.4796875 0.0484375 0.54765625
11 0.45859375 0.48203125 0.05234375 0.54765625
1 0.409375 0.4890625 0.03515625 0.5515625
4 0.353125 0.50078125 0.0484375 0.54609375
1 0.9765625 0.47421875 0.03515625 0.57109375
21 0.56796875 0.48046875 0.05703125 0.52109375