22 0.55390625 0.51015625 0.05 0.59453125
5 0.8734375 0.46015625 0.05078125 0.6140625
4 0.18125 0.57421875 0.05078125 0.59921875
23 0.23359375 0.56015625 0.05 0.59453125
11 0.496875 0.51640625 0.0515625 0.584375
11 0.29296875 0.54921875 0.053125 0.58828125
8 0.346875 0.54765625 0.04921875 0.58515625
4 0.4375 0.525 0.05 0.5828125
24 0.6078125 0.5046875 0.0578125 0.59609375
9 0.7546875 0.48359375 0.05234375 0.59921875
7 0.8140625 0.4703125 0.05 0.62421875
9 0.12578125 0.5828125 0.046875 0.59921875
0 0.665625 0.4921875 0.05 0.590625
32 0.075 0.58828125 0.04609375 0.6125
1 0.39375 0.5328125 0.02734375 0.5828125
7 0.928125 0.45390625 0.04296875 0.6078125
1 0.71015625 0.4859375 0.0328125 0.58125