22 0.55078125 0.5078125 0.05078125 0.59296875
5 0.87265625 0.4609375 0.05078125 0.61171875
4 0.18125 0.5734375 0.05078125 0.596875
11 0.29296875 0.54921875 0.05234375 0.5875
23 0.23359375 0.56015625 0.04921875 0.59453125
4 0.43671875 0.528125 0.046875 0.58515625
8 0.346875 0.5484375 0.0484375 0.584375
24 0.6109375 0.5 0.05390625 0.5953125
9 0.7546875 0.4828125 0.0515625 0.59921875
7 0.81484375 0.4671875 0.05 0.62109375
11 0.496875 0.5171875 0.05234375 0.58359375
0 0.665625 0.4921875 0.05 0.590625
9 0.12578125 0.5828125 0.04609375 0.5953125
32 0.075 0.58828125 0.0453125 0.60546875
1 0.39375 0.53359375 0.028125 0.5828125
7 0.928125 0.453125 0.04296875 0.60703125
1 0.7078125 0.490625 0.034375 0.60234375