3 0.95234375 0.46796875 0.04375 0.503125
30 0.05859375 0.5078125 0.05546875 0.53125
6 0.84375 0.471875 0.04296875 0.50078125
29 0.1296875 0.50625 0.06875 0.52578125
0 0.6890625 0.4796875 0.04296875 0.50390625
7 0.89375 0.46328125 0.0453125 0.509375
8 0.19765625 0.49921875 0.04375 0.52109375
12 0.41328125 0.48671875 0.04921875 0.515625
1 0.79765625 0.478125 0.03125 0.490625
32 0.52265625 0.47890625 0.04453125 0.53203125
0 0.73671875 0.47265625 0.0421875 0.5015625
22 0.5765625 0.471875 0.05390625 0.51328125
32 0.30390625 0.4921875 0.04609375 0.52890625
32 0.35703125 0.4984375 0.0453125 0.5234375
32 0.24765625 0.50078125 0.0453125 0.52421875
19 0.4734375 0.47890625 0.04765625 0.5296875
16 0.63515625 0.48046875 0.04765625 0.52109375