5 0.8046875 0.49140625 0.04609375 0.62109375
32 0.05859375 0.53984375 0.04453125 0.58203125
2 0.865625 0.49375 0.05078125 0.6125
9 0.1078125 0.53359375 0.04296875 0.5625
2 0.25625 0.53125 0.04140625 0.57734375
6 0.6875 0.496875 0.046875 0.596875
9 0.7453125 0.4921875 0.04609375 0.60703125
24 0.57578125 0.5 0.05078125 0.59453125
10 0.41015625 0.5109375 0.0453125 0.58046875
4 0.16015625 0.534375 0.0421875 0.5578125
11 0.46796875 0.503125 0.0484375 0.58828125
5 0.3109375 0.521875 0.040625 0.58203125
0 0.9234375 0.49296875 0.0515625 0.6109375
22 0.51953125 0.5046875 0.04921875 0.58828125
1 0.6359375 0.490625 0.028125 0.59140625
1 0.359375 0.51640625 0.03515625 0.57109375
12 0.20703125 0.52734375 0.0484375 0.5328125