3 0.88046875 0.55 0.04375 0.4453125
16 0.271875 0.48046875 0.065625 0.48125
30 0.0734375 0.4578125 0.05859375 0.4875
11 0.51875 0.5109375 0.05625 0.47421875
14 0.2171875 0.48359375 0.0609375 0.478125
5 0.83125 0.546875 0.04765625 0.4453125
0 0.68828125 0.53515625 0.04765625 0.45546875
4 0.7796875 0.5421875 0.0484375 0.4546875
4 0.37265625 0.503125 0.05 0.471875
1 0.41796875 0.503125 0.03671875 0.47578125
3 0.3296875 0.4984375 0.05234375 0.46875
0 0.73671875 0.540625 0.04609375 0.453125
0 0.64296875 0.52890625 0.0515625 0.4578125
7 0.46796875 0.509375 0.0515625 0.48125
29 0.1453125 0.4703125 0.0828125 0.490625
21 0.5796875 0.503125 0.0703125 0.48515625
0 0.92890625 0.5578125 0.0484375 0.4359375