13 0.4453125 0.51953125 0.05 0.48984375
11 0.63046875 0.51015625 0.046875 0.48203125
9 0.83046875 0.51953125 0.0421875 0.471875
8 0.2390625 0.5171875 0.04140625 0.48828125
4 0.12421875 0.52265625 0.04765625 0.50546875
19 0.18515625 0.5203125 0.0546875 0.49921875
0 0.77890625 0.52109375 0.0421875 0.47421875
7 0.290625 0.51953125 0.04296875 0.49296875
2 0.3875 0.51796875 0.04453125 0.490625
3 0.6828125 0.521875 0.04296875 0.48046875
21 0.5640625 0.52109375 0.06015625 0.47890625
2 0.93203125 0.5265625 0.0421875 0.47890625
1 0.5015625 0.51875 0.03984375 0.48828125
1 0.7328125 0.52109375 0.0296875 0.48203125
0 0.87578125 0.515625 0.040625 0.4765625
31 0.071875 0.52578125 0.053125 0.50234375
6 0.34140625 0.51953125 0.04296875 0.49296875