8 0.2390625 0.5171875 0.04375 0.5
9 0.83046875 0.51796875 0.04453125 0.4890625
13 0.44453125 0.5140625 0.05078125 0.5015625
21 0.5625 0.52265625 0.059375 0.50078125
11 0.63046875 0.5046875 0.04921875 0.5
7 0.290625 0.51875 0.04609375 0.5046875
4 0.1234375 0.52265625 0.05 0.52265625
19 0.18515625 0.51875 0.0578125 0.51640625
0 0.77890625 0.5140625 0.04453125 0.4890625
3 0.6828125 0.51796875 0.046875 0.49765625
2 0.38671875 0.5140625 0.04609375 0.50625
0 0.8765625 0.51484375 0.04140625 0.49453125
1 0.5015625 0.51171875 0.04296875 0.5046875
2 0.93203125 0.521875 0.04609375 0.4984375
1 0.7328125 0.51484375 0.03359375 0.5
6 0.33828125 0.51484375 0.04375 0.50625
31 0.071875 0.5265625 0.053125 0.5125