3 0.90078125 0.64609375 0.0421875 0.390625
5 0.8046875 0.59921875 0.04375 0.415625
0 0.7046875 0.575 0.04140625 0.40625
30 0.07421875 0.41875 0.053125 0.4390625
29 0.1453125 0.415625 0.078125 0.45859375
9 0.95234375 0.65234375 0.0421875 0.38671875
32 0.271875 0.4546875 0.04375 0.4328125
32 0.37890625 0.48359375 0.04375 0.4375
32 0.32890625 0.471875 0.0453125 0.44296875
8 0.22109375 0.44765625 0.040625 0.41875
6 0.43359375 0.5046875 0.04609375 0.415625
2 0.8515625 0.61875 0.04140625 0.4078125
0 0.75234375 0.5875 0.04453125 0.41015625
32 0.53359375 0.51875 0.046875 0.45859375
16 0.6515625 0.5578125 0.05390625 0.42109375
16 0.59140625 0.53515625 0.0515625 0.440625
1 0.4859375 0.51484375 0.03046875 0.43203125