5 0.89921875 0.36953125 0.03984375 0.5140625
3 0.76171875 0.41640625 0.040625 0.509375
0 0.6109375 0.46875 0.04140625 0.5296875
30 0.05234375 0.6203125 0.05625 0.59296875
29 0.13984375 0.59609375 0.0921875 0.5875
5 0.5578125 0.48203125 0.04140625 0.540625
4 0.340625 0.553125 0.04375 0.56484375
4 0.80703125 0.39765625 0.0375 0.51875
9 0.85390625 0.39140625 0.0390625 0.5046875
0 0.71015625 0.4390625 0.0375 0.51015625
15 0.4421875 0.52578125 0.040625 0.55625
7 0.21953125 0.546875 0.04609375 0.59140625
24 0.27734375 0.54921875 0.053125 0.5375
3 0.3921875 0.52578125 0.04375 0.56171875
28 0.50078125 0.5046875 0.05390625 0.51953125
25 0.66015625 0.46328125 0.0453125 0.54375
1 0.9359375 0.35234375 0.028125 0.5140625