3 0.76171875 0.4109375 0.0421875 0.5140625
5 0.896875 0.371875 0.03828125 0.525
0 0.6109375 0.4609375 0.0421875 0.53671875
9 0.85390625 0.3875 0.03984375 0.50390625
5 0.5578125 0.47265625 0.04375 0.53984375
29 0.140625 0.6 0.0953125 0.59375
4 0.33984375 0.55078125 0.0453125 0.5609375
30 0.053125 0.62265625 0.0578125 0.59609375
0 0.71015625 0.434375 0.0390625 0.51640625
4 0.80703125 0.3953125 0.0390625 0.52109375
15 0.4421875 0.51796875 0.04140625 0.55
5 0.390625 0.53125 0.0421875 0.56015625
7 0.21875 0.55859375 0.046875 0.5796875
24 0.27890625 0.54921875 0.0515625 0.58515625
28 0.5015625 0.5046875 0.0578125 0.55546875
25 0.6578125 0.4484375 0.046875 0.52578125
1 0.9375 0.3765625 0.03203125 0.5140625