12 0.2171875 0.4265625 0.05546875 0.5390625
24 0.59140625 0.50859375 0.0515625 0.546875
6 0.70390625 0.54609375 0.04765625 0.546875
8 0.7609375 0.56015625 0.0484375 0.55078125
32 0.05546875 0.3765625 0.046875 0.55546875
9 0.10546875 0.3921875 0.04765625 0.5390625
9 0.878125 0.5984375 0.0515625 0.5703125
9 0.82265625 0.5796875 0.05234375 0.5640625
11 0.484375 0.4859375 0.04765625 0.54453125
5 0.31953125 0.44296875 0.0453125 0.55546875
22 0.5359375 0.49453125 0.04765625 0.55625
4 0.1625 0.403125 0.04375 0.53515625
4 0.9453125 0.62265625 0.05078125 0.57734375
2 0.2671875 0.4328125 0.04765625 0.546875
1 0.6515625 0.5421875 0.02890625 0.55390625
10 0.42578125 0.4671875 0.04765625 0.55
1 0.37421875 0.46171875 0.02890625 0.546875