24 0.590625 0.50390625 0.05078125 0.53046875
11 0.48203125 0.48125 0.05 0.53828125
9 0.87890625 0.59921875 0.04921875 0.553125
8 0.7609375 0.55859375 0.04765625 0.5375
12 0.21640625 0.42109375 0.05 0.52421875
1 0.65078125 0.53515625 0.0296875 0.53125
4 0.16171875 0.40078125 0.04375 0.5234375
2 0.26328125 0.4328125 0.040625 0.52890625
32 0.0546875 0.378125 0.04140625 0.5375
22 0.534375 0.48671875 0.04140625 0.5328125
4 0.9453125 0.6078125 0.05 0.5703125
9 0.1046875 0.38671875 0.0453125 0.52578125
9 0.82109375 0.58046875 0.04921875 0.54921875
5 0.321875 0.43984375 0.04453125 0.5296875
1 0.3734375 0.4515625 0.02578125 0.5140625
10 0.421875 0.47890625 0.053125 0.50859375
6 0.703125 0.55546875 0.05390625 0.54375