11 0.49765625 0.5203125 0.053125 0.48046875
5 0.9375 0.55859375 0.05625 0.4984375
9 0.88046875 0.56171875 0.05078125 0.48203125
16 0.25078125 0.50390625 0.06171875 0.4875
4 0.44296875 0.52109375 0.046875 0.484375
0 0.7234375 0.54765625 0.05 0.47109375
0 0.6734375 0.5390625 0.04609375 0.46328125
4 0.35234375 0.5203125 0.0453125 0.47890625
2 0.309375 0.51796875 0.04765625 0.48046875
4 0.82578125 0.55390625 0.04921875 0.48828125
1 0.3921875 0.52109375 0.03203125 0.48125
0 0.62578125 0.5359375 0.04765625 0.46796875
30 0.06875 0.49296875 0.05859375 0.48359375
14 0.19921875 0.503125 0.05078125 0.47890625
3 0.7734375 0.55234375 0.04765625 0.47578125
29 0.1359375 0.49453125 0.0765625 0.4890625
21 0.55859375 0.5296875 0.07421875 0.4765625