30 0.4671875 0.5015625 0.05 0.3125
22 0.57265625 0.57734375 0.046875 0.3015625
17 0.63125 0.603125 0.04375 0.3015625
0 0.68125 0.64453125 0.04296875 0.284375
22 0.303125 0.41953125 0.0515625 0.296875
30 0.0515625 0.2765625 0.04765625 0.29765625
6 0.7875 0.69921875 0.04453125 0.284375
8 0.1890625 0.35234375 0.04140625 0.271875
0 0.73359375 0.6734375 0.03984375 0.28046875
29 0.12109375 0.3125 0.071875 0.29921875
6 0.51640625 0.53828125 0.0421875 0.28984375
0 0.88671875 0.75859375 0.0421875 0.2875
2 0.83828125 0.7328125 0.03984375 0.27890625
22 0.40625 0.47421875 0.0484375 0.30546875
4 0.3546875 0.44609375 0.04453125 0.29296875
10 0.24296875 0.3828125 0.0515625 0.290625
7 0.946875 0.7953125 0.03828125 0.303125