17 0.46640625 0.5203125 0.04375 0.4171875
10 0.24921875 0.46953125 0.04921875 0.4140625
2 0.36015625 0.503125 0.0421875 0.41015625
8 0.2 0.45 0.0375 0.39453125
2 0.73515625 0.5890625 0.0375 0.41171875
2 0.94453125 0.6265625 0.04140625 0.41484375
0 0.7875 0.6046875 0.0421875 0.40859375
1 0.68359375 0.578125 0.034375 0.40859375
9 0.8859375 0.61640625 0.040625 0.41171875
2 0.51484375 0.53671875 0.0390625 0.40234375
8 0.83828125 0.60546875 0.04375 0.40859375
21 0.57109375 0.54921875 0.06015625 0.43203125
19 0.6328125 0.54921875 0.0390625 0.4203125
30 0.0734375 0.42578125 0.04765625 0.4
22 0.41015625 0.509375 0.04609375 0.425
16 0.31015625 0.48203125 0.04609375 0.41640625
29 0.140625 0.428125 0.06484375 0.4140625