17 0.46640625 0.52578125 0.04609375 0.40546875
10 0.2484375 0.46328125 0.04765625 0.41640625
2 0.36015625 0.50078125 0.04375 0.409375
8 0.20078125 0.45 0.03828125 0.39609375
2 0.73515625 0.5875 0.0390625 0.4125
0 0.7875 0.59296875 0.04609375 0.41484375
2 0.94375 0.62578125 0.04296875 0.415625
1 0.68359375 0.57109375 0.034375 0.4203125
9 0.88671875 0.6171875 0.0421875 0.41484375
2 0.51484375 0.53671875 0.03984375 0.40078125
30 0.06484375 0.421875 0.05078125 0.4046875
22 0.4140625 0.50859375 0.04609375 0.41640625
29 0.1390625 0.42734375 0.06953125 0.41875
16 0.31015625 0.4796875 0.04765625 0.41953125
21 0.5703125 0.5390625 0.05703125 0.440625
8 0.8375 0.60390625 0.04453125 0.40859375
19 0.6296875 0.553125 0.0515625 0.4234375