17 0.46640625 0.52109375 0.04296875 0.41484375
2 0.36015625 0.50234375 0.04140625 0.40625
10 0.253125 0.4703125 0.04765625 0.4
8 0.8375 0.60625 0.04296875 0.4015625
8 0.2 0.446875 0.03671875 0.39375
9 0.8859375 0.6171875 0.040625 0.40390625
2 0.94453125 0.62578125 0.040625 0.4078125
2 0.73515625 0.58984375 0.0375 0.40234375
1 0.684375 0.5765625 0.0296875 0.41640625
0 0.7875 0.60390625 0.04140625 0.4015625
2 0.515625 0.53828125 0.0375 0.40390625
16 0.3109375 0.48203125 0.04609375 0.4109375
22 0.4140625 0.50859375 0.04375 0.41015625
30 0.06484375 0.4203125 0.04453125 0.39765625
29 0.1359375 0.43203125 0.06328125 0.4046875
19 0.63359375 0.55078125 0.0390625 0.4203125
21 0.5703125 0.54296875 0.0546875 0.40859375