13 0.24765625 0.3765625 0.06484375 0.2875
20 0.084375 0.28125 0.059375 0.29140625
13 0.64140625 0.61015625 0.06328125 0.30390625
7 0.953125 0.79609375 0.06796875 0.30703125
2 0.359375 0.4484375 0.06171875 0.284375
7 0.8265625 0.71953125 0.0625 0.2984375
1 0.771875 0.69765625 0.0390625 0.29375
11 0.3046875 0.40859375 0.0625 0.28203125
11 0.45703125 0.503125 0.059375 0.2875
21 0.57109375 0.57578125 0.078125 0.30390625
1 0.41171875 0.48203125 0.0421875 0.28125
28 0.196875 0.34296875 0.065625 0.296875
1 0.68984375 0.6484375 0.04375 0.28984375
28 0.14296875 0.3109375 0.06640625 0.296875
9 0.8828125 0.75703125 0.06484375 0.28671875
3 0.5109375 0.53125 0.05234375 0.28828125
1 0.7296875 0.67109375 0.0421875 0.2921875