3 0.77734375 0.625 0.05 0.38671875
6 0.44453125 0.49609375 0.05078125 0.38203125
9 0.9375 0.69296875 0.053125 0.37265625
2 0.309375 0.45625 0.04921875 0.38515625
1 0.728125 0.60546875 0.03671875 0.3875
11 0.50078125 0.51640625 0.065625 0.3921875
5 0.88046875 0.66328125 0.0515625 0.38984375
0 0.67890625 0.5859375 0.0484375 0.3828125
30 0.06953125 0.36796875 0.06171875 0.3984375
1 0.396875 0.48046875 0.0328125 0.38359375
21 0.5671875 0.54296875 0.0734375 0.396875
17 0.25390625 0.43125 0.05625 0.39140625
29 0.1359375 0.3875 0.08203125 0.4046875
14 0.2 0.41484375 0.05390625 0.39140625
7 0.8265625 0.63359375 0.05078125 0.415625
0 0.62734375 0.5765625 0.0484375 0.38671875
5 0.35390625 0.4640625 0.0453125 0.38203125