3 0.77734375 0.625 0.05 0.38671875
9 0.9375 0.69375 0.053125 0.37265625
6 0.44453125 0.49609375 0.0515625 0.38203125
5 0.88046875 0.66484375 0.05234375 0.38984375
2 0.309375 0.45546875 0.04921875 0.38359375
11 0.50078125 0.51640625 0.065625 0.390625
30 0.06953125 0.36875 0.06328125 0.4015625
1 0.72734375 0.6078125 0.034375 0.38046875
0 0.678125 0.58515625 0.04921875 0.3828125
1 0.396875 0.48046875 0.03359375 0.38359375
17 0.253125 0.43125 0.0578125 0.390625
29 0.1359375 0.38828125 0.08203125 0.4046875
14 0.2 0.4140625 0.05390625 0.39140625
7 0.83125 0.64609375 0.046875 0.38671875
0 0.63203125 0.56328125 0.04921875 0.38671875
21 0.56640625 0.54453125 0.07265625 0.38828125
5 0.35390625 0.4640625 0.0453125 0.38046875