9 0.12421875 0.29609375 0.0734375 0.36328125
3 0.653125 0.57734375 0.06484375 0.396875
11 0.47421875 0.47578125 0.07578125 0.37890625
7 0.88046875 0.690625 0.078125 0.40703125
24 0.5984375 0.540625 0.06875 0.39765625
8 0.35 0.409375 0.06796875 0.37578125
16 0.234375 0.35234375 0.075 0.36796875
21 0.5328125 0.51171875 0.084375 0.3890625
0 0.815625 0.6609375 0.0671875 0.3859375
4 0.18125 0.32109375 0.07109375 0.36875
1 0.39765625 0.4359375 0.0421875 0.340625
32 0.06875 0.26328125 0.0859375 0.39140625
1 0.76484375 0.6421875 0.046875 0.38671875
6 0.94453125 0.728125 0.07265625 0.3859375
2 0.2921875 0.3890625 0.06875 0.36796875
4 0.7109375 0.6203125 0.071875 0.39453125
1 0.43046875 0.45 0.0390625 0.3296875