9 0.12421875 0.29609375 0.0734375 0.36328125
3 0.65390625 0.57734375 0.06796875 0.39609375
11 0.4734375 0.47578125 0.0765625 0.37890625
7 0.8796875 0.6921875 0.08125 0.40078125
24 0.5984375 0.54140625 0.07109375 0.39609375
0 0.81640625 0.665625 0.0703125 0.384375
16 0.234375 0.35234375 0.075 0.3671875
8 0.34921875 0.40625 0.06796875 0.37265625
21 0.53125 0.5140625 0.084375 0.38984375
4 0.18125 0.32109375 0.07109375 0.36875
1 0.39609375 0.440625 0.03515625 0.3828125
1 0.765625 0.64296875 0.04765625 0.384375
32 0.06875 0.2625 0.0859375 0.39140625
6 0.94375 0.72890625 0.0734375 0.37890625
2 0.2921875 0.3890625 0.06875 0.36640625
4 0.71171875 0.62109375 0.07421875 0.39140625
1 0.43359375 0.43984375 0.03671875 0.35