24 0.57265625 0.5328125 0.06796875 0.465625
10 0.4609375 0.4859375 0.065625 0.4453125
8 0.8734375 0.62265625 0.06015625 0.48359375
32 0.0640625 0.359375 0.0734375 0.4515625
2 0.690625 0.56796875 0.0625 0.48515625
5 0.746875 0.57890625 0.0640625 0.48671875
1 0.36015625 0.465625 0.04921875 0.4375
11 0.4109375 0.4765625 0.06484375 0.4421875
2 0.81171875 0.6015625 0.06328125 0.48671875
2 0.6328125 0.54921875 0.0625 0.4765625
9 0.1140625 0.37734375 0.05859375 0.43125
4 0.16171875 0.3890625 0.05546875 0.4375
2 0.25703125 0.43125 0.05703125 0.4375
4 0.3109375 0.440625 0.05390625 0.4421875
8 0.93828125 0.64140625 0.06171875 0.475
21 0.515625 0.51171875 0.06796875 0.45625
12 0.2109375 0.40859375 0.0671875 0.440625