10 0.4609375 0.48671875 0.0609375 0.43203125
32 0.0640625 0.35859375 0.071875 0.43828125
2 0.69140625 0.565625 0.059375 0.47421875
8 0.87421875 0.61953125 0.05703125 0.4734375
2 0.81171875 0.5984375 0.06015625 0.4765625
2 0.63359375 0.5484375 0.06015625 0.4703125
4 0.1625 0.3875 0.05234375 0.4265625
5 0.746875 0.578125 0.06171875 0.4765625
9 0.1140625 0.37421875 0.05625 0.4296875
2 0.2578125 0.43046875 0.05390625 0.43046875
24 0.5734375 0.52890625 0.06484375 0.45546875
8 0.93828125 0.6390625 0.059375 0.46640625
1 0.3609375 0.465625 0.0453125 0.43046875
12 0.2125 0.4078125 0.06328125 0.43359375
4 0.3109375 0.44609375 0.0515625 0.434375
11 0.41328125 0.46875 0.0609375 0.4421875
21 0.51796875 0.50859375 0.06640625 0.44609375