24 0.5984375 0.5140625 0.05234375 0.6171875
2 0.7171875 0.54765625 0.05 0.62578125
4 0.89296875 0.57421875 0.053125 0.6328125
8 0.328125 0.478125 0.0484375 0.58203125
6 0.77421875 0.55390625 0.04921875 0.63359375
22 0.5421875 0.5046875 0.05 0.61640625
4 0.16484375 0.44296875 0.04296875 0.59140625
11 0.48828125 0.50078125 0.05078125 0.6
11 0.26953125 0.4625 0.0515625 0.59296875
4 0.43046875 0.49609375 0.05 0.59375
9 0.10625 0.43828125 0.04609375 0.5953125
7 0.95703125 0.5734375 0.05078125 0.64296875
0 0.65703125 0.54140625 0.0484375 0.61796875
1 0.83359375 0.571875 0.03515625 0.63046875
1 0.38046875 0.48515625 0.0265625 0.58046875
32 0.05625 0.42734375 0.0453125 0.61015625
23 0.21796875 0.4515625 0.0515625 0.59296875