24 0.59921875 0.52109375 0.053125 0.62890625
11 0.4875 0.50546875 0.05078125 0.6140625
32 0.05703125 0.4328125 0.04609375 0.60703125
2 0.7171875 0.55546875 0.05234375 0.6375
4 0.89375 0.58203125 0.05390625 0.6515625
22 0.5421875 0.51015625 0.05 0.625
6 0.77421875 0.5609375 0.0515625 0.6421875
8 0.328125 0.48515625 0.05 0.59921875
4 0.43046875 0.50234375 0.05078125 0.61796875
11 0.26640625 0.471875 0.04765625 0.603125
4 0.1625 0.44921875 0.04453125 0.596875
7 0.9578125 0.5828125 0.05234375 0.65546875
9 0.10625 0.44453125 0.046875 0.59765625
1 0.38046875 0.490625 0.02890625 0.60625
0 0.6578125 0.54296875 0.04921875 0.63125
1 0.834375 0.57734375 0.0359375 0.65390625
23 0.2171875 0.465625 0.05234375 0.603125