8 0.89609375 0.68359375 0.0515625 0.34375
0 0.7390625 0.62109375 0.0484375 0.34375
11 0.51953125 0.53046875 0.06171875 0.36015625
0 0.640625 0.57890625 0.0515625 0.35703125
12 0.31484375 0.4390625 0.0609375 0.359375
4 0.36484375 0.4703125 0.053125 0.3453125
6 0.465625 0.5 0.05078125 0.353125
0 0.69140625 0.6 0.0453125 0.35234375
1 0.79453125 0.6421875 0.0359375 0.35
29 0.12890625 0.371875 0.08515625 0.37578125
9 0.8421875 0.66328125 0.04921875 0.33984375
2 0.9515625 0.715625 0.05 0.3484375
22 0.5875 0.55625 0.0625 0.371875
1 0.415625 0.48359375 0.03671875 0.35703125
14 0.2 0.396875 0.0578125 0.37109375
30 0.059375 0.34765625 0.06171875 0.37578125
15 0.25234375 0.4109375 0.05390625 0.36875