8 0.89609375 0.68046875 0.04765625 0.33125
12 0.31484375 0.43984375 0.0546875 0.34375
11 0.51953125 0.52734375 0.0578125 0.34609375
0 0.64140625 0.578125 0.04765625 0.340625
29 0.13046875 0.371875 0.084375 0.3671875
0 0.73828125 0.621875 0.04453125 0.3328125
4 0.3640625 0.46953125 0.04765625 0.33203125
1 0.79453125 0.6375 0.03359375 0.34296875
6 0.465625 0.50390625 0.04765625 0.3390625
0 0.69140625 0.603125 0.0421875 0.334375
22 0.5890625 0.55859375 0.059375 0.3515625
30 0.06015625 0.34609375 0.059375 0.36953125
2 0.9515625 0.71328125 0.04765625 0.33984375
1 0.4171875 0.49375 0.03046875 0.328125
14 0.20078125 0.3984375 0.0546875 0.35703125
15 0.25390625 0.41484375 0.05078125 0.35546875
9 0.84296875 0.6609375 0.04453125 0.33203125