8 0.89609375 0.68359375 0.05078125 0.34375
0 0.64140625 0.57890625 0.05078125 0.35703125
11 0.5203125 0.53125 0.0609375 0.36015625
0 0.7390625 0.6203125 0.04765625 0.34296875
4 0.36484375 0.471875 0.05234375 0.346875
6 0.46484375 0.503125 0.05546875 0.3421875
12 0.31484375 0.43984375 0.06015625 0.36015625
1 0.79453125 0.64140625 0.03515625 0.35078125
29 0.12890625 0.36953125 0.084375 0.37421875
0 0.69140625 0.60078125 0.04453125 0.35
9 0.8421875 0.66328125 0.0484375 0.33984375
2 0.95234375 0.715625 0.04921875 0.3484375
22 0.58828125 0.55703125 0.0609375 0.371875
1 0.41640625 0.49140625 0.03359375 0.34296875
14 0.2 0.3984375 0.05703125 0.36953125
30 0.059375 0.346875 0.0625 0.378125
15 0.25234375 0.4125 0.053125 0.36796875