4 0.82734375 0.603125 0.05078125 0.509375
9 0.884375 0.62734375 0.0515625 0.5171875
4 0.1578125 0.40859375 0.04140625 0.4828125
5 0.32109375 0.45 0.0484375 0.4984375
10 0.42421875 0.48515625 0.0484375 0.48359375
9 0.765625 0.5859375 0.04609375 0.5015625
24 0.59453125 0.528125 0.05078125 0.49296875
6 0.95 0.6359375 0.04921875 0.51953125
9 0.10078125 0.39609375 0.04609375 0.4828125
11 0.48359375 0.50234375 0.046875 0.49453125
22 0.53671875 0.51328125 0.05 0.496875
6 0.70625 0.5640625 0.046875 0.5015625
32 0.05 0.38125 0.04375 0.49453125
2 0.26328125 0.43828125 0.04453125 0.4953125
12 0.209375 0.42578125 0.04765625 0.4796875
1 0.65390625 0.55078125 0.02734375 0.49765625
1 0.36875 0.46875 0.0265625 0.49375