16 0.2578125 0.396875 0.0640625 0.41796875
5 0.80078125 0.62578125 0.04609375 0.390625
6 0.95234375 0.69765625 0.0515625 0.3953125
4 0.4609375 0.49296875 0.05078125 0.40390625
14 0.2015625 0.378125 0.05078125 0.41484375
0 0.64375 0.571875 0.0515625 0.39609375
5 0.85078125 0.64375 0.0453125 0.396875
0 0.7421875 0.615625 0.046875 0.39375
29 0.13203125 0.34609375 0.09140625 0.44921875
0 0.69453125 0.5953125 0.04453125 0.39375
4 0.36328125 0.46015625 0.04609375 0.3890625
11 0.515625 0.51640625 0.05234375 0.3921875
30 0.0625 0.33359375 0.0609375 0.44453125
6 0.9015625 0.67109375 0.0515625 0.40390625
21 0.5796875 0.53828125 0.06796875 0.4109375
1 0.4125 0.48046875 0.03046875 0.3953125
2 0.31796875 0.43515625 0.0453125 0.39609375