24 0.61953125 0.53828125 0.0515625 0.5515625
23 0.23359375 0.44453125 0.05078125 0.57421875
8 0.35234375 0.4640625 0.0484375 0.5546875
4 0.1796875 0.43125 0.053125 0.565625
11 0.503125 0.50625 0.05078125 0.55703125
0 0.79453125 0.58359375 0.0515625 0.56796875
9 0.12109375 0.42265625 0.0484375 0.565625
9 0.8515625 0.59453125 0.0515625 0.5609375
11 0.29453125 0.4546875 0.05390625 0.565625
2 0.7328125 0.56875 0.05078125 0.56640625
22 0.56171875 0.5234375 0.05546875 0.56875
0 0.67421875 0.553125 0.053125 0.5546875
1 0.40234375 0.48671875 0.03125 0.55234375
4 0.44140625 0.4875 0.04921875 0.55
1 0.94140625 0.60625 0.03125 0.56171875
1 0.90078125 0.59609375 0.025 0.55859375
32 0.06328125 0.4 0.05390625 0.55859375