4 0.446875 0.49140625 0.046875 0.5625
8 0.35234375 0.4609375 0.046875 0.55390625
23 0.2328125 0.44921875 0.05390625 0.57578125
9 0.853125 0.59140625 0.0484375 0.55859375
4 0.18046875 0.43671875 0.05 0.57578125
9 0.121875 0.4265625 0.0484375 0.57109375
0 0.67421875 0.54765625 0.05078125 0.56171875
32 0.0671875 0.41328125 0.0546875 0.5828125
11 0.50390625 0.50546875 0.053125 0.559375
2 0.73203125 0.56484375 0.05 0.5640625
22 0.56328125 0.51484375 0.04921875 0.5703125
11 0.29609375 0.45546875 0.0515625 0.56484375
1 0.40078125 0.4828125 0.02734375 0.5546875
24 0.61953125 0.5265625 0.05234375 0.56640625
1 0.93984375 0.61171875 0.03125 0.55078125
0 0.7953125 0.5796875 0.04921875 0.56328125
1 0.903125 0.590625 0.0234375 0.54140625