8 0.18515625 0.33359375 0.04453125 0.27578125
0 0.69296875 0.60078125 0.04609375 0.29375
19 0.44921875 0.465625 0.0484375 0.30390625
21 0.56796875 0.53125 0.06796875 0.3046875
3 0.80234375 0.65390625 0.0484375 0.2984375
12 0.396875 0.43671875 0.05078125 0.29140625
32 0.34375 0.4109375 0.0453125 0.29765625
29 0.12109375 0.3015625 0.071875 0.30546875
7 0.85859375 0.6765625 0.04296875 0.31015625
32 0.23203125 0.359375 0.046875 0.28828125
5 0.746875 0.628125 0.04609375 0.29765625
32 0.290625 0.378125 0.0484375 0.2875
2 0.909375 0.709375 0.05078125 0.30078125
30 0.053125 0.26640625 0.053125 0.30703125
32 0.5046875 0.5046875 0.0484375 0.3015625
16 0.6328125 0.56328125 0.053125 0.29140625
6 0.9625 0.740625 0.046875 0.2953125