11 0.303125 0.51328125 0.05390625 0.575
20 0.05078125 0.50546875 0.05 0.62734375
28 0.1765625 0.49921875 0.06171875 0.61171875
7 0.75390625 0.53515625 0.04609375 0.5578125
13 0.2359375 0.5015625 0.0578125 0.596875
28 0.10859375 0.50078125 0.06171875 0.615625
9 0.9609375 0.5515625 0.04453125 0.5203125
4 0.809375 0.53984375 0.04765625 0.55
2 0.3609375 0.52109375 0.05625 0.5671875
6 0.51796875 0.52265625 0.04921875 0.5484375
1 0.415625 0.52109375 0.034375 0.5625
0 0.7 0.53125 0.04765625 0.5453125
21 0.58046875 0.528125 0.0640625 0.5484375
5 0.91015625 0.5453125 0.046875 0.53515625
7 0.86328125 0.5390625 0.05 0.54453125
11 0.46640625 0.51796875 0.05234375 0.5578125
13 0.646875 0.5328125 0.05234375 0.54296875