5 0.3609375 0.4875 0.0421875 0.4
11 0.5140625 0.49609375 0.05390625 0.39921875
30 0.07265625 0.484375 0.053125 0.403125
14 0.20703125 0.484375 0.05234375 0.4046875
6 0.45625 0.4953125 0.04609375 0.403125
0 0.734375 0.51171875 0.0421875 0.38984375
2 0.790625 0.51953125 0.04609375 0.39296875
1 0.315625 0.48828125 0.03359375 0.409375
29 0.13828125 0.478125 0.08046875 0.40234375
0 0.640625 0.49921875 0.0421875 0.396875
3 0.8390625 0.52265625 0.0421875 0.3921875
0 0.6875 0.50625 0.0421875 0.3921875
7 0.8859375 0.521875 0.04375 0.4046875
1 0.409375 0.48671875 0.03515625 0.40859375
17 0.2625 0.48515625 0.0515625 0.4078125
6 0.94140625 0.51953125 0.04453125 0.403125
21 0.58046875 0.48828125 0.07109375 0.4203125