10 0.24375 0.4390625 0.05546875 0.334375
2 0.35703125 0.47734375 0.04296875 0.3328125
5 0.946875 0.7 0.04140625 0.3390625
29 0.12265625 0.3921875 0.075 0.34453125
17 0.4640625 0.51328125 0.046875 0.3359375
8 0.19296875 0.4171875 0.04140625 0.328125
22 0.40859375 0.49609375 0.04765625 0.3453125
30 0.515625 0.5296875 0.04921875 0.35
2 0.796875 0.65625 0.03828125 0.325
4 0.740625 0.63125 0.04140625 0.32890625
0 0.88984375 0.6890625 0.04140625 0.3328125
30 0.0546875 0.36875 0.0484375 0.34921875
7 0.84296875 0.66640625 0.03671875 0.3359375
16 0.3078125 0.453125 0.05 0.3328125
1 0.6921875 0.6078125 0.03359375 0.33046875
21 0.578125 0.55390625 0.05625 0.34453125
19 0.63828125 0.5734375 0.04375 0.36640625