17 0.4640625 0.51484375 0.04765625 0.33515625
2 0.35625 0.4796875 0.04453125 0.3375
5 0.946875 0.69921875 0.040625 0.33984375
8 0.1921875 0.4296875 0.040625 0.3203125
29 0.121875 0.40078125 0.071875 0.346875
10 0.2421875 0.44296875 0.0546875 0.3375
16 0.30703125 0.4609375 0.0515625 0.34375
30 0.51640625 0.5296875 0.046875 0.34296875
22 0.41015625 0.49609375 0.05 0.3359375
30 0.0546875 0.3734375 0.046875 0.3515625
0 0.88984375 0.690625 0.04140625 0.3421875
4 0.73984375 0.634375 0.0421875 0.3359375
2 0.79609375 0.6515625 0.040625 0.33828125
1 0.690625 0.61015625 0.03359375 0.334375
7 0.84296875 0.66875 0.03671875 0.3421875
19 0.63984375 0.571875 0.04609375 0.35390625
21 0.57734375 0.5515625 0.065625 0.35390625