4 0.81953125 0.66015625 0.06640625 0.35625
0 0.70390625 0.60859375 0.06328125 0.36171875
11 0.16328125 0.35625 0.06015625 0.33203125
7 0.88359375 0.6890625 0.059375 0.36328125
3 0.31953125 0.42734375 0.0609375 0.34140625
14 0.2671875 0.41015625 0.05703125 0.3359375
0 0.371875 0.45 0.05859375 0.346875
21 0.53828125 0.5296875 0.0671875 0.34609375
16 0.21484375 0.371875 0.05859375 0.33359375
15 0.10859375 0.33125 0.0578125 0.334375
20 0.05703125 0.31015625 0.06015625 0.33671875
1 0.7578125 0.63515625 0.04453125 0.36328125
6 0.94453125 0.715625 0.06875 0.3640625
19 0.646875 0.57890625 0.0625 0.3640625
6 0.42578125 0.475 0.06484375 0.3375
6 0.4859375 0.50703125 0.06171875 0.33515625
18 0.59296875 0.55390625 0.0578125 0.34921875