4 0.81875 0.66328125 0.06484375 0.36171875
21 0.53984375 0.53046875 0.06484375 0.35
20 0.05625 0.30703125 0.0609375 0.34140625
15 0.109375 0.328125 0.05546875 0.33984375
0 0.70390625 0.60859375 0.06171875 0.3640625
7 0.88046875 0.68671875 0.0640625 0.37421875
3 0.3203125 0.4265625 0.0578125 0.3484375
14 0.2671875 0.39921875 0.05390625 0.33984375
0 0.37265625 0.45 0.05546875 0.34296875
11 0.16328125 0.35703125 0.05625 0.3296875
6 0.42578125 0.47421875 0.0625 0.33828125
6 0.48671875 0.5046875 0.05703125 0.33828125
1 0.7578125 0.6359375 0.03984375 0.365625
6 0.94453125 0.71328125 0.07109375 0.3734375
16 0.2140625 0.37734375 0.06015625 0.340625
18 0.59453125 0.55703125 0.05546875 0.35546875
19 0.646875 0.58046875 0.06015625 0.365625