4 0.11953125 0.51640625 0.05078125 0.59609375
3 0.68125 0.49765625 0.04609375 0.5734375
4 0.87890625 0.5 0.04921875 0.56484375
11 0.62734375 0.48984375 0.05 0.5625
2 0.38359375 0.50703125 0.05078125 0.58359375
8 0.9375 0.503125 0.04453125 0.55625
8 0.234375 0.509375 0.04609375 0.57578125
19 0.1796875 0.5203125 0.0578125 0.5890625
6 0.78125 0.5015625 0.04609375 0.584375
1 0.83125 0.503125 0.0328125 0.575
6 0.49921875 0.496875 0.05 0.56640625
0 0.73046875 0.49609375 0.04375 0.5765625
21 0.5625 0.49609375 0.06171875 0.571875
6 0.33828125 0.50703125 0.046875 0.58046875
13 0.44453125 0.50234375 0.053125 0.57578125
7 0.28515625 0.5078125 0.0453125 0.5828125
31 0.06484375 0.52421875 0.059375 0.60625