4 0.11953125 0.5171875 0.05234375 0.59453125
3 0.68125 0.49609375 0.046875 0.578125
4 0.878125 0.5015625 0.05 0.57265625
11 0.62734375 0.4890625 0.05078125 0.56875
2 0.3828125 0.5078125 0.05078125 0.5875
8 0.234375 0.5109375 0.04609375 0.5765625
8 0.93671875 0.50625 0.0453125 0.5609375
1 0.83125 0.5046875 0.03359375 0.5828125
19 0.18046875 0.52109375 0.05703125 0.58828125
21 0.56328125 0.49609375 0.06328125 0.57265625
6 0.49921875 0.4984375 0.05078125 0.57265625
6 0.78125 0.50078125 0.046875 0.5859375
0 0.73203125 0.50078125 0.04296875 0.58359375
6 0.33671875 0.50859375 0.046875 0.59296875
13 0.44375 0.5046875 0.05078125 0.5859375
7 0.284375 0.5078125 0.04609375 0.58359375
31 0.06484375 0.5265625 0.05859375 0.60390625