30 0.07109375 0.6046875 0.05625 0.44921875
4 0.82890625 0.46640625 0.0484375 0.43125
8 0.3671875 0.5484375 0.046875 0.43203125
14 0.21328125 0.58046875 0.05625 0.44140625
11 0.5171875 0.5140625 0.05625 0.434375
5 0.3234375 0.55625 0.0484375 0.440625
0 0.6890625 0.4890625 0.0453125 0.4390625
6 0.46484375 0.528125 0.04921875 0.4328125
3 0.875 0.4578125 0.0453125 0.434375
0 0.78046875 0.48125 0.0453125 0.434375
1 0.73515625 0.48203125 0.034375 0.44609375
1 0.41640625 0.54609375 0.0375 0.42890625
17 0.2703125 0.56328125 0.053125 0.43984375
0 0.6421875 0.5 0.046875 0.43359375
21 0.5828125 0.503125 0.065625 0.44453125
29 0.1390625 0.5921875 0.08984375 0.4359375
2 0.925 0.45625 0.04609375 0.4375