8 0.81953125 0.4875 0.046875 0.5109375
3 0.28984375 0.53515625 0.05234375 0.52578125
10 0.6140625 0.503125 0.05078125 0.52265625
0 0.71640625 0.49296875 0.0515625 0.51796875
5 0.1796875 0.53515625 0.0484375 0.5328125
10 0.2359375 0.53359375 0.04765625 0.534375
20 0.071875 0.53984375 0.05546875 0.5375
14 0.44921875 0.52578125 0.05 0.52265625
0 0.8734375 0.4796875 0.0484375 0.51875
14 0.3984375 0.52890625 0.0515625 0.52890625
9 0.92421875 0.47734375 0.04375 0.51875
0 0.765625 0.49296875 0.0484375 0.5140625
0 0.6625 0.5 0.04765625 0.5140625
21 0.5578125 0.5125 0.0546875 0.51640625
25 0.125 0.53984375 0.05078125 0.53125
13 0.340625 0.5265625 0.04453125 0.4890625
9 0.5015625 0.515625 0.0515625 0.52890625