8 0.8203125 0.4765625 0.04296875 0.49453125
14 0.45 0.5234375 0.04453125 0.4984375
3 0.2921875 0.53515625 0.0484375 0.49140625
9 0.92421875 0.47578125 0.0421875 0.49140625
5 0.1796875 0.53203125 0.04609375 0.50078125
0 0.71640625 0.48828125 0.04609375 0.496875
14 0.3953125 0.52421875 0.04609375 0.50390625
10 0.23515625 0.52734375 0.04296875 0.503125
10 0.6140625 0.50234375 0.04375 0.50703125
0 0.66328125 0.4953125 0.04375 0.50078125
0 0.871875 0.471875 0.04375 0.48984375
25 0.121875 0.53671875 0.04609375 0.496875
0 0.7671875 0.484375 0.04375 0.4953125
21 0.5578125 0.50625 0.053125 0.50703125
20 0.06328125 0.53828125 0.0484375 0.503125
13 0.3421875 0.52890625 0.0484375 0.4953125
9 0.5 0.5046875 0.0390625 0.4984375