11 0.63828125 0.490625 0.05078125 0.525
4 0.13203125 0.4875 0.05234375 0.553125
3 0.68984375 0.5 0.04453125 0.528125
8 0.24375 0.48671875 0.04921875 0.54140625
9 0.83984375 0.5046875 0.04375 0.534375
6 0.509375 0.4875 0.04921875 0.52578125
2 0.39609375 0.49296875 0.04921875 0.53515625
6 0.94375 0.503125 0.04921875 0.534375
0 0.8875 0.503125 0.0453125 0.53046875
7 0.29375 0.4890625 0.04921875 0.5546875
5 0.79296875 0.503125 0.04765625 0.53203125
0 0.7359375 0.496875 0.0453125 0.5296875
19 0.18828125 0.4828125 0.05546875 0.55078125
21 0.5703125 0.49375 0.06796875 0.53125
13 0.453125 0.4890625 0.05546875 0.5421875
31 0.07109375 0.4671875 0.05703125 0.5578125
6 0.34375 0.4921875 0.0453125 0.54921875