11 0.6375 0.4890625 0.05078125 0.52421875
4 0.13203125 0.48515625 0.0515625 0.5546875
8 0.24375 0.4859375 0.04921875 0.540625
3 0.68984375 0.49921875 0.04375 0.52890625
6 0.50859375 0.48671875 0.05 0.52578125
2 0.39609375 0.490625 0.05 0.5359375
6 0.93984375 0.503125 0.04921875 0.5359375
9 0.83984375 0.5046875 0.04375 0.53515625
7 0.29375 0.48671875 0.04921875 0.5546875
0 0.88671875 0.5015625 0.046875 0.5375
0 0.7359375 0.496875 0.0453125 0.53046875
21 0.56875 0.49765625 0.07109375 0.540625
5 0.79296875 0.50234375 0.0484375 0.5328125
13 0.453125 0.48671875 0.0546875 0.5421875
19 0.1875 0.48203125 0.05703125 0.55078125
31 0.0703125 0.48046875 0.06484375 0.5578125
6 0.34296875 0.490625 0.04609375 0.55