11 0.63359375 0.4890625 0.05078125 0.525
4 0.13203125 0.48671875 0.05078125 0.553125
8 0.24375 0.4859375 0.04921875 0.54140625
3 0.690625 0.49921875 0.04453125 0.528125
9 0.83984375 0.50546875 0.04375 0.534375
6 0.50859375 0.4875 0.04921875 0.5265625
6 0.940625 0.503125 0.04921875 0.534375
2 0.39609375 0.4921875 0.05 0.5359375
5 0.79296875 0.503125 0.04765625 0.53203125
0 0.8875 0.50390625 0.0453125 0.53046875
19 0.1875 0.48828125 0.05546875 0.54921875
7 0.29375 0.48828125 0.04921875 0.55546875
21 0.5703125 0.48828125 0.06796875 0.54140625
0 0.7359375 0.496875 0.0453125 0.52890625
13 0.453125 0.48828125 0.0546875 0.54296875
31 0.0703125 0.48203125 0.06640625 0.5578125
6 0.34375 0.49140625 0.0453125 0.55