14 0.21953125 0.50625 0.05703125 0.45625
30 0.0765625 0.4890625 0.05703125 0.475
11 0.5328125 0.534375 0.053125 0.45
4 0.48046875 0.53203125 0.05234375 0.45390625
9 0.8453125 0.5828125 0.04296875 0.4125
5 0.8 0.565625 0.04140625 0.42734375
2 0.334375 0.52421875 0.05 0.4328125
2 0.8953125 0.590625 0.04609375 0.41484375
0 0.75078125 0.56640625 0.0453125 0.409375
29 0.14375 0.490625 0.08671875 0.46875
0 0.703125 0.55859375 0.04296875 0.415625
0 0.93984375 0.5953125 0.04453125 0.40546875
0 0.65703125 0.55 0.04453125 0.428125
16 0.27578125 0.5078125 0.06328125 0.45078125
4 0.37890625 0.528125 0.0453125 0.44609375
21 0.59453125 0.53984375 0.0765625 0.45546875
1 0.42578125 0.52265625 0.03671875 0.4484375