30 0.0765625 0.4875 0.05625 0.45390625
5 0.8 0.5671875 0.040625 0.41484375
14 0.21953125 0.5078125 0.05546875 0.4421875
4 0.48046875 0.53359375 0.05 0.44375
11 0.53203125 0.53515625 0.0515625 0.44375
2 0.334375 0.52421875 0.0484375 0.425
9 0.8453125 0.5828125 0.04140625 0.39921875
2 0.89609375 0.590625 0.04453125 0.39921875
29 0.14375 0.48359375 0.08671875 0.4421875
0 0.93828125 0.596875 0.04375 0.38515625
16 0.27578125 0.5078125 0.06328125 0.440625
0 0.75078125 0.56640625 0.04296875 0.40625
0 0.65625 0.55 0.04453125 0.42265625
0 0.703125 0.5578125 0.0421875 0.4078125
21 0.59453125 0.53828125 0.075 0.45234375
4 0.37890625 0.528125 0.04296875 0.4375
1 0.425 0.5234375 0.03515625 0.4453125