14 0.21796875 0.50625 0.05859375 0.45703125
30 0.0734375 0.490625 0.0578125 0.475
4 0.48046875 0.53125 0.0515625 0.45
11 0.53203125 0.534375 0.05390625 0.45078125
5 0.8 0.56640625 0.0421875 0.428125
2 0.33515625 0.525 0.05078125 0.434375
9 0.8453125 0.5828125 0.04296875 0.41171875
2 0.8953125 0.590625 0.046875 0.41484375
0 0.703125 0.5578125 0.04296875 0.4171875
0 0.75078125 0.565625 0.0453125 0.41796875
29 0.14296875 0.48671875 0.0875 0.459375
4 0.3796875 0.52890625 0.04609375 0.44609375
16 0.27578125 0.5078125 0.0640625 0.4515625
0 0.94296875 0.58671875 0.0453125 0.40546875
0 0.653125 0.55234375 0.046875 0.428125
21 0.5921875 0.525 0.0671875 0.47890625
1 0.425 0.52421875 0.03671875 0.44765625