9 0.89140625 0.5375 0.0578125 0.53125
20 0.04765625 0.48515625 0.0484375 0.5265625
6 0.95546875 0.5375 0.0578125 0.53984375
8 0.72109375 0.52421875 0.0578125 0.5296875
11 0.42734375 0.50625 0.05390625 0.5296875
21 0.546875 0.5140625 0.071875 0.540625
9 0.78515625 0.53515625 0.0578125 0.53671875
28 0.09609375 0.4890625 0.0625 0.528125
1 0.6671875 0.51875 0.03203125 0.53515625
1 0.83828125 0.5375 0.0375 0.53359375
11 0.27109375 0.5046875 0.05234375 0.50625
13 0.2109375 0.49453125 0.0578125 0.51796875
13 0.6203125 0.5109375 0.0609375 0.54375
2 0.33046875 0.509375 0.05859375 0.52421875
1 0.37734375 0.51015625 0.03515625 0.52421875
26 0.15546875 0.48984375 0.0484375 0.521875
3 0.48359375 0.51328125 0.04609375 0.54140625