9 0.89140625 0.5375 0.05703125 0.53046875
20 0.0484375 0.48515625 0.0484375 0.52578125
6 0.95546875 0.53671875 0.05703125 0.53984375
28 0.09609375 0.48359375 0.0609375 0.53359375
11 0.42734375 0.50546875 0.053125 0.52890625
8 0.721875 0.52421875 0.0578125 0.5296875
21 0.546875 0.5140625 0.07109375 0.540625
9 0.78515625 0.53515625 0.05703125 0.5375
1 0.83828125 0.5375 0.03671875 0.534375
1 0.6671875 0.51875 0.03125 0.534375
13 0.6203125 0.5109375 0.06015625 0.54375
11 0.27109375 0.50390625 0.0515625 0.5078125
2 0.33046875 0.50859375 0.05859375 0.525
13 0.21015625 0.49453125 0.0578125 0.52109375
1 0.37734375 0.50859375 0.034375 0.525
26 0.1546875 0.48984375 0.046875 0.5234375
3 0.48359375 0.5125 0.046875 0.54140625