24 0.59609375 0.54140625 0.05078125 0.6
11 0.4890625 0.52890625 0.0484375 0.590625
11 0.29375 0.53203125 0.05 0.596875
4 0.184375 0.54453125 0.04765625 0.5953125
22 0.54453125 0.5328125 0.05078125 0.59765625
32 0.078125 0.540625 0.04453125 0.60625
8 0.815625 0.54375 0.046875 0.58515625
8 0.34609375 0.53203125 0.04453125 0.5890625
4 0.43359375 0.53046875 0.04921875 0.590625
9 0.128125 0.54375 0.046875 0.6015625
23 0.23515625 0.5375 0.04609375 0.59609375
3 0.871875 0.54921875 0.04453125 0.57421875
2 0.703125 0.5515625 0.0484375 0.5890625
7 0.7578125 0.54453125 0.046875 0.6015625
0 0.65078125 0.5484375 0.05078125 0.59296875
1 0.38828125 0.5359375 0.02421875 0.5828125
1 0.91796875 0.54765625 0.0328125 0.57265625