24 0.5953125 0.5421875 0.0515625 0.6015625
11 0.4890625 0.52890625 0.04921875 0.590625
11 0.29375 0.53203125 0.05 0.59765625
4 0.184375 0.5453125 0.04765625 0.5953125
8 0.815625 0.5421875 0.046875 0.58359375
22 0.5421875 0.53046875 0.04921875 0.5984375
8 0.3453125 0.53203125 0.04453125 0.590625
32 0.078125 0.54140625 0.04375 0.60390625
23 0.23515625 0.53828125 0.0453125 0.59609375
4 0.43359375 0.5296875 0.04921875 0.5921875
2 0.703125 0.5515625 0.0484375 0.58828125
9 0.128125 0.54453125 0.04609375 0.6015625
7 0.75703125 0.540625 0.04765625 0.5953125
0 0.65078125 0.5484375 0.05078125 0.59375
1 0.3875 0.53515625 0.025 0.58359375
3 0.87109375 0.5484375 0.0453125 0.57265625
1 0.90703125 0.53671875 0.02734375 0.58203125