4 0.47421875 0.4921875 0.0484375 0.425
11 0.52421875 0.49453125 0.05234375 0.4390625
3 0.88671875 0.46328125 0.04296875 0.39609375
9 0.8359375 0.47109375 0.0453125 0.38671875
14 0.22109375 0.50390625 0.05390625 0.4328125
30 0.08125 0.5109375 0.0546875 0.43671875
0 0.64921875 0.48203125 0.05078125 0.4078125
4 0.3796875 0.49921875 0.046875 0.42421875
5 0.79140625 0.4640625 0.04453125 0.40234375
0 0.7390625 0.47421875 0.04140625 0.40390625
2 0.33671875 0.50625 0.05 0.4140625
29 0.146875 0.50546875 0.0890625 0.43984375
2 0.9359375 0.46171875 0.046875 0.40390625
0 0.69609375 0.47890625 0.04453125 0.40078125
21 0.58828125 0.47734375 0.07265625 0.4203125
1 0.42421875 0.4921875 0.03515625 0.41796875
16 0.27578125 0.4953125 0.0625 0.43515625