0 0.65078125 0.571875 0.0484375 0.36484375
8 0.36953125 0.475 0.04375 0.36640625
6 0.93515625 0.6671875 0.0484375 0.36328125
21 0.58828125 0.5453125 0.07109375 0.37109375
30 0.065625 0.3609375 0.05859375 0.39609375
2 0.84140625 0.65 0.04609375 0.34921875
0 0.74609375 0.60703125 0.04609375 0.35546875
14 0.20234375 0.40859375 0.05390625 0.3890625
4 0.790625 0.62265625 0.0515625 0.35703125
0 0.69765625 0.590625 0.04453125 0.35390625
29 0.1359375 0.3796875 0.08125 0.39609375
9 0.8875 0.66484375 0.04453125 0.35859375
1 0.41796875 0.49140625 0.028125 0.36328125
11 0.465625 0.49765625 0.05390625 0.371875
17 0.3125 0.44921875 0.0515625 0.37890625
24 0.2578125 0.4328125 0.0578125 0.38203125
17 0.52265625 0.52890625 0.0546875 0.390625