8 0.36953125 0.47578125 0.04296875 0.3609375
6 0.9359375 0.678125 0.04921875 0.35546875
0 0.65 0.571875 0.0484375 0.36015625
21 0.590625 0.54765625 0.06640625 0.3734375
0 0.74609375 0.6078125 0.04609375 0.34921875
2 0.84140625 0.65 0.04453125 0.3484375
9 0.8875 0.6640625 0.04453125 0.35390625
4 0.7921875 0.6296875 0.0484375 0.346875
0 0.696875 0.59140625 0.04375 0.35078125
14 0.20390625 0.4109375 0.053125 0.38984375
29 0.1359375 0.37890625 0.0828125 0.396875
30 0.065625 0.359375 0.05625 0.39453125
1 0.41796875 0.490625 0.02734375 0.359375
11 0.46640625 0.4921875 0.05546875 0.38203125
24 0.259375 0.434375 0.05546875 0.38046875
17 0.315625 0.44375 0.04921875 0.37890625
17 0.52265625 0.52109375 0.05390625 0.36640625