10 0.3453125 0.5671875 0.05703125 0.39453125
11 0.39765625 0.55234375 0.0515625 0.390625
8 0.93203125 0.4265625 0.05234375 0.39765625
0 0.82890625 0.459375 0.0484375 0.39453125
7 0.2921875 0.57421875 0.05546875 0.40546875
30 0.1546875 0.6015625 0.05546875 0.403125
0 0.68359375 0.48671875 0.05078125 0.4
9 0.87578125 0.44296875 0.0484375 0.39765625
21 0.0890625 0.61171875 0.0734375 0.40859375
30 0.51015625 0.52421875 0.05703125 0.4125
1 0.73125 0.47421875 0.03671875 0.39921875
18 0.24609375 0.58515625 0.046875 0.4015625
0 0.7796875 0.46953125 0.05 0.39375
16 0.4546875 0.54140625 0.065625 0.41171875
1 0.20078125 0.5859375 0.040625 0.409375
21 0.56796875 0.50703125 0.065625 0.41328125
19 0.63203125 0.4796875 0.0546875 0.40234375