9 0.8359375 0.603125 0.046875 0.36953125
11 0.52578125 0.5265625 0.05390625 0.40390625
0 0.64296875 0.553125 0.04921875 0.3859375
14 0.209375 0.4453125 0.05625 0.434375
4 0.4703125 0.51953125 0.05078125 0.40390625
2 0.3265625 0.49296875 0.0515625 0.396875
0 0.73984375 0.578125 0.0453125 0.36796875
16 0.26875 0.4546875 0.06484375 0.421875
8 0.9421875 0.62265625 0.05546875 0.38203125
0 0.69140625 0.565625 0.0453125 0.37578125
22 0.584375 0.53125 0.06796875 0.43046875
1 0.41953125 0.49921875 0.03203125 0.3953125
4 0.37265625 0.496875 0.04921875 0.40546875
30 0.065625 0.41015625 0.06015625 0.4421875
6 0.7890625 0.58828125 0.0515625 0.37421875
4 0.88671875 0.615625 0.04921875 0.37421875
29 0.1390625 0.43125 0.0859375 0.43359375